100.00000 100.00000 100.00000
33.12864 75.18653 88.65061
68.97438 81.77530 3.96170
83.55184 75.43275 28.61842
61.17804 72.92861 54.07483
43.50454 49.60522 27.23058
40.86897 89.24923 77.94872
84.25534 98.85536 39.60356
70.10928 74.88240 39.91208
96.40103 78.82195 16.99473
86.74269 74.57173 18.01233
87.37746 73.51952 25.22109
76.76307 81.34425 44.73222
86.54386 68.73698 44.38558
92.88185 71.49903 22.57512
46.96897 81.91688 72.01008
95.63382 95.48735 5.44307
8.73008 24.00624 32.09791
79.54829 89.25009 40.36082
34.59128 1.64004 21.46328
93.14767 85.84171 45.13728
4.99760 70.12294 85.55007
95.40323 93.80274 71.60664
74.58494 77.71282 9.37118
69.96519 62.04140 59.64834
89.21029 94.83841 40.61931
69.45698 66.94923 11.96883
81.23348 82.52434 33.19018
67.66646 89.09714 85.14762
87.74224 80.14488 7.21083
96.89934 59.60843 66.37599
28.93768 9.87916 41.95248
67.41048 73.70509 46.07349
75.68552 96.01779 37.81070
95.37426 69.38580 12.56267
87.93187 56.85974 57.09298
54.75022 50.59043 97.16990
74.61965 75.24276 15.69561
82.57677 96.88235 18.19963
94.25652 60.09429 99.69615
70.69861 21.74249 91.95839
35.51663 91.34676 84.95441
92.06589 97.24892 49.37184
73.73532 23.87153 84.21404
96.70324 69.58346 17.32804
89.37582 84.83780 14.81195
83.49042 10.22004 94.85136
84.66354 91.71460 16.87126
51.99538 83.73861 61.03974
90.57656 78.69361 16.62893
35.99287 47.78976 46.46455
19.92410 76.58164 71.37650
79.42792 90.54568 59.82143
86.26236 24.05906 95.48551
81.87471 95.96389 24.93915
18.65545 46.78895 38.74261
72.67719 66.75905 11.45220
67.54894 78.56123 21.09323
72.53061 76.47874 27.69657
96.31337 67.81906 27.78397
91.15835 91.87221 39.16799
75.16183 76.41363 32.13134
14.11306 80.95207 70.86188
76.22445 89.62365 42.44478
26.02100 30.81773 1.34872
96.13166 8.58106 97.18423
92.09435 78.29147 23.15055
87.25452 83.62146 26.18507
92.16100 65.40161 87.72700
27.75408 91.19168 99.56083
44.69564 43.54287 31.01277
97.62205 67.11448 42.82291
75.09818 93.61556 41.99422
29.62855 31.02937 3.30172
93.75212 84.70279 11.65735
92.27112 67.55593 43.43085
94.41361 94.52547 46.80293
76.20571 92.98363 39.03522
95.07989 76.78973 45.91502
55.02787 80.18303 99.09215
73.56437 82.21786 40.75276
97.34596 69.81200 49.53001
66.30640 64.62662 50.08890
81.25657 75.60691 36.03353
71.06511 87.89944 32.15342
95.30453 86.37009 35.72955
91.41578 19.79670 67.43235
99.81861 60.88223 94.44681
71.69969 95.07334 34.07340
99.89734 85.21310 41.70845
71.98910 43.29499 94.31840
32.52907 83.89344 98.36045
84.64045 88.16855 30.62794
2.46714 11.39748 25.99057
62.45764 95.73111 83.38705
88.31898 70.19302 78.36922
68.84824 99.08262 36.76574
79.61959 97.19801 9.53919
99.34939 88.41451 31.44625
33.50283 31.39966 42.08420
85.36085 86.06102 1.58851
22.93728 73.53972 74.56497
4.55364 17.05499 35.12043
8.22033 31.74009 1.08277
86.79948 89.85610 41.06865
82.46287 81.93337 35.80862
84.18309 81.51564 18.92508
98.75967 90.19862 67.20624
86.05860 94.87100 23.42501
80.68228 80.17409 27.12736
87.54997 72.28210 28.59712
92.76138 87.18440 14.44300
88.98555 31.10073 76.27019
1.43254 78.32841 68.36121
72.83348 73.67967 13.84927
84.36601 71.04325 8.90234
96.94846 47.20784 90.49829
74.32169 93.08342 24.78528
39.01873 97.42877 70.19363
12.62148 46.72101 1.88843
68.32389 68.69790 30.59369
98.24848 87.70683 44.42168
86.55716 81.13936 9.71017
62.39488 83.93737 87.79346
77.23005 99.15714 31.69214
95.82377 95.93180 37.74584
97.45794 75.91522 42.75550
67.14055 94.72154 6.27629
97.23665 72.24532 41.03970
89.00653 4.30477 90.94211
69.13629 89.45541 33.77268
85.93235 74.34795 44.99441
69.07864 86.61651 2.80790
69.93955 63.00200 55.28681
82.74835 66.83652 2.64178
66.04996 84.40625 83.29124
3.98370 6.71015 7.92203
88.45264 90.54589 4.01955
80.03670 39.03632 67.86994
78.32982 89.92693 35.55977
88.13700 97.42986 26.30299
48.61988 89.97707 91.70884
3.08099 46.44638 46.24401
91.81257 77.93336 47.81307
91.33793 67.77903 4.98559
79.70120 86.28886 37.56300
83.39869 40.86238 83.38666
87.21866 88.23341 3.32463
75.79431 80.48872 6.73528
92.91101 88.03602 10.55858
96.80583 97.81397 18.78475
94.86786 88.67135 45.76121
83.31220 93.43708 16.09796
87.50567 73.67550 46.37003
74.03778 97.42247 32.00682
95.42537 92.04056 16.81792
47.96835 49.73125 26.89751
72.20810 89.96386 34.68729
53.89754 70.47787 98.60154
5.64319 14.02995 25.48863
43.98887 68.92418 82.69899
21.16446 28.42163 6.97593
39.34428 14.83986 17.81639
66.75468 4.09272 80.99361
96.85899 75.56268 3.04885
31.60928 90.07878 94.22705
77.63177 87.03135 46.63910
71.32792 78.61759 5.26127
82.83570 84.49534 84.20510
19.54695 67.04678 78.02897
7.17021 82.67067 82.45142
80.35932 68.65041 44.00361
71.47173 70.90220 20.03345
69.86190 77.01373 32.05228
77.15290 98.66372 32.98096
99.21333 79.17537 10.09965
78.76290 76.22599 19.70622
82.51208 99.02593 21.32219
11.29635 81.69143 68.79947
69.96026 81.22462 90.03568
70.54068 73.07664 47.32581
75.99011 75.36371 6.39592
4.78137 84.04927 88.73525
73.74042 87.52333 19.82273
49.47010 34.74594 48.91305
75.86057 99.92222 31.17597
40.63048 5.63424 2.85830
83.02606 98.89958 8.77941
94.73517 74.16242 27.28618
83.33375 92.42582 17.18000
73.89049 82.84301 27.43522
70.24224 12.97808 82.06238
32.61705 30.08893 46.31967
78.00300 96.54385 67.08841
5.11899 36.77316 4.03559
84.01326 76.16546 18.19797
24.64786 34.75530 22.89213
93.28208 99.11591 48.85347
27.69985 24.63032 23.94591
69.30584 90.72381 23.49361
96.55479 91.17338 70.26031
38.26775 46.14317 42.42295
97.77497 83.54623 37.75911
70.19015 44.15258 92.56227
95.43548 5.05161 83.33405
86.33316 92.04672 73.08201
57.39662 80.63612 72.94533
46.26246 33.12611 40.85618
92.06669 71.98798 10.81797
88.06922 69.11666 84.85915
25.15615 96.25329 67.19372
76.32847 67.71411 35.11132
83.24475 91.30135 44.13046
91.43906 74.31617 9.37169
13.40794 37.76310 48.29858
81.74413 12.75887 73.04840
86.23040 16.31332 77.32317
76.39369 96.84475 14.06804
22.08756 34.75163 49.49492
70.84060 55.90939 78.38885
9.96216 45.76184 14.80296
17.92409 30.14930 19.95029
95.90174 73.45407 46.26599
66.85446 89.18164 15.43080
11.20228 88.56761 95.45789
78.41328 91.45455 2.76544
92.03869 81.43677 4.45864
86.70481 93.15888 11.79604
42.82891 4.90533 25.58107
92.58766 86.83486 1.72196
76.59858 76.86912 35.92053
92.94684 12.02530 88.37618
70.33889 70.62751 25.38595
82.73934 96.32811 29.33245
92.36967 74.76675 3.15374
27.31942 69.38526 93.45365
67.29007 88.76875 43.60735
95.99575 95.61891 22.66534
76.41357 86.26917 36.80321
14.56939 42.94851 26.51490
82.31675 94.70065 5.41047
28.76414 3.89407 42.48803
97.86395 34.41114 88.39644
96.77456 19.40679 78.90660
95.32620 45.82009 77.62595
71.98119 73.71242 39.20018
99.21063 93.67578 12.75069
87.83092 15.25391 83.69776
22.00158 92.98241 72.60065
36.93652 82.80414 94.25835
47.02466 90.96113 70.59844
86.83763 15.91282 85.61392
82.62274 13.45183 85.84216
76.66058 83.42937 18.50948
77.97058 96.08667 16.99132
76.76236 84.75403 32.81548
42.29369 89.17806 97.29812
86.76572 10.01340 98.85327
30.11399 97.28016 98.41639
92.73429 99.36996 34.79738
76.70861 68.98527 36.69934
86.70876 97.95738 45.64801
87.68903 99.37225 48.09160
94.14349 10.39362 84.08810
88.30978 76.44397 62.35352
81.74293 90.78655 31.87826
82.50553 81.90907 39.68183
91.92420 97.40435 31.81996
84.28213 75.79291 46.15461
56.17951 89.94567 50.07101
54.45097 72.98927 73.65888
4.89333 44.44528 36.30572
69.28926 75.44612 13.59928
77.93584 98.60138 35.40742
10.64871 66.97678 69.96552
30.47879 2.75720 28.78951
9.49467 18.20189 46.05275
95.68900 1.60669 95.26371
98.25066 81.21078 71.81938
32.71025 94.76205 98.17596
73.69386 75.56067 43.80135
45.87125 86.87788 70.59198
72.55120 75.33044 18.48534
71.69134 88.79613 81.06420
85.27720 96.25416 13.58302
75.80572 86.80094 9.87100
36.84524 42.68169 46.28072
93.38615 76.24666 42.08346
69.14355 82.53870 16.53939
96.47339 79.09013 43.04162
95.70629 75.14514 9.22074
87.83155 82.69617 2.46393
8.54326 73.73805 99.43295
79.00918 79.70891 44.49566
32.32782 79.59390 80.11395
74.36433 73.64839 25.37970
32.27116 99.41653 93.56954
26.01861 11.63413 2.51694
92.67960 79.93814 35.83831
93.03453 73.68926 43.32581
73.90268 75.11808 29.04147
27.51405 13.81460 48.74296
37.04874 26.78708 3.86686
73.23136 98.11505 88.56845
14.47996 96.49800 86.40515
77.41868 73.32629 46.22863
81.66533 83.48820 33.25010
94.18090 73.84616 29.46428
97.23883 82.02046 29.75156
93.46972 81.49811 66.40894
67.39111 19.41618 90.52710
92.82002 88.00937 43.01571
87.73253 59.81644 87.88486
99.80227 80.62355 28.10276
27.74970 26.02893 17.87067
94.39897 72.80747 19.14408
69.21850 33.11189 98.66399
88.93944 85.39625 55.11461
80.88162 27.42929 98.71216
86.50694 78.41400 28.67390
24.08537 72.22221 77.13566
70.79050 98.94288 17.19490
82.71226 81.57698 24.94476
97.83384 70.35195 18.69781
80.98016 78.42414 24.82068
15.42118 21.84243 7.28048
73.81584 79.91321 35.20193
85.58690 80.67824 15.67635
87.56009 93.88512 25.61838
6.50888 48.14662 3.35170
4.94134 72.44256 75.75744
88.88418 4.31216 94.51313
79.74803 94.69778 8.73425
83.58490 91.66480 60.33989
21.01992 97.97567 70.01603
89.49684 84.68828 28.49425
46.97586 4.66788 1.10494
49.50012 23.22770 4.26830
44.65682 90.98554 83.66183
83.26566 80.54994 16.16193
77.26621 90.46208 28.82751
76.18482 59.34928 50.45779
76.44804 98.80412 23.34906
72.46339 39.19018 99.93972
89.57638 83.64699 91.19563
78.83818 87.20011 84.41948
88.35210 74.25946 46.89805
71.85860 95.68669 2.28780
80.55886 78.29811 35.04401
96.17857 60.79962 92.29242
80.35869 31.47931 86.92888
72.87253 78.53325 18.85720
91.36368 70.03736 13.05396
37.98592 89.20521 88.49313
75.98184 75.99229 75.35433
39.75048 18.66849 24.75067
85.12680 94.56970 48.38122
98.52946 95.46972 10.91318
91.13301 75.05893 46.97723
94.82025 72.69063 76.49839
78.76667 2.26729 70.91709
70.28154 84.33387 45.61627
88.86030 70.87748 45.37032
16.81056 69.02700 70.49988
95.57222 85.24521 49.94134
83.73117 70.48379 14.31436
71.92297 99.88827 29.39172
6.19090 31.32674 42.78015
87.98299 73.29137 87.53822
84.91261 86.69983 46.30610
7.90214 28.25028 23.35010
70.14545 67.31220 1.43300
71.86244 98.70990 27.50469
47.75508 34.70463 11.26967
88.87098 95.88435 22.48366
98.17134 64.04848 55.52782
50.32643 84.08915 79.79868
78.33334 69.56133 39.30054
20.74594 6.85491 34.43401
72.21186 89.52644 65.10764
93.96280 76.02944 28.60177
72.01797 69.59660 37.28507
81.57248 67.42359 14.76522
1.80585 34.10587 17.64268
37.17148 78.22442 76.28322
87.38947 80.86362 87.28036
85.49714 91.40787 28.63688
77.03147 90.83003 28.34590
93.79417 78.22396 9.37162
68.68825 15.14529 84.15094
69.38501 98.72145 9.36576
74.32576 26.67463 85.54231
98.34174 88.28590 16.89729
8.05152 38.75329 3.66619
69.10035 32.40728 99.30284
87.63145 82.01199 36.41963
74.07937 76.29165 77.46024
88.39747 81.01174 14.22714
93.23195 96.78435 22.84066
14.29845 73.15668 99.68038
10.47767 45.45221 10.82280
30.03388 81.68681 76.83711
40.40508 96.07184 89.69836
90.00447 59.94536 50.08629
88.46373 48.55777 72.60199
99.75327 86.37721 65.50904
92.30625 99.33285 19.99360
95.79924 94.77777 11.00343
89.98514 79.19358 16.00114
85.50203 81.65421 4.62323
84.73319 88.50540 23.97108
87.07446 82.66002 19.09821
63.00675 73.81624 88.60048
68.64956 89.78316 41.27958
68.13613 98.69498 36.66181
19.72254 99.52008 71.89260
78.64499 66.68544 49.96552
92.42403 89.53333 13.44176
96.73436 60.09498 59.56001
90.06387 91.92314 1.29142
76.52468 83.70376 19.40741
69.18024 92.61264 43.75472
71.17393 72.25086 22.67880
74.62091 31.89395 92.98533
3.76537 28.80265 28.16806
30.08231 69.89923 96.45398
84.52126 99.08628 5.02412
76.97777 95.22934 33.83755
78.82724 86.93277 36.62848
77.04949 86.70807 14.62107
77.85383 90.99510 35.33988
91.65073 95.19220 4.96734
78.33469 2.91123 97.58355
63.67820 80.49280 62.92793
79.15080 94.47264 19.96125
81.16390 75.31990 10.08602
69.43394 95.20459 81.68560
90.41110 81.41218 10.71648
68.39376 92.07475 16.87796
68.73561 89.81661 28.76465
73.93873 94.55011 82.12707
68.17504 80.08728 12.54933
89.24397 71.47486 4.01380
92.42912 80.32203 38.39790
84.95049 99.22778 11.90388
49.90605 7.76251 37.40764
89.04674 89.27332 25.56934
78.12077 88.20024 49.86652
77.70075 97.77942 31.49131
71.13324 77.68577 30.94389
25.05355 45.34445 46.37650
37.58896 23.26883 23.32925
91.90674 88.01907 31.93544
67.84143 98.23702 27.55305
79.28856 67.70239 45.87725
82.01482 10.00765 66.81548
74.29040 69.45750 3.37309
69.95136 6.55735 81.38111
4.23951 83.74438 98.72904
73.97512 92.80508 41.93268
90.30894 67.29581 10.04859
87.11567 78.76454 4.04769
76.84924 87.59015 27.55923
97.21872 81.55141 10.04366
74.84318 87.73097 54.67133
19.94416 83.93200 95.19926
75.10020 32.88604 89.27123
90.64585 81.55718 22.94439
19.92758 68.24550 96.38642
80.67621 69.86072 3.57655
93.12477 83.81990 19.81491
3.99971 98.53130 97.49061
2.15210 37.03855 43.50849
67.28144 92.70018 35.82619
95.75142 97.81168 29.38200
38.57829 11.37849 12.44832
23.82902 21.99209 45.88311
12.89980 41.02535 33.85570
77.33395 73.59809 43.71010
25.49920 86.95193 86.40972
68.08310 29.62067 98.09380
96.86385 71.20032 67.65146
76.66593 66.77399 5.06562
83.74061 85.05004 33.65522
84.55921 95.24973 21.08226
55.66906 93.68606 75.64917
98.01368 97.47424 38.68685
65.20975 79.52509 76.26613
73.34754 90.20777 19.33352
99.92594 98.79856 40.43796
90.24785 66.14367 99.46706
39.16937 46.37329 12.80981
90.81427 68.38152 89.72616
29.39742 20.13353 33.04441
95.82016 79.23037 44.63757
92.99560 72.11422 44.89515
73.44473 87.82017 34.62422
96.87770 84.04809 43.71275
70.32002 69.51352 29.03622
72.21639 80.96092 47.68355
46.89482 71.10203 95.25709
