100.00000 100.00000 100.00000
71.26328 13.85744 92.16702
93.83787 83.82509 64.93965
72.12699 2.70592 96.63052
97.30363 14.34400 87.11985
8.26843 79.14904 88.42948
94.04046 71.73999 11.33910
99.28197 38.06531 76.58672
99.38436 4.31299 78.48215
93.95152 76.06517 47.60960
61.19613 51.31165 86.17903
95.56874 90.36395 80.84506
52.65875 81.40703 72.83567
71.63247 80.33293 19.73828
17.93349 91.11516 77.05239
88.94585 31.07094 91.66746
68.41683 19.45193 98.61116
98.06871 48.39052 84.56324
88.25952 27.63240 70.09109
49.66237 7.98731 2.89798
75.57494 46.01777 70.16844
68.54790 27.46835 92.64670
90.76769 4.14275 93.46152
89.23924 7.10211 66.87280
91.80707 41.62191 72.46502
39.48408 73.70007 99.72080
95.36083 18.85155 80.46700
98.11242 15.64929 72.57934
94.00047 43.92117 74.72328
88.94274 11.04338 85.60376
91.93781 33.08944 93.06584
38.61056 28.83144 24.74516
98.98115 36.12740 66.98866
93.23410 8.41088 70.84192
80.18834 10.36579 96.21802
97.99340 30.42203 83.82589
70.36348 2.44575 99.36643
96.27740 30.44542 72.85692
96.66390 32.13724 80.90396
44.51373 83.12443 84.41053
72.07758 8.46661 76.77578
35.83837 71.94099 98.32063
29.82545 29.94796 45.59411
81.85809 13.81151 79.17150
91.35059 72.08973 18.06595
77.41183 24.44093 74.00913
93.45743 26.12597 79.52600
79.78540 16.12643 91.12669
78.51059 35.15086 86.68626
94.36764 70.23647 27.84984
42.87041 88.59812 78.74050
96.11555 42.68387 86.15043
86.31808 44.28136 88.25112
90.44124 49.68189 84.82781
72.71369 11.14901 99.59154
3.55245 26.13098 1.53509
75.66824 39.83569 74.49965
84.87273 49.50851 98.25495
99.73472 84.31967 54.68192
89.16102 15.71493 82.44880
67.24652 72.59897 46.11634
39.33864 96.51308 99.00829
93.70298 27.14267 83.76230
97.30430 87.02355 1.86377
88.33760 2.95699 89.80371
95.03788 24.30927 76.33904
79.70345 1.63682 72.55920
73.86241 20.48487 91.17764
87.44884 96.72989 99.25514
72.32353 23.97524 82.92582
4.12458 74.42935 75.88091
79.84487 30.47413 82.54009
83.61585 9.62676 74.40749
32.84825 46.67363 34.15274
76.08029 21.73563 81.47769
41.10035 43.49184 31.33864
15.42444 39.46598 34.28257
86.82045 48.27513 84.91009
72.31516 45.19945 93.59824
20.31721 73.85676 98.16922
55.13814 53.06475 95.51730
80.40135 34.70382 98.79247
71.17593 27.87731 99.62031
35.52314 86.69727 72.73349
78.07627 54.11732 72.33012
73.81328 13.63782 76.16258
89.72129 31.14291 70.02095
7.50316 73.23722 69.23930
77.26979 49.64654 67.43482
70.57031 32.53872 76.51589
76.07871 2.80340 72.24861
12.50412 34.19399 19.97612
75.41763 47.37015 76.56928
72.93718 20.87524 84.82077
87.95903 78.50519 5.76637
53.53796 89.19506 94.50439
92.37554 68.72632 2.85109
78.28794 25.75002 96.29390
67.28787 29.54380 81.28100
9.18147 42.09586 24.08157
82.97121 76.90377 96.70048
95.88450 6.91380 86.08883
96.86472 20.82993 98.71100
73.09682 29.33008 81.17237
70.76251 39.49444 87.13671
91.71056 15.40780 92.70707
80.16170 41.86457 80.34178
9.85753 71.79431 78.48838
71.85567 80.33842 92.99429
53.59082 94.70049 99.77705
21.43807 69.57758 84.86255
11.87880 95.11723 79.77339
78.00405 2.65343 95.40774
83.99324 4.35335 83.58333
84.68001 28.74853 95.37200
99.91590 20.04155 82.89791
75.06505 11.93815 69.88732
78.71027 54.97024 85.45370
20.10857 68.73380 82.77868
76.76708 48.47168 81.30117
85.93655 7.58408 66.74165
72.86231 1.88307 84.85745
12.35188 97.80555 96.87649
7.20011 5.25424 18.04503
86.34300 72.22469 76.27425
93.36345 5.59386 85.38848
71.25966 4.05308 78.90969
34.74421 86.41424 84.56031
50.43117 56.59240 92.14488
97.76995 7.40496 89.42788
97.53137 49.24252 73.62657
94.72810 15.08946 90.42406
90.88427 88.55390 56.46753
11.23852 31.68353 48.19830
41.91148 92.88647 67.36502
69.68063 17.18441 98.89465
68.46953 38.79272 75.22209
88.63295 31.24069 88.43435
96.78749 28.96405 67.92153
87.95292 9.62352 93.46859
89.50732 41.13067 84.54973
27.86312 3.06136 5.02921
86.24846 84.72693 53.28297
92.74161 36.24314 80.50768
76.90264 27.56784 99.10985
60.01465 55.17639 52.45612
81.62291 96.23672 6.73359
96.85607 93.20767 45.14241
79.93571 68.07667 25.61882
68.26138 14.80311 83.45245
83.40603 83.64856 11.12943
69.19394 41.58819 87.96139
90.88458 33.70665 69.05636
75.06850 22.52367 88.33262
99.95778 84.40698 47.53136
76.69722 13.24434 76.55988
70.39114 55.10117 90.78610
53.61461 60.76154 77.66820
33.74120 80.94453 86.73372
44.86687 3.31025 32.65825
90.34865 73.16372 71.28433
78.02238 18.16213 95.75520
5.95687 8.73107 34.78175
73.16237 18.02931 83.22586
89.56421 10.95305 94.33622
98.43906 39.41973 92.98114
20.64322 94.03296 82.58807
83.88419 39.25403 71.85135
98.90365 18.44138 79.12081
78.64597 8.05396 89.07977
67.86294 14.93348 69.81369
72.60432 17.73780 71.10454
90.95966 13.74703 82.25975
88.11014 46.37089 70.58384
78.81072 19.47638 77.62078
87.54881 8.53380 71.85534
82.74164 42.69296 98.10291
71.10345 77.60161 17.31122
67.49780 21.59951 81.64584
90.56018 44.30351 78.30310
72.18404 9.15820 85.73422
37.45109 81.56671 84.22883
85.86797 23.12464 80.77313
78.81391 26.39438 66.92873
71.32176 40.69258 75.46923
55.09224 76.61118 68.05361
99.63702 20.64947 92.20603
7.58055 5.44760 34.56617
73.53826 42.99237 80.83294
18.64082 21.69895 49.06969
68.19536 71.41518 4.11867
71.44176 26.43587 79.16686
75.76433 45.22949 96.95988
90.13473 39.18831 91.36067
75.37797 11.97916 67.33952
91.37300 28.95589 93.43306
49.21834 31.16078 36.06481
38.29171 21.05246 28.96763
71.15365 77.63368 49.91082
84.92193 75.80148 4.90318
11.43529 46.26390 16.92361
80.01544 40.12390 82.49328
92.49830 39.88186 89.17435
5.79110 12.65750 28.61849
76.41040 93.41133 47.42495
86.52548 4.59980 74.98206
98.46431 38.23307 73.56951
92.80649 27.74567 76.70672
74.58440 14.78571 90.92625
91.41077 29.99852 75.48135
80.88119 74.62370 49.90527
77.63448 30.53868 98.19537
94.20327 14.51931 83.86179
27.74927 24.74746 43.95941
69.58459 11.86942 98.47442
95.85806 9.56426 70.61010
72.17944 19.69371 79.62643
79.99095 47.63398 90.07761
73.40250 39.58898 74.66737
78.26251 8.71495 85.26426
81.34214 26.98107 87.03739
96.38724 32.83158 79.69924
89.59981 99.61072 92.58255
82.06503 5.80087 99.22100
76.15929 23.95662 86.85555
38.95734 24.19243 9.63132
80.03209 27.19326 84.35956
85.81983 2.50636 73.20648
67.43556 6.46656 99.83738
89.70371 9.64096 88.03731
3.21484 99.53427 78.44945
74.19426 72.48985 1.04080
87.42232 93.62048 90.60120
97.18181 34.81064 77.44549
91.12496 77.01127 25.86778
93.06298 20.52797 73.35873
95.05885 46.13210 89.20868
92.22957 4.68894 97.33657
95.50618 10.70623 94.14619
61.87748 60.68682 63.97326
72.11384 1.01028 87.11629
86.62392 13.03616 93.95700
74.93139 41.45208 73.62980
73.15243 33.23891 90.89183
51.04537 76.14534 63.61364
72.12810 49.23514 84.84728
39.52381 48.73509 3.02846
69.66225 71.41692 45.03833
6.05749 73.65531 74.85700
76.35764 18.52863 71.92100
16.36192 28.31887 45.83047
9.88619 9.38754 42.20634
78.11815 18.14140 97.03452
19.16944 83.21680 88.91435
99.72218 51.75605 99.46457
80.99789 17.72797 75.51414
90.79138 28.58421 68.72633
13.57417 20.34140 37.75396
32.89703 95.99887 92.15798
86.50381 26.60890 89.19883
67.26421 12.03688 96.71615
69.69017 93.32203 42.22068
77.95570 19.90945 68.09891
77.25460 44.15883 69.83315
1.70240 36.74842 31.68563
44.34549 36.42474 11.37386
87.28528 23.45811 84.49768
74.06135 28.17080 78.59508
70.39175 79.06182 53.90198
78.00482 16.35084 78.21743
14.67449 82.15646 93.14503
81.29554 7.78849 80.74670
93.59810 8.24837 73.82456
36.61268 2.23376 6.11677
99.87960 47.00365 82.88062
40.74371 80.29655 87.84102
87.62301 30.04403 67.03259
67.20556 83.67885 24.25720
31.59692 46.51800 47.40298
79.52930 98.45055 39.10951
80.84796 31.29329 80.46606
75.87668 89.00056 55.51371
79.84038 86.12676 53.33204
2.10658 94.37324 96.23108
91.99833 32.30731 74.96867
87.41209 82.71404 22.40687
70.95299 13.01787 83.73765
83.37654 32.60461 74.42707
93.85691 29.90259 87.90405
19.01522 95.38599 67.76902
75.78761 28.75410 72.11045
12.92671 89.05272 68.36428
77.39280 49.16777 68.82283
66.75898 46.45779 77.33144
76.63120 32.05487 95.34258
75.46847 15.02176 70.57574
20.57780 88.15594 80.89566
74.61707 85.26852 17.17684
37.15549 84.02529 73.44314
86.98376 50.26076 88.18999
82.52081 30.51462 91.57475
61.28186 78.71866 55.78285
34.88592 2.83962 40.98504
86.41895 5.08736 69.05142
92.98204 97.64592 13.55275
84.50662 17.53772 67.81029
81.00481 19.57843 92.21257
78.44234 1.45454 69.65043
5.68806 2.47252 45.64888
77.02087 2.31531 71.57329
98.47125 86.76321 60.48236
48.04010 69.60888 84.16268
93.62590 48.45366 74.98748
21.39635 91.78174 71.32344
72.99086 47.02617 75.83859
24.14521 33.25498 11.05078
31.51525 73.07035 70.59056
96.08808 14.73556 93.99043
80.86462 4.68144 82.59312
33.67059 40.46188 49.28766
37.92613 31.76405 18.67544
5.19207 69.79847 84.03235
88.81615 66.86247 18.81250
73.89181 92.20332 35.46111
97.93212 11.09802 98.85282
90.91377 2.49850 72.30923
87.65324 8.33345 81.87526
79.61275 22.89811 77.47934
50.86085 61.77500 74.07040
98.16223 2.47193 83.24316
23.73843 33.80914 13.39232
4.35434 67.98670 94.60708
96.72251 68.77871 7.34689
80.35762 90.55765 14.56894
99.49192 17.63269 94.63797
95.56724 25.46560 90.66616
73.57943 39.08939 79.79556
92.67078 48.52964 85.66327
90.95720 4.69563 67.72457
89.51188 45.28047 96.10093
31.81081 76.85183 69.47338
79.98747 93.98461 3.42229
71.64848 31.83572 80.78085
9.14719 81.43696 75.43698
71.14932 81.42864 28.08755
5.19829 24.04717 12.19024
71.46523 4.69612 87.21520
69.81230 48.05882 84.09624
86.55527 79.86240 68.38133
83.76300 1.99377 97.36077
74.84563 65.38953 67.47798
75.84237 15.36632 71.41018
93.82740 12.55721 86.42047
1.49822 14.14780 40.34326
41.15881 94.50845 90.29419
21.38084 42.04145 7.04889
82.09025 46.53790 76.22823
40.72961 24.90062 22.54622
75.15769 18.79930 71.71886
81.01107 87.09755 8.63177
89.05637 27.92662 97.54340
74.84810 29.83948 99.99115
70.58660 72.18122 31.47240
81.50623 33.44414 98.37866
96.81048 41.43293 78.30488
82.54327 43.81303 85.53848
98.12508 36.34465 96.29240
67.82285 27.78352 74.76616
98.95444 26.70126 78.43220
90.84153 2.17585 91.94338
81.32725 48.08360 94.92506
73.77873 88.02840 18.95476
49.79005 80.92870 84.02494
77.41459 25.08999 76.27747
72.29686 8.38211 95.66044
41.81230 71.54140 68.22838
76.04398 35.61172 72.89297
69.85967 77.87332 27.93549
85.55087 8.32510 84.61352
87.16515 78.72056 31.94467
92.96667 46.56067 95.02455
82.87826 34.03484 68.06097
81.44463 49.22814 73.68866
83.88782 20.65863 93.15854
75.72949 5.91687 67.01889
90.64081 85.24864 60.80838
81.11110 1.62466 74.23811
84.90822 7.68427 72.82432
99.16226 11.97367 88.59897
79.27031 8.34615 88.14476
76.50837 13.99383 98.97845
85.59768 78.41701 29.97812
68.15244 52.15912 95.00800
81.62989 3.04851 89.24199
46.81081 40.47881 35.77437
36.47682 6.82770 3.43094
87.83428 12.92374 95.30472
67.96263 9.83313 78.52803
97.14943 3.35990 94.29575
67.93331 26.44958 84.67808
66.85411 2.40807 76.55000
58.72129 77.19357 94.58299
70.30390 40.68085 85.12368
82.22623 16.09911 99.71430
91.39505 42.67122 80.72591
87.32987 41.39294 83.91973
72.25509 4.66516 76.31124
9.00985 84.89287 84.59584
23.74143 5.47954 18.08223
91.67014 88.69502 37.97913
97.87578 95.54934 66.21219
28.66729 16.48273 23.86960
92.74889 10.95727 98.23600
80.71807 79.05916 72.78855
72.08547 44.10356 77.17844
46.55064 72.53140 72.50614
89.80273 30.85313 74.99837
37.50071 10.40354 29.52277
71.29940 31.26861 93.10391
1.08236 77.55837 77.01759
67.12219 16.36619 94.30130
94.72375 7.07457 90.58500
13.78059 15.93649 25.67139
10.26786 27.46798 13.65187
76.52175 17.83928 68.33170
77.17423 44.09052 80.66974
8.14199 21.65481 48.31232
72.56342 40.32086 95.14302
81.68161 12.27942 72.69770
34.50089 79.65360 71.14722
76.47499 41.87521 92.98154
84.83777 84.57785 45.47565
73.22931 42.47460 75.41330
80.13682 13.79877 98.55445
72.38177 43.95021 84.05933
73.80113 17.59133 77.12653
78.01069 80.60187 40.42912
77.56397 4.73777 80.48155
28.84172 67.76863 79.64897
91.41335 19.26631 91.89037
20.26201 81.19580 82.19237
93.18151 37.25587 94.45989
18.59157 43.61159 6.04936
71.78625 31.30418 80.23745
97.00802 26.52147 99.16295
84.21327 34.24607 81.41712
72.90766 13.70666 82.63956
38.94887 15.44696 1.95313
97.16247 19.77618 79.79672
13.91998 43.20420 18.10881
93.61429 16.90105 79.60234
92.76292 32.16413 95.76695
86.56399 42.32458 75.00925
74.70714 25.03987 75.67162
84.97574 90.86180 13.07285
77.56618 42.50081 76.74328
33.16280 5.11887 7.20139
17.50171 82.99551 67.17026
68.07671 99.49983 3.94508
29.61334 73.08081 68.19718
93.81787 72.66232 72.23639
4.29530 93.78868 83.05340
40.18493 14.29461 45.48402
84.58280 57.78551 51.96395
63.98837 84.15427 72.88257
72.03021 87.28502 52.40960
78.24863 41.30709 84.94941
73.58679 29.73380 71.37019
97.83023 74.59947 48.40779
54.25498 88.14738 71.49276
94.79447 21.68792 95.75271
71.21367 19.95314 77.28950
90.45614 31.86100 83.10315
99.03837 18.77579 84.28489
2.30165 35.01468 47.71832
78.83802 1.89593 71.34445
87.78601 35.05598 70.15453
96.34070 33.52628 92.12038
58.85891 83.87535 75.29604
93.49981 18.44567 70.41567
68.81703 17.63065 83.28264
85.49683 43.35883 76.07426
95.94251 42.92199 97.91668
92.29235 48.78424 80.94889
1.50716 71.42546 94.37306
1.44349 35.74575 35.84982
74.12340 16.37714 97.33690
88.08184 87.01012 3.33329
85.58211 9.54994 88.84798
73.23561 96.99337 60.29605
84.07782 10.14619 96.40914
79.18287 37.36232 88.73570
87.13413 48.96720 91.53099
90.15989 18.80683 97.70245
6.49260 27.81772 23.14053
82.27578 11.48192 71.96011
75.04170 27.82079 81.63002
84.40641 39.42377 76.87165
70.97311 37.44148 73.76517
71.19460 15.96597 81.28038
80.58163 33.92552 76.73520
73.24788 18.24543 69.46677
92.63641 5.70750 85.17881
95.45154 18.12133 90.17449
92.73436 45.55598 74.66319
85.11599 37.50184 85.68522
96.43216 34.32906 79.59759
60.98722 76.35572 68.33967
70.05443 93.74002 21.46029
66.65002 97.94883 87.74195
69.21267 15.15731 75.45330
17.43604 96.17936 88.05541
36.43020 24.73032 11.38831
98.95128 25.89187 96.73464
98.97216 10.16721 87.61807
99.75600 11.45059 67.22377
72.02074 88.14335 19.35198
2.93544 46.28968 31.16651
80.03363 47.19374 81.46114
27.57464 87.39532 79.82195
99.88475 86.46126 18.06382
81.26059 26.31053 91.80007
32.16912 21.19832 37.54496
61.72948 90.46885 50.33041
80.73621 22.15668 87.85997
68.30756 23.44652 94.40583
86.33662 1.47666 81.25844
89.15138 28.52545 79.72182
73.11189 3.91439 81.35397
70.98310 18.00090 72.19910
95.23403 24.35295 67.19403
68.44306 31.97313 70.57304
82.17586 16.38683 80.71749
94.05006 81.11884 35.30816
17.53365 84.58521 82.32277
8.01156 76.04894 85.44948
89.27150 14.36544 80.28127
67.73482 68.12155 39.70524
94.56837 29.81821 84.37485
87.37243 1.16474 73.51322
92.82608 3.93958 73.99817
32.20806 12.29177 27.04386
80.66805 69.31047 9.45978
84.59169 2.49012 76.92395
82.45068 30.29722 96.86154
32.39421 41.75977 19.96109
95.98590 3.09691 81.75995
79.41055 23.13339 67.33212
8.16436 11.02868 24.62190
16.69882 43.59793 43.71798
72.86382 2.52088 86.81247
81.39316 31.58716 75.60406
98.13179 68.14341 40.68533
77.08930 42.81587 71.18404
98.25170 85.16926 92.45747
73.01953 94.04794 16.65436
95.21562 17.30604 82.03303
91.96201 43.42387 74.35140
88.49157 80.12540 16.90927
95.42913 6.47503 95.59942
84.23312 15.15591 78.60334
99.28807 69.05496 5.81982
45.23362 82.72589 97.78838
4.95455 98.47461 83.45783
67.95997 39.42572 79.13782
84.69912 4.76426 90.39838
72.23510 4.62428 97.06070
72.41774 62.11070 90.78461
70.56819 45.20263 71.24726
22.35633 66.72163 67.30238
34.00969 69.15207 75.47020
46.85770 77.47484 70.85498
98.51329 27.88842 82.57428
90.69052 28.13959 74.53074
97.84166 25.00673 71.95067
77.01870 92.50357 10.46073
84.90650 18.47919 74.34955
67.85517 6.14914 95.93599
77.89001 36.36695 72.22498
95.96404 25.18181 83.40782
74.03773 9.33773 92.16033
85.85227 6.95568 86.04300
74.44843 19.60317 71.30339
82.03678 74.95795 29.90326
93.91077 9.71924 80.85936
95.92264 77.46878 24.97880
39.23558 11.61749 25.01743
16.26665 20.57317 37.30546
63.20429 56.62356 56.41747
91.25035 38.41885 83.29328
97.07282 75.23539 9.29441
97.59558 28.36248 70.35351
69.90508 97.24689 56.45668
32.22107 71.31065 98.88578
87.60518 14.87170 73.22473
84.74730 28.07064 80.79098
76.75314 21.57514 85.95973
70.29200 36.62796 90.46076
66.76544 18.07540 69.78117
82.28448 14.81951 98.93174
67.78397 17.56422 84.41529
58.24175 66.34277 84.25465
24.36207 72.71991 87.32654
6.08775 7.71643 18.71447
17.66756 84.61577 98.79620
6.18796 31.00120 28.39049
71.41947 63.74325 74.01606
87.53065 11.69113 88.04030
83.88643 16.21646 71.16447
70.62713 46.12831 87.89265
91.35693 47.49646 85.99194
91.25396 13.67667 69.15531
36.70075 76.28415 72.93917
79.66760 41.54071 92.39345
72.33882 29.54566 74.16297
79.21877 18.96861 86.44987
91.62771 34.39064 91.88046
75.19025 9.84793 86.03385
87.84910 31.08571 77.72058
79.78641 29.73962 99.47396
79.36160 37.81666 81.46730
74.77431 71.77677 26.02036
94.77781 26.17174 72.22000
38.16875 82.05812 96.58227
26.82367 20.98800 37.01242
37.40139 90.92639 96.49455
2.82603 93.91645 99.13722
76.12250 3.42151 84.59607
89.13583 19.89309 76.40341
85.46936 27.98078 70.49735
87.21130 2.60432 68.09932
84.53910 97.58918 31.01461
92.38011 32.88602 84.95405
75.97191 34.65992 67.01224
79.06884 18.39631 75.77977
39.28672 19.90961 22.66927
87.16317 31.57197 79.68604
81.48682 72.69340 32.20834
83.08084 6.18139 89.34713
66.93336 68.17169 56.63217
90.97839 6.28160 99.37120
38.65445 46.03093 13.41590
97.90013 23.10699 72.61067
98.29839 58.09747 67.01614
80.30382 47.38178 69.23489
72.03538 1.84987 82.86956
89.68210 68.79346 32.84466
89.15666 80.91893 20.63393
61.93830 61.36202 59.90147
22.74296 98.36985 82.35445
18.48883 30.14711 17.78843
78.93009 94.23944 47.52007
96.17126 22.13209 99.04809
70.42964 23.84604 87.60467
76.02075 47.66520 71.45312
70.12556 67.57512 35.00969
75.00177 79.51442 96.74587
98.46857 35.21867 80.97412
75.88723 38.69023 73.59140
15.35815 91.79409 89.53365
86.28680 16.97243 94.95980
70.53960 34.57712 78.77197
99.56084 94.11842 5.52546
44.43295 13.64363 33.61304
92.90435 48.71834 81.24867
94.23268 12.35619 67.30592
73.99588 13.85363 83.43378
75.44856 68.11021 80.89318
18.52351 10.45674 31.35857
78.74437 96.13351 21.66660
70.17745 4.08879 69.28930
46.92516 83.45698 94.58403
94.80876 18.15891 89.98097
85.37541 84.66620 4.45358
90.58216 46.68105 78.18962
5.63138 17.79358 9.49306
35.06078 23.53648 38.93440
35.94413 8.70213 1.94360
8.20438 98.99582 94.20957
44.76643 67.11530 97.45613
97.53744 10.62214 84.12234
75.44599 84.70942 46.81541
86.56137 28.51809 78.38732
81.29678 32.97745 66.77871
13.01980 67.92751 95.64264
69.29897 41.02978 90.17036
82.52588 71.12902 24.12356
73.19169 55.89341 84.65845
95.91091 11.35030 81.36869
73.07768 40.50061 92.65244
80.48222 35.02817 92.00621
95.11127 15.49606 84.90731
26.41338 74.01583 77.64866
71.21198 18.89146 76.01787
99.67498 5.25208 84.12711
71.71604 76.47880 2.16330
84.96507 24.13279 86.88709
84.26146 46.12504 84.38371
96.79501 38.84131 84.98756
71.68129 57.38145 62.31403
67.43210 22.05604 69.25515
87.15930 23.94794 92.18767
91.27601 14.24712 99.43380
72.30980 36.87252 81.54255
77.39048 40.99963 69.31528
74.78652 20.79613 90.40946
91.52174 18.34747 72.35058
72.39914 12.99448 86.46419
95.76126 17.66539 77.90100
77.28454 96.05104 60.16402
96.03062 73.33401 41.07197
99.81819 26.38936 83.57475
11.10633 67.63532 90.55436
69.42898 75.21354 99.54778
89.97028 40.50650 89.81032
88.66035 84.96486 22.06833
93.09168 69.21152 42.42132
82.30415 93.77533 82.92917
38.33620 77.25043 68.54956
89.12629 47.04627 82.15469
85.14070 34.35575 93.13292
19.67296 67.58596 94.72574
92.70547 48.18563 88.48049
14.81432 7.26029 42.58608
75.05993 33.11835 74.38369
69.39408 20.69192 92.55772
85.84309 15.43573 75.54396
9.21871 83.89478 96.14752
74.19581 20.10389 98.03987
70.38174 10.51339 92.87093
72.26929 39.32674 67.95005
79.75834 14.00622 87.77848
98.91667 81.68036 80.43445
74.69473 94.62246 17.91678
70.22936 21.46009 77.69652
90.49796 35.05363 71.45225
70.87714 2.44726 96.02595
42.58501 67.58899 98.64102
77.73491 15.28744 67.72101
80.04961 69.61382 11.03099
78.97495 28.20704 83.02536
80.10026 28.83307 89.66760
93.00829 1.66655 68.19606
71.78997 37.16364 72.49027
3.24353 69.27973 77.93058
28.11247 94.40467 69.60531
98.50114 11.91820 73.95418
90.34916 3.17431 79.33367
42.35604 30.80401 32.75529
76.63505 27.15526 94.58751
82.52925 75.26001 82.71507
73.52871 34.80277 92.84500
74.44488 88.52089 17.04255
86.34714 90.94644 19.98001
96.11288 46.87854 68.10251
75.00789 99.61770 14.56087
94.36051 95.58434 19.21882
97.88678 13.71452 95.13074
98.83949 56.20370 61.88182
80.76914 42.95023 82.00485
71.76298 49.34270 99.32399
70.63498 33.52489 68.95839
98.02860 18.90268 71.58227
65.97736 81.55506 70.10778
82.63833 30.47659 93.93045
49.42833 73.68361 70.88021
24.15758 20.92399 20.05195
83.49527 68.39314 31.78231
96.25461 32.27804 87.02932
40.80021 37.12684 9.93448
83.68591 9.36482 85.97048
79.07310 4.97229 75.33871
90.19211 40.41852 67.12106
83.38404 34.58680 78.60192
74.28508 46.95588 72.06839
82.22488 69.06573 39.25553
89.88128 42.02390 95.12136
5.83809 21.98586 22.39832
64.92746 60.81694 99.08443
99.23944 40.67391 85.88522
8.61841 14.73337 46.56598
75.98168 89.70658 28.17907
91.50012 33.73019 85.44331
85.03813 36.21179 93.62341
9.04435 96.36732 93.21992
86.26833 33.75066 80.68320
77.34738 28.67935 82.50889
63.56992 57.18320 58.01549
85.80210 16.95079 70.07901
46.90756 89.37650 76.53215
72.43029 89.30050 59.16622
76.35350 39.89344 71.34141
84.75987 21.08871 94.09244
51.91447 89.48047 66.74758
70.34687 5.02009 92.69734
71.53968 3.23946 92.02181
15.29296 10.83832 36.39532
83.09682 36.61041 90.45382
3.00684 3.00627 36.98003
69.61389 84.55047 15.61381
63.06549 84.83201 51.77156
76.19717 32.18314 97.43955
31.33547 75.00678 91.77387
6.82416 34.74799 6.96041
74.72059 70.47791 24.39504
90.31570 34.68765 95.62394
86.11711 36.10722 88.43362
54.66541 50.83487 95.56959
86.71540 4.07992 86.56178
82.82204 28.85352 76.13626
18.95553 14.87604 31.58106
85.05389 41.35091 67.62036
29.46323 31.19876 42.24820
27.38718 45.03156 25.22223
90.50432 67.12315 70.94624
87.31526 62.19904 65.15932
37.32161 73.21371 99.56755
85.88532 17.85385 84.92277
19.66063 21.52990 39.32439
4.67114 3.51296 21.68349
82.53761 95.99583 46.24888
91.72832 26.88100 73.56764
99.77201 5.76374 83.21691
73.87346 17.76733 93.99780
70.79371 72.99129 36.07433
81.30880 86.68608 45.14700
95.78740 10.89502 86.31881
68.04580 41.96687 91.36975
37.69344 30.28239 19.94445
74.99822 48.09806 89.71046
77.28465 74.58350 82.32343
98.24567 23.50226 77.79822
69.80061 6.97391 87.35015
99.11011 18.01364 75.03168
74.45342 42.62479 86.52041
4.47870 73.18061 96.12704
56.78620 78.30196 62.46478
91.88679 42.97684 75.21414
71.63497 15.39504 88.17205
75.83471 38.54507 98.15975
64.89559 60.47269 79.88632
72.50944 71.78547 54.70551
50.38664 54.04251 70.53433
97.94244 19.04841 79.30215
67.13571 3.46807 83.63798
74.00816 45.68129 99.48158
82.72537 84.09219 73.51682
73.39279 36.67459 89.58774
97.24392 7.85166 73.06812
88.21095 23.63514 78.26497
71.47819 9.73212 99.26966
78.27909 21.26403 73.54568
89.16696 70.58446 4.28248
5.52719 84.17842 99.50182
40.13025 73.52663 88.46049
89.02569 9.93120 72.98068
98.60686 13.72811 78.62191
68.43116 76.26415 67.60983
43.53310 24.20941 46.29629
13.80692 68.20480 88.31798
76.10259 29.91077 96.73288
14.03838 20.20693 16.98741
87.45539 20.40235 71.95870
29.00272 71.62767 96.62384
67.31499 34.94893 74.30552
79.15848 42.02706 81.27840
50.97639 76.03553 93.24936
76.05036 29.11997 88.90800
76.79040 25.10186 76.11560
82.75849 5.74010 97.69209
71.04177 81.82190 34.20048
10.46934 81.58072 99.54869
24.68588 67.79240 78.90401
93.44940 42.10756 84.62038
74.06353 72.42010 77.50281
31.78720 66.80880 99.14861
86.74346 48.36577 93.63201
87.45484 22.76800 69.98309
82.57827 19.98012 77.68601
82.88428 93.71235 34.91789
94.17663 19.21468 83.90072
15.26147 8.49432 11.47089
97.56736 38.03089 96.04490
77.75341 18.14968 75.62743
99.93299 44.13706 70.19152
85.45641 9.19419 94.35604
74.44630 27.43265 75.95643
98.81894 89.05957 28.65330
88.38739 7.58075 84.71263
92.17678 12.82640 83.34560
87.27507 5.36902 86.14871
12.37811 15.42583 20.31758
69.90205 11.72115 94.75726
71.75090 34.75835 91.65624
77.56902 35.64206 70.06773
91.05429 25.08922 86.64521
82.63502 34.76660 77.52017
75.21114 1.95269 83.56315
69.19613 83.56945 10.00711
83.65587 16.55152 99.98607
21.47786 95.58546 77.94134
79.42205 39.73980 74.12341
68.42499 23.49612 70.63605
82.64071 45.17641 76.48429
91.53269 41.47118 74.28874
83.19283 76.84785 71.26250
79.60095 4.47691 80.67306
96.38014 2.92897 76.37136
88.81903 27.31049 68.95459
56.95708 87.53295 51.81539
95.44522 16.32479 76.73243
27.98253 14.76590 30.83548
39.95392 81.20547 78.49018
94.02828 26.79622 86.49050
79.14906 30.55068 94.74686
71.36569 32.96952 85.39066
84.08731 26.83961 88.17304
77.46971 6.93356 84.14043
74.37327 10.23439 69.10095
99.49753 38.12320 78.96286
77.17773 67.51858 33.96110
14.99290 91.73403 94.82155
69.17759 74.49851 11.69157
55.63065 50.63239 69.55054
75.61416 79.44343 1.39451
84.30654 46.17559 76.82044
82.92032 14.15081 70.53986
74.77553 8.20800 86.71207
72.15504 42.98807 99.84962
93.35655 49.82867 99.08930
19.73414 12.57232 23.41197
79.91292 33.20429 76.32374
89.15309 97.07687 12.01879
67.59291 9.33917 80.30756
68.31530 16.34438 88.66185
88.48436 6.69000 71.83852
78.94893 36.92107 96.24787
83.95948 89.10649 79.16177
23.61359 98.70148 78.97844
12.53829 83.69848 97.18909
97.60058 59.50354 56.76380
94.33178 10.05326 86.74493
49.42777 67.08549 99.46093
67.08041 23.09714 72.15053
23.09874 91.05703 80.02096
85.56793 43.45578 96.74732
81.30802 71.47047 31.34930
89.17793 46.92724 87.25028
77.01043 30.49589 67.37147
84.71012 6.97366 92.60926
70.70938 6.78732 80.65113
58.41945 83.04804 86.67056
85.98497 37.43931 95.38888
34.70126 17.49260 9.16237
84.02145 18.92410 76.43880
67.59051 96.66922 37.21359
36.05480 48.02864 17.68362
91.96750 31.78098 82.30690
91.97671 97.43005 5.92885
88.39497 30.49565 75.69062
84.72772 14.43432 95.42248
84.46097 32.87087 84.86324
76.44849 42.15134 69.87598
69.33349 34.88385 77.01043
95.75832 37.23266 79.84771
61.16253 82.82087 89.60962
85.46543 97.42409 30.41400
26.05341 49.18904 47.64565
67.26804 77.30679 61.91614
94.25346 30.13921 73.73145
99.05444 35.26217 98.99540
5.94057 93.08964 86.93337
42.58928 42.47280 4.48112
76.30516 17.33306 91.97346
29.65250 89.57081 86.92930
18.35361 75.14005 68.51578
93.31658 82.13304 1.15063
74.46309 25.15112 99.03943
97.83245 20.81895 79.62747
97.59496 68.21936 24.09504
90.11387 46.67770 81.58986
86.52034 82.40490 41.52401
88.37102 13.78531 74.29742
80.98854 6.41776 75.88939
69.25425 4.79569 76.04083
98.19939 85.73399 46.27735
78.25344 10.06383 80.99978
81.13206 40.99065 88.88692
91.01340 14.83703 95.14328
77.81416 69.32876 66.16841
74.60181 1.12911 80.26283
11.55029 80.49380 92.17827
69.60817 55.87370 90.14591
76.68779 19.47203 67.39985
89.18241 33.09432 78.15994
83.37038 44.46837 90.84447
21.86094 47.65010 48.79183
63.25894 83.10161 59.10726
86.51027 3.13053 86.28763
74.12881 4.34800 94.20588
93.04741 16.38902 76.80292
