100.00000 100.00000 100.00000
77.97163 63.68097 51.23627
70.78200 59.29305 92.84073
90.46305 68.52763 59.54288
87.01278 83.96788 3.07260
42.18887 95.30954 85.46191
67.51483 21.07956 93.97466
5.20423 77.38771 87.84481
95.56383 63.14669 73.59718
83.01278 63.99982 68.36944
89.15661 83.90254 70.88627
92.20740 63.69594 91.26914
93.63281 59.26466 93.78782
78.61111 57.50928 50.56155
1.64677 85.94362 90.03774
64.34189 98.05289 94.17549
79.87823 16.47842 76.55290
51.67172 90.41032 50.76128
64.11183 92.26010 51.56434
86.74423 81.98758 93.91417
77.78116 78.89221 27.96412
96.58973 76.61866 30.44088
67.42716 79.20264 68.75985
6.35941 8.13739 30.14023
93.78338 78.39179 73.80893
96.73164 73.06804 80.01443
77.18126 66.90111 61.27056
50.82371 93.75018 87.93425
51.75297 55.00700 65.76694
87.81702 61.41236 86.68283
82.99651 15.81288 93.51960
53.11744 96.59109 69.70643
90.27253 99.59170 80.68591
71.20148 92.27628 35.00642
64.26753 97.25122 68.55782
84.43153 62.37746 96.72515
70.76961 68.35905 13.45449
66.65115 92.33239 62.16558
70.01800 57.74390 92.51202
69.75826 34.71338 88.33826
84.69042 49.82955 83.36932
88.05196 88.12293 73.50704
93.32759 57.79648 89.88133
18.19820 92.97135 81.58172
93.44873 42.20727 79.86630
63.44039 51.54574 71.22797
71.08847 67.22686 67.64004
85.19066 48.60906 90.31557
55.22286 68.05502 72.24173
87.51380 98.94812 90.82776
81.82686 67.02481 48.65617
67.58839 62.60999 97.64064
77.17879 88.55218 32.36537
16.24634 93.00837 81.05990
86.75818 64.76177 93.07412
33.65732 98.98611 81.48221
71.11155 20.29718 71.51212
70.15114 91.64902 97.47855
62.76199 99.65339 74.10130
56.06574 51.12015 54.44688
78.47737 81.51962 60.94852
26.43344 15.04321 45.54559
56.49034 53.47141 96.20999
96.74120 52.11530 63.70010
75.98674 74.83664 32.14516
54.88181 67.47477 60.21819
60.25963 60.18234 50.82371
95.68753 87.32460 89.32313
86.10954 95.35889 81.83674
50.39921 56.74744 96.49858
75.70139 54.36047 61.23996
30.14599 83.79341 82.18487
89.43221 85.19533 68.61135
55.36462 76.29107 93.75801
88.89121 96.89987 90.77150
69.24454 70.40760 62.43142
58.06008 56.36889 59.81255
98.83049 83.78695 93.89379
99.94727 79.60968 89.39503
81.84803 61.26020 53.00389
98.14353 85.29211 70.81358
84.91713 99.99929 55.66940
77.68291 98.28852 28.06316
83.97612 51.02642 54.73408
32.24680 82.53362 72.72730
74.17688 75.06244 9.18819
80.28791 63.17756 78.14744
96.03751 74.84857 47.86571
59.73554 76.59600 52.03139
67.32283 31.84356 84.18000
97.32516 92.24396 98.24307
59.58661 68.36312 92.14057
90.84475 75.77467 17.69718
13.45433 68.08064 93.40173
67.15850 91.90654 88.99467
61.38322 84.15302 93.98823
54.31895 98.49623 78.80132
57.44601 85.35935 86.96749
42.52894 25.72466 9.78996
87.23127 54.44679 53.39748
98.78791 45.66118 88.30295
10.37987 94.34896 88.11828
19.71071 39.01720 6.08170
54.48337 64.79826 98.64087
3.66399 99.84966 69.93267
70.79368 77.53102 81.42809
60.59014 78.99114 98.18316
77.09375 65.67158 65.27814
91.56538 83.70133 99.68204
72.71689 59.96464 69.80497
73.28142 67.22628 41.54506
71.66669 90.74578 64.73228
91.00812 57.41223 91.93936
64.73268 82.45886 69.31555
87.40380 5.02039 82.90917
5.20842 72.30289 92.62545
67.85654 84.14756 54.63552
74.15457 87.22881 56.31757
95.44024 86.58646 25.48129
91.65019 63.27630 64.99016
80.10810 8.86360 78.72354
4.28875 20.85496 1.67530
81.59676 43.31531 72.00968
65.05135 67.34114 97.07345
19.06648 14.29124 25.95059
55.65816 53.88559 57.93836
59.36202 89.76767 95.86342
99.29705 97.55997 74.94479
80.86650 80.15580 31.20262
91.20404 60.98351 65.97720
49.97779 78.36710 85.93690
64.45997 62.50246 58.33422
97.13007 47.32589 77.56045
59.55430 50.56173 57.48069
8.74145 85.26704 75.65287
94.54450 80.81543 2.53616
86.57911 63.11406 67.89981
89.09806 68.50459 63.79855
57.53071 74.19183 68.38447
66.05924 61.75324 85.92545
70.64590 70.28203 79.49220
50.09516 61.12514 92.96282
20.76726 89.80227 93.59655
67.36206 62.20003 68.38814
85.30268 67.91193 70.24070
86.23078 95.45816 58.41321
81.15076 67.32334 60.76274
68.73081 9.55880 79.97742
99.69411 67.37697 69.38535
79.73455 92.74863 45.78584
82.30082 53.94406 94.78589
69.26699 79.03615 55.31123
62.11146 51.80615 68.40667
98.81672 85.60044 68.45401
95.45902 59.31907 68.42981
59.96959 98.38341 71.89358
77.49270 85.64842 57.87757
78.83560 57.32877 71.86346
67.94845 63.48094 98.95638
83.73074 87.04492 24.07159
79.14832 57.31649 50.54227
71.57100 54.22227 59.71853
51.53109 63.99538 60.66450
67.03443 40.46120 72.91076
71.25178 51.77579 71.89426
95.70105 67.89301 67.40637
81.43657 57.28193 88.37099
47.09733 95.68580 82.67069
58.20949 80.59901 50.89508
92.80713 59.31513 51.27349
87.66083 46.23125 83.64081
84.63207 20.36062 83.03737
86.04859 53.65282 65.06781
54.52239 79.41933 63.95381
97.88731 77.37336 67.76835
89.18298 50.28136 68.47744
73.65344 85.44834 70.73449
61.76602 55.99838 92.74714
86.25114 9.97269 79.62890
4.66926 71.65626 67.33405
73.29328 83.61445 95.05017
59.44599 96.36923 92.02643
73.98828 43.47675 69.51337
58.02195 62.41374 64.84769
71.49371 69.34302 66.16546
59.90165 99.95681 84.61430
87.05661 78.55014 87.26121
92.39807 99.36131 68.87674
58.02733 53.23211 65.94268
53.23742 99.28134 75.40451
89.31345 52.39603 68.11946
70.21203 85.04704 60.67911
10.02521 44.64821 16.95754
73.16151 79.00586 97.39836
68.47444 17.77439 78.23046
96.33264 89.76789 35.30339
94.40811 9.74900 73.27369
84.69668 97.65606 79.60819
61.37366 92.48455 75.11511
96.23371 60.97702 79.09079
95.19180 1.01918 87.19994
50.68378 60.76112 78.07418
69.55475 89.06655 10.61202
64.86515 69.65493 89.59371
53.70907 68.66231 61.86275
83.60476 81.94496 73.34180
15.11508 72.22688 73.26466
95.88119 83.32829 12.17744
77.95199 9.30090 84.52969
67.13039 77.94826 90.04779
98.16620 24.07579 78.54130
63.54505 94.28222 77.67479
95.49593 80.47446 62.26310
43.63523 77.23858 73.39348
99.73851 98.77954 93.76547
94.46676 57.83713 81.19154
79.04637 9.96775 81.94486
68.00404 68.38006 81.23788
70.24010 58.72519 77.68219
73.42287 69.94344 11.84320
70.72845 78.24541 42.33031
25.45330 34.06103 10.79248
69.90608 57.25537 58.23952
15.63146 29.98331 45.06308
16.87925 94.36887 75.44831
99.92466 84.08848 83.62247
90.28674 81.85852 60.87524
2.65929 40.33854 15.10777
64.45072 71.07356 68.19247
79.79968 63.86256 98.15068
80.49438 89.84026 24.55259
98.79139 29.00356 87.49636
90.05391 87.00351 62.89087
82.21043 91.68354 71.03040
79.56273 62.00956 97.82064
44.58644 37.65608 31.09023
69.05011 69.34009 35.05426
89.38626 55.56487 78.41742
56.84759 55.05330 60.35651
92.97467 17.77473 98.50258
63.05987 93.26643 70.94207
50.90676 72.66384 58.26485
34.46359 96.03086 89.20774
11.46233 15.20251 25.40294
86.98280 5.48619 83.22330
28.11647 22.90931 29.36932
71.26496 62.07338 70.42561
76.38472 90.42745 60.28669
96.53712 97.10852 52.21404
98.52696 81.44954 49.15412
77.07891 53.03540 88.37035
57.75535 82.29423 92.47497
40.38234 24.89981 46.73856
30.01225 95.33208 79.33796
14.95040 91.89091 98.35285
84.04630 80.33712 98.68344
70.82543 61.94029 95.74193
79.73102 75.16317 79.08177
62.38176 76.50049 65.19882
72.30687 90.07831 97.04886
64.38463 56.92219 87.78679
37.42603 2.53693 16.60121
69.69134 23.46479 77.86331
88.00974 78.01939 24.55352
59.25101 87.29877 70.87681
78.15389 79.22638 51.87959
43.98743 70.09671 95.35766
93.44243 98.16092 81.67588
83.68995 25.22399 90.20351
84.71572 71.57706 7.97560
3.29916 92.73644 94.89079
9.10159 15.43770 1.55523
99.99191 80.75991 50.92614
83.16630 20.99947 67.85250
69.92520 82.46191 95.58908
95.03569 82.14898 59.59771
90.63436 77.72875 42.43684
55.48133 90.65235 63.67426
76.35178 98.86738 99.36842
45.39437 96.40793 81.49781
58.46572 89.60619 56.23090
73.92213 8.56135 85.20419
97.17616 72.31311 64.08786
94.09711 77.15656 32.72246
19.12341 93.85809 90.57049
64.39399 75.48273 73.70997
6.48923 69.02310 92.99173
51.60416 86.41288 61.89557
2.34235 47.08553 37.51005
72.53028 79.24527 95.73056
27.66377 76.50417 83.18304
13.61429 15.23316 18.38461
71.00199 68.46863 78.54495
28.77673 26.70607 16.41326
52.81754 71.98624 50.30769
70.19480 79.68944 30.38630
74.04984 83.51804 61.53678
94.32259 78.80573 30.99134
98.24191 70.17126 77.36383
57.47868 94.93085 59.26948
33.44954 35.24093 13.92319
28.37141 70.60175 83.56616
91.86646 83.63594 92.79195
73.55694 44.72924 94.95508
53.50689 91.54581 55.42203
75.91485 68.65676 54.04363
71.81525 96.93113 31.38742
81.13994 83.36943 2.54873
60.96389 98.79469 74.39966
75.06225 59.81089 63.26249
58.06585 61.49055 70.06949
94.99415 82.96380 59.08747
61.06438 92.48409 97.96707
85.62388 54.07554 58.38829
83.96392 24.43479 96.30183
73.19718 84.65049 26.69448
68.09620 79.98568 65.29367
91.07151 99.48697 49.57322
94.42728 80.40717 75.32907
14.61108 41.62311 23.37466
95.88442 94.36358 97.51398
80.49279 63.75635 68.61063
36.46151 44.52848 8.62790
76.02357 26.54846 67.01627
75.48119 67.19699 59.89518
57.57130 51.77606 58.27937
36.57319 2.22672 17.91117
75.82817 69.13074 4.81739
38.36960 20.54457 14.70810
65.58840 70.64962 60.79485
95.95557 70.66662 82.32749
95.87331 88.72117 36.46084
88.02381 50.08086 53.11170
76.52079 82.55343 56.09068
87.17768 36.57377 69.20676
81.99431 53.24145 81.11098
81.05802 80.96848 16.87096
78.50000 51.88479 57.48707
94.59975 66.06017 63.06984
84.27592 98.19996 73.05058
2.62642 32.38043 25.62983
50.06835 68.33170 93.41365
97.97055 74.32009 91.40678
85.23034 80.89617 61.86149
88.56006 94.68275 49.58101
79.81879 65.51591 73.04109
76.77390 81.07961 38.09660
44.14137 39.79243 22.44434
97.29123 41.77470 93.86850
50.21823 57.93260 60.89547
63.76137 92.31290 73.35464
68.91362 93.03269 56.60407
73.58922 62.87603 83.95924
93.25988 69.79591 71.23459
75.07202 75.52728 70.79724
33.67372 25.64297 5.14242
60.60492 93.18812 83.75817
76.58867 77.37760 73.53980
2.23026 9.29929 42.05994
68.86758 87.00523 51.07134
74.66107 2.15769 76.39444
85.12653 96.13801 69.02735
92.56330 83.81791 70.08566
67.40152 24.50370 89.74185
86.02020 82.45597 55.34104
59.59951 80.21757 65.72193
71.37822 79.09750 63.70247
73.40199 85.55671 66.23502
78.46580 88.96449 78.58587
69.66374 48.41683 79.69138
67.75364 96.02202 96.26731
76.02528 65.93379 96.78576
86.05942 94.50022 55.59383
74.15234 75.18765 13.64453
11.27257 78.64093 73.01772
94.45915 69.64158 44.65616
70.21547 73.44297 82.35861
68.51501 69.21567 77.41378
69.74787 70.50344 21.57544
70.10101 67.65724 56.59166
78.31473 47.56199 98.91270
95.34245 97.22483 84.65937
45.45702 42.49275 12.68027
69.29255 64.31180 75.95109
71.74794 53.97434 96.97194
56.81214 57.74456 78.54267
71.92036 70.65528 84.01513
37.55178 97.63988 68.49147
63.43733 65.23523 64.89495
81.26946 23.90017 92.64663
71.82514 94.48312 95.14626
98.18589 72.52387 6.09831
81.68086 89.34239 64.03695
94.74787 6.42816 80.41037
58.64554 96.29819 70.03003
90.04714 93.44415 83.64583
2.65094 71.81113 72.53211
55.54455 76.98269 77.34256
84.68936 80.94349 15.41445
70.24030 71.76654 60.73151
98.24482 46.32138 97.36242
69.72201 71.91162 87.30868
55.20200 72.54267 70.73016
58.03745 97.26691 67.12507
61.79271 67.38123 98.16582
50.25009 81.76627 97.75360
95.94963 67.16087 84.70316
46.16322 8.07406 29.55007
67.04161 57.12003 67.39180
67.89408 62.20045 85.17826
66.84003 44.34252 89.97273
67.61098 96.15592 87.90820
65.59593 85.80486 61.87169
80.22124 88.29138 60.16033
1.85149 78.61687 75.76240
59.68157 77.95201 56.30249
79.86093 97.62863 2.79769
89.47508 60.88954 62.83023
3.86777 87.95230 92.53844
64.56335 88.35615 54.56553
78.90202 10.84757 96.37072
78.54671 58.82066 84.01664
66.78711 95.67036 92.93882
53.52501 60.87438 99.51913
18.38044 71.37343 69.29012
60.05197 83.25009 80.87444
88.70282 61.41970 82.88347
57.41883 76.82241 61.30204
60.15255 91.08435 99.10208
70.96864 76.15319 81.14115
59.79149 71.90748 85.62934
81.22396 86.00495 37.53598
89.41468 94.89630 90.31542
21.43490 16.89252 12.09652
52.66752 70.49772 55.11883
88.88048 55.83891 63.54905
13.91229 34.42943 21.55460
13.36366 81.25648 67.90799
11.80322 89.54126 73.70073
86.46073 98.78274 89.22023
97.86478 69.80808 89.96720
52.72415 75.86171 73.58815
96.81453 81.11401 49.72557
59.77648 65.75978 87.47055
44.10317 94.18975 91.52593
84.93658 97.68018 9.66242
72.53476 57.63145 98.86948
97.83295 99.02147 98.46663
70.92100 99.20417 65.09552
99.30184 56.00064 95.82308
68.40679 81.76303 16.48221
57.02519 91.45690 77.17949
38.64246 75.61950 87.85201
12.10119 98.16846 88.23020
98.86449 60.87146 62.54968
76.79678 76.42853 94.62406
97.82329 58.52153 61.88287
45.83815 80.93506 91.67414
7.50500 70.06480 76.43179
50.38191 80.90600 86.45621
83.66117 60.55238 93.47625
89.82650 94.89074 93.38686
18.32738 87.27238 87.65430
96.17567 54.87555 61.88449
73.66784 93.59008 57.97894
47.34826 96.48607 96.86368
68.94574 45.69680 89.67541
95.90761 62.58486 69.75285
33.05613 42.34902 19.57487
83.81732 37.14457 99.81270
72.25788 63.39556 98.36788
7.52246 81.20077 71.70092
84.51936 72.67766 11.86723
71.63927 90.89439 17.48694
11.04566 99.58397 80.71778
73.95461 75.98658 99.16753
57.28554 56.74267 71.26018
66.28904 67.60933 53.04301
23.80513 86.60501 94.24993
13.17297 3.92800 43.75616
97.50422 64.91137 76.11052
61.66722 75.75643 87.47063
88.63122 38.86811 98.89107
58.38188 55.11540 55.47535
84.51455 4.00041 94.75081
63.86155 60.55300 93.77447
56.66028 71.30615 85.47500
68.98428 88.45888 81.03824
70.91494 76.63696 12.13069
61.24957 74.92195 83.79294
25.62635 98.10328 68.00785
98.39791 17.56298 72.92705
6.53031 83.86665 94.02730
98.07961 80.51740 49.40231
68.44740 70.12386 95.00258
75.96384 19.20397 77.91989
32.71626 39.42304 43.17209
73.52107 55.25064 50.11258
67.26413 81.40511 84.10107
52.51520 89.97939 93.09989
40.41070 70.62945 94.91764
15.13223 69.40518 85.42028
54.01679 77.28281 88.42512
96.35527 17.69524 68.96787
79.88442 96.14847 63.30556
99.35952 86.07095 72.37856
11.64978 73.83423 73.49211
92.74849 73.45874 79.21593
35.91275 16.00221 3.33787
68.13443 90.01341 8.74292
84.82225 55.35799 81.69420
14.25308 85.54224 99.57091
9.67296 40.14225 5.69045
40.69884 67.65223 93.47954
68.30075 79.33526 10.64994
69.70962 70.18685 7.18806
87.74783 89.37573 99.28473
61.46563 63.47367 62.13092
96.86637 92.23046 34.57406
94.09848 66.27042 57.71957
67.24485 90.81760 77.57018
86.77162 79.70951 84.25266
67.78385 90.50976 32.73535
72.64061 82.45556 72.06627
73.16658 15.10708 91.14621
10.96802 76.52579 98.89483
74.84863 50.95732 65.81719
50.59179 64.96008 59.92490
71.92317 52.98489 61.35624
93.49129 91.01636 57.90670
84.87354 73.10491 15.25707
31.54169 23.28608 13.66655
94.34671 97.60950 73.39155
71.11744 69.25175 98.72373
68.57714 93.57521 83.04630
13.87403 78.72825 80.81507
28.89479 20.37148 37.90728
67.01687 73.09844 40.81350
5.55687 24.29742 22.69532
87.20848 5.87579 96.95739
67.10588 1.94252 71.94055
96.29441 87.46503 52.92665
80.34339 58.94319 70.43602
84.22015 60.66898 53.42564
76.40226 77.49248 26.55579
56.83005 56.30734 54.80758
87.46471 2.32242 74.81627
70.00107 97.86245 98.95851
64.02398 81.73261 79.65884
50.69276 69.46592 65.56030
65.78450 70.68771 83.65139
80.53373 25.70636 69.04503
78.25081 59.61540 88.55916
53.28689 98.24389 79.43001
25.36168 72.09286 88.35140
50.40419 95.81641 64.73740
89.88137 89.20625 96.55680
4.09240 85.19036 82.30840
73.89979 22.60461 88.97259
86.14537 61.76680 83.92065
95.02017 83.43499 68.76899
96.56950 33.79599 97.46970
60.20335 54.02830 60.33251
74.86293 87.43362 26.26939
49.42125 90.16841 71.37488
50.47806 76.15947 55.69575
20.70502 24.32036 40.84711
56.31630 64.06972 51.34137
69.04189 97.08410 41.82401
95.35882 51.64325 66.17016
65.03611 52.07284 51.87858
88.58219 75.74660 25.51664
72.48211 84.10244 59.81102
73.45639 68.57980 48.32495
36.83569 1.45300 28.82438
68.51758 20.82700 85.32628
82.77739 84.50060 69.30285
67.61039 22.00808 85.12218
70.19912 81.64276 69.14189
99.06546 93.47749 80.86463
88.20445 47.26783 75.89359
87.18446 96.77807 43.19692
81.64175 76.48306 50.96871
52.99567 54.88274 54.30983
83.82912 84.64052 83.16378
79.68555 60.23544 53.32647
56.35451 74.61771 64.00737
64.48308 63.08290 86.03962
11.96031 33.92050 23.55750
58.86223 87.97087 59.09491
15.51722 94.89672 66.75849
55.11999 87.50472 90.81200
78.56742 88.37646 78.13000
5.54464 28.92438 15.07144
69.14803 47.48757 96.03125
48.25911 23.16921 4.45675
95.45454 72.03785 86.33737
14.17553 79.11060 74.64564
98.55479 68.21378 5.47727
72.47078 87.42026 97.99139
70.67217 96.45472 85.51183
70.90163 67.74548 64.01039
97.36195 95.36150 95.91168
92.56957 27.23873 94.17905
52.31542 82.63928 50.69208
69.33390 50.81976 84.44432
59.27788 62.01046 66.75524
50.77102 53.16915 81.87753
74.10741 70.58354 81.56701
78.41189 21.24948 75.93788
45.58526 19.96666 21.02472
88.06635 74.87129 27.75165
5.71317 2.67424 16.28056
95.67220 86.40666 34.18796
90.80507 97.67345 28.63647
81.87025 80.42612 61.60834
73.30634 89.83304 56.68516
52.14653 83.55218 62.35922
4.63511 97.49884 68.71687
44.99928 39.72930 42.66294
9.61976 47.95176 48.85515
39.10452 70.05236 99.62933
74.24551 86.32652 8.77218
90.02964 71.28799 67.91943
70.36259 91.19331 97.35010
94.64659 92.64720 60.01876
53.44496 89.43625 64.75880
17.19393 40.10735 25.73679
56.34658 97.79429 53.78856
54.29144 73.93869 65.74398
70.13478 95.42983 86.92719
90.49316 74.88848 72.82337
61.37504 62.50557 82.39920
9.43587 8.23167 43.75427
98.67326 54.28715 55.90413
54.00580 86.54392 61.54399
95.32766 96.66316 74.12550
79.02627 78.42626 92.40682
43.07855 95.21306 97.93659
85.09287 4.01285 90.89078
98.35279 68.17013 51.43201
54.12755 84.46674 76.58419
13.19412 77.96790 87.18528
64.92513 70.50618 98.13701
91.93609 41.14641 89.51609
86.99265 93.51076 82.67181
96.26306 66.80190 58.42845
86.73020 59.17128 64.46363
35.05884 25.74788 19.33419
14.85080 16.08572 26.30346
86.70712 80.13612 68.33263
87.99116 96.81647 92.61892
93.63872 90.03495 73.82026
99.27704 77.04947 42.65521
61.90777 79.32318 86.41009
91.45646 50.89441 79.58237
97.35798 93.23457 93.37233
77.54621 58.35460 76.08264
83.00706 62.03204 84.15717
81.47805 92.54504 93.27877
43.87543 87.81039 72.20552
5.30538 88.87926 83.65683
8.98817 1.57599 24.05303
64.13421 73.97577 87.52848
98.77064 71.26693 88.22829
6.66560 25.68452 22.66431
91.01670 89.05605 33.01520
45.42639 72.53408 88.15595
1.41416 15.55805 37.89852
71.59670 61.85332 76.92577
88.68108 67.81175 53.27548
73.23659 68.76551 26.12263
75.75365 78.97373 19.70337
4.01473 75.43404 86.25120
94.35950 63.46199 83.25852
11.33251 69.36093 84.36592
21.50024 82.40058 82.74102
60.96281 87.98370 69.41087
86.20455 94.48993 59.57920
91.10060 28.83626 94.30200
56.99459 83.85737 70.39113
79.13463 17.52281 80.89375
48.41670 80.47062 87.46167
8.26882 67.84851 87.70615
92.54576 69.50375 9.06441
91.67895 90.00108 87.07939
90.56755 88.08222 50.14766
86.82415 63.38915 72.87197
91.47066 89.62170 89.87079
96.34335 97.80726 22.86499
24.74123 23.20542 42.41976
54.65911 89.87489 55.57473
83.26671 95.57903 68.06344
83.36575 96.94216 28.38391
71.18999 54.28821 89.71822
91.70026 62.85233 98.52315
14.40163 23.33721 31.51050
88.16393 79.06585 54.04285
91.91340 24.89711 76.66209
7.09100 48.24965 35.25283
78.01499 88.93444 1.09255
47.66067 89.05626 95.72943
78.20192 59.35584 98.10222
94.95501 31.28294 99.93017
51.08632 65.97898 94.98228
86.53115 23.03944 68.17008
61.09519 57.33891 89.38987
20.99652 11.00334 22.50393
60.91481 91.86509 72.43085
74.27833 77.62733 78.69935
19.25090 85.99240 95.73304
8.90322 46.33497 18.68758
88.81444 53.77337 70.22799
89.31680 94.99679 27.49054
69.28883 84.47353 43.29631
86.72809 27.07403 82.19491
99.62952 95.61252 37.52602
34.30882 66.89125 86.66404
91.40343 68.34312 17.76876
78.96592 93.99947 54.17301
90.59822 92.68316 15.68676
33.40228 98.09317 72.00097
61.64654 54.05983 77.71817
74.41981 76.19682 80.88043
50.93818 76.29539 53.27297
10.24259 46.20740 45.42220
31.10352 97.80535 81.17507
20.05243 84.22727 74.68010
73.71307 92.75717 76.96516
93.52075 46.17111 98.12377
98.75203 75.79964 54.30262
1.93841 81.52735 85.83684
63.58916 97.34942 54.63994
90.76521 71.09451 83.99678
93.01421 27.50042 90.50599
34.70512 30.19256 17.12148
82.30020 86.32401 63.45386
92.56327 4.40252 81.00232
81.23808 71.56485 95.06772
23.26363 98.51151 76.06757
94.74815 92.84838 89.52725
80.78127 84.50413 78.82690
92.12564 92.68062 88.92178
70.98276 64.32118 68.34469
84.18622 90.40761 88.24636
88.07768 95.11580 5.13098
78.43617 78.53704 47.00541
93.40530 80.32780 54.99407
77.01702 76.93630 50.70940
74.10736 28.47814 82.24699
62.99366 86.66131 69.00967
73.56958 72.81957 47.21478
71.35148 73.27879 53.15681
79.51640 61.69072 91.17513
69.26185 31.84692 76.37885
72.90957 73.04263 94.01394
73.97325 53.25973 61.00273
55.74645 82.43498 53.08864
78.53956 66.32751 64.81256
52.89373 79.51086 86.36080
99.08120 78.02377 64.33381
98.82624 38.10310 75.26102
96.57868 8.26484 72.53358
62.95629 71.38812 79.98987
2.23429 69.13437 81.23109
68.43504 72.93628 39.38020
15.45107 41.94428 33.53186
64.68959 84.57384 72.03097
72.49039 97.62142 68.10869
78.39741 93.12013 63.92775
81.37637 55.51895 96.35565
69.52304 92.73876 2.85342
76.39175 68.05642 49.56373
52.78945 64.82676 97.72204
51.42506 54.98251 55.37946
52.49215 96.94796 69.98641
35.35172 74.65441 93.00742
78.44748 97.54035 62.09072
87.83733 82.91875 19.10612
10.33559 21.58991 36.37259
82.04699 98.73267 58.37958
55.24142 53.72354 61.88681
68.71140 27.04995 99.80107
82.28287 83.56414 73.10439
50.58595 70.40791 53.07112
95.10202 62.36455 87.22510
68.28516 54.76919 51.85012
12.50868 84.85965 89.17266
75.05235 53.11654 94.41708
73.10672 76.88455 82.25265
79.86046 94.96104 30.61889
84.65169 97.46311 37.04895
96.49486 94.81768 21.12518
98.25044 71.75242 56.01682
28.81680 18.71943 29.13332
91.38939 74.50232 65.58890
11.01933 97.91226 68.27144
63.50955 97.42237 71.18823
99.15261 96.09287 63.30659
89.51190 97.50566 96.80826
93.81691 97.07925 32.77353
74.97772 86.56352 81.79624
71.50112 73.30452 35.57824
79.98115 54.61523 57.15806
93.91588 92.54404 82.98045
81.52080 60.58126 57.79574
77.72996 51.38456 57.30328
50.44988 79.69865 96.14969
31.95856 6.04593 3.04928
38.81703 86.01668 93.27386
67.58700 72.39988 54.58300
3.01339 77.14361 98.18405
89.77572 74.89933 89.37939
13.98569 28.90091 8.37594
24.63422 2.42165 21.63155
90.26263 64.08158 65.42591
29.70891 15.73717 39.18472
64.23771 80.74091 67.50125
24.16180 94.36536 81.87188
72.97877 45.64290 81.54011
71.23164 70.61620 4.01507
26.31852 27.77648 20.44704
66.73727 67.60449 86.74924
48.58857 6.52683 38.95167
94.72022 90.30754 81.95427
90.31921 97.90886 57.55162
76.13634 80.75249 98.17222
87.37175 65.53567 61.37684
53.35908 70.13961 94.06515
68.43555 74.15829 76.59401
64.78779 86.25165 62.42288
59.67978 99.54900 75.71104
87.93995 69.31027 2.71838
96.29066 71.40804 13.53648
74.86453 41.45375 92.37077
35.51405 92.45985 69.26412
93.93863 93.26439 57.08925
78.03766 54.51737 59.03272
88.36774 10.33652 72.92984
72.41889 94.51320 93.13033
89.12874 64.12928 80.31453
67.45184 47.59866 72.35041
70.73251 63.48860 66.64690
88.72796 69.89192 66.85892
42.98058 27.82763 26.77238
73.66087 82.75439 98.39334
74.57992 67.26930 97.93098
81.54821 64.63859 79.74743
50.24478 89.08502 53.90849
69.90843 88.20373 56.19530
92.47436 88.81788 66.92901
94.97042 69.44417 73.17196
61.30700 58.30695 55.15552
57.55880 75.51953 53.10915
76.34261 42.95793 77.05706
49.05726 31.44946 38.34182
50.42239 87.16821 76.38035
61.16053 60.76643 69.82017
81.73698 55.00916 80.30284
92.04014 95.57711 63.75025
91.87878 74.63884 56.37067
93.61448 56.94650 97.64181
11.31697 21.48666 18.77816
84.82764 76.20698 54.09766
63.85640 67.28051 91.59398
90.86572 78.77453 85.75424
79.73394 93.67004 64.45224
86.81886 94.39557 45.25160
30.42708 15.64370 35.89711
25.44518 73.86718 75.40085
94.18938 99.91840 74.45176
49.19229 33.91207 4.29268
64.60756 53.88029 70.39525
57.72563 63.03583 86.42334
90.88374 56.71063 60.72176
61.68814 86.33703 79.11381
98.66745 55.45235 71.06811
77.04251 74.29543 72.66523
94.06199 89.96900 66.93983
82.56536 77.20411 81.60981
56.78927 50.90462 54.72593
77.90509 72.63973 90.90943
84.23178 79.76030 95.44931
76.58743 50.49474 77.40876
66.07526 92.68910 54.72435
74.57927 62.60171 79.02734
71.87665 82.27000 84.63483
88.44032 74.60981 47.12646
55.21774 96.54507 81.20872
70.76477 67.30427 61.63013
83.89424 79.05270 67.11640
23.37219 68.90846 81.99563
99.37887 62.00743 56.28233
75.94514 44.91539 98.54164
33.81087 24.60276 2.06984
60.00785 78.91227 99.49045
91.86128 63.22114 92.24415
46.94502 96.30398 93.43732
60.03525 87.45034 70.18705
73.65119 85.56678 97.48251
18.96751 40.15165 47.65781
78.56434 80.09971 65.07285
73.91185 88.62371 36.19068
20.65930 15.04724 45.56032
93.99259 67.30925 19.66535
96.76833 51.84314 55.31111
95.57462 43.97847 80.03928
52.97466 88.04643 64.33081
73.90356 75.52268 94.60204
69.85950 55.97725 55.36681
84.87215 72.28025 95.64124
53.16383 55.26386 93.74767
47.95354 17.87253 17.11540
62.38314 62.48638 53.01012
95.84045 82.91483 52.75664
55.25674 65.88988 58.07095
77.37848 53.52206 94.02001
67.06372 87.90824 60.29054
15.58014 25.12789 25.25755
35.02116 38.84695 31.39108
95.46589 85.07788 88.50754
81.82403 63.32001 98.51881
91.38628 97.25560 98.37512
95.67644 91.46885 96.23877
79.17089 30.61365 77.47067
98.29581 70.50044 66.03765
78.67461 83.91532 1.62766
47.17788 68.35543 71.82004
99.48792 83.33226 70.36695
99.66118 73.57583 98.99565
15.40345 85.03742 79.35085
63.72540 70.66834 99.26442
59.21136 70.08632 68.91351
88.66258 85.55517 95.93130
93.51427 52.03577 68.24425
73.06175 82.08261 69.62912
3.83390 8.57528 18.46481
59.19617 73.43961 66.17209
75.01441 96.94773 86.08834
16.60839 22.15406 48.74652
54.29784 81.16253 81.45423
66.93109 23.57875 87.46562
61.07217 68.90558 96.98394
50.41088 74.76174 66.26960
97.71777 99.24373 57.82858
70.91914 50.01571 61.81117
67.64279 71.95924 11.96074
99.13898 38.98721 70.00464
94.20499 54.08262 51.95222
44.42055 28.04773 2.51373
73.23635 54.52157 53.44543
82.28097 51.57003 55.59492
14.39463 74.51109 97.16424
87.41221 80.16992 68.85976
98.46666 85.29205 14.09646
92.37801 52.57272 80.84341
23.40158 2.94662 10.52890
70.14626 10.35124 94.51123
51.81692 80.41023 56.36685
95.80473 19.14749 73.75251
54.20471 86.63541 53.28866
84.71999 96.17263 73.79523
76.77013 46.09240 70.40544
95.69521 52.44186 52.42470
96.10607 97.24520 74.81587
10.94126 6.75349 12.69493
90.26611 97.82160 92.41328
75.39614 71.15347 72.00726
60.97489 90.41875 61.81114
23.65917 71.12149 89.17756
75.12176 2.81272 84.11614
32.30164 2.79862 14.84584
61.94494 57.82499 58.13342
73.59951 63.08201 96.05143
83.30720 57.74405 74.50361
99.78234 92.28283 21.37311
72.60770 86.09239 84.14097
87.96739 96.08883 4.27596
88.43028 79.14295 59.49569
77.63274 84.46469 80.50650
77.45985 18.74981 79.91122
82.46247 85.19369 3.18183
95.77882 61.45049 53.47353
81.66893 85.93218 73.35078
23.90855 28.65607 8.32373
91.96994 75.94548 92.94995
23.33516 20.78698 34.03282
78.95059 35.58146 90.12179
89.15832 90.61967 22.26831
98.55051 96.98679 58.78056
70.63713 74.30487 80.55809
83.48481 94.00898 40.42700
17.71610 21.90458 40.70178
59.67698 59.39974 67.10879
58.57765 76.90792 73.09825
53.47495 68.39571 72.05076
46.64863 78.47684 98.85140
94.82280 92.61439 23.87282
68.89737 80.58885 20.01476
35.05519 5.92351 1.68389
68.49606 66.47839 99.42893
