100.00000 100.00000 100.00000
5.13878 97.27682 69.51561
98.90600 86.11692 70.57744
29.52577 74.25741 86.73939
17.10858 82.19698 70.84942
42.02469 70.69259 70.01630
78.00750 19.95372 84.28741
1.61105 86.36138 93.62231
90.96735 95.51095 40.36811
32.87779 78.21646 93.39459
88.82070 88.70410 58.00528
26.12410 83.94443 95.41964
74.16062 32.65134 82.14199
18.15863 82.72363 78.90273
6.87158 81.80219 91.96669
91.57151 84.22579 11.92816
72.23845 23.02862 74.67874
46.43240 91.51724 73.85910
3.53218 5.84043 46.59716
42.84266 82.28827 90.77698
9.36227 83.92435 97.20647
11.72529 71.18218 68.57273
99.27436 68.75828 47.25720
34.15117 98.25515 92.97005
32.77473 99.29099 79.85084
29.58944 74.48583 82.49778
40.28054 43.41286 25.26050
46.24635 34.65204 38.67939
89.73508 45.36193 95.68202
30.40771 14.74199 4.55041
42.96548 70.43025 95.92731
87.36670 6.46303 95.83258
28.65466 11.14176 26.61506
24.29520 73.43105 87.02219
12.70641 94.12910 80.00163
83.49762 13.85946 68.60159
33.78964 48.59574 33.38121
20.00879 32.92139 4.24132
20.32818 92.95026 73.99693
29.80192 97.34542 81.36418
5.96204 83.41728 97.23480
82.04193 95.65474 94.28101
4.70428 83.62304 99.59859
4.69326 88.05125 96.20582
25.34219 84.24119 66.76210
35.19464 73.86093 88.91131
1.21064 72.11251 77.69700
18.38207 85.38103 81.01483
42.66269 42.26748 36.31868
41.32338 85.50987 87.93746
8.44031 92.56424 92.62088
16.59094 80.45135 96.22911
19.26440 76.32366 88.86769
39.52937 85.08195 75.22894
2.37847 99.02502 67.38416
58.20243 94.46333 82.98234
26.34346 82.13225 69.06408
20.55825 6.43356 19.58772
7.24113 81.57063 69.42741
67.99450 84.27182 81.63740
96.11924 11.86544 95.94758
1.36439 95.85347 68.99379
2.50643 22.37160 33.87064
1.27688 84.09375 92.67625
98.00728 83.52049 86.91594
20.38610 86.67091 84.47417
96.18773 93.42821 33.58977
18.57094 21.48251 27.38575
25.45489 94.75771 81.79785
21.32887 71.65990 67.45342
17.71192 95.47132 85.48911
17.68232 99.03517 77.66867
28.41971 71.68518 91.93578
49.51619 41.46868 10.02653
3.83526 23.22210 21.81018
26.67634 37.36266 25.65337
73.49936 44.53719 95.63706
43.33711 82.34187 67.41252
48.87080 74.40517 91.85596
45.25494 68.13207 99.50903
84.23338 5.40680 74.78860
91.54176 93.28992 23.70068
48.46426 76.20893 81.05036
24.22096 14.06350 37.97937
20.17583 98.97773 96.08554
19.69211 67.03556 93.30211
27.94973 86.65448 72.42481
35.99382 72.49638 76.82251
88.42596 92.38066 33.02285
45.66370 80.94845 92.61199
81.53597 44.78626 84.19551
73.78906 92.95661 30.69926
27.49160 83.04601 81.76208
18.39896 86.12857 74.22014
24.45788 71.34450 96.49490
95.64112 90.68512 10.04236
36.94316 98.26274 80.19631
25.80303 77.22264 91.30485
7.66129 98.17222 74.73987
8.88707 97.76133 85.98680
48.49790 92.76654 73.65332
45.23114 75.41529 67.87790
30.55301 89.72662 69.34312
89.81228 73.33870 76.35315
70.73325 46.12002 97.86873
5.77640 99.75602 74.50639
12.22127 86.78455 91.14410
43.21069 84.48717 66.88549
97.85297 89.00775 95.62849
34.71917 36.05640 41.88943
24.23775 79.45913 88.95590
42.65364 68.57997 93.27842
49.87820 75.86177 67.64456
5.69223 80.20607 94.72231
5.28211 82.53225 86.20816
42.79974 75.99527 95.27152
10.16118 71.43939 84.21171
28.53037 97.20070 75.61411
80.43442 99.15223 21.01903
8.52603 80.66114 97.70056
44.60906 22.58787 31.54197
82.99096 76.07505 87.03728
24.42712 31.97037 10.42281
16.33027 73.79698 97.72465
9.98080 83.12132 97.22911
39.51420 68.66256 92.04333
10.34206 88.00991 80.03098
91.44626 30.17278 99.65065
81.46521 88.94522 41.57674
23.32090 85.41500 87.62758
98.30099 24.39821 85.93511
33.62400 84.32851 88.94336
4.34886 74.29926 81.86541
10.01794 94.93023 92.69118
75.85997 72.69032 23.24879
79.31146 32.31726 70.56824
12.48773 45.99657 5.89646
62.34880 97.41085 99.59524
95.99907 2.39255 85.56712
19.55541 75.69583 89.44166
30.35153 83.36063 98.07607
82.83362 68.02881 39.05616
32.77882 69.60565 94.76224
6.00076 73.34046 93.68807
18.48428 92.67920 95.81973
15.79050 86.72220 98.81037
25.56176 78.34894 78.42103
55.73660 75.75668 81.22627
45.16209 89.73645 99.54232
33.90780 11.96448 9.69848
36.34633 73.92773 83.69663
18.06737 96.00747 71.93287
23.06468 87.22015 98.18197
43.94147 75.67981 99.02303
48.90119 94.69589 97.70526
46.86516 90.49114 73.36951
45.98796 93.97186 93.54826
46.54286 41.71419 28.42736
96.70667 67.01698 53.15412
83.43757 87.14521 7.39481
11.23001 82.41427 83.38509
89.37569 48.87365 92.04390
10.35404 90.15367 84.90957
42.04990 78.58231 98.41921
93.25834 84.17438 52.45549
42.57947 79.73392 68.42688
39.60881 72.19703 93.68287
92.06682 84.90081 28.62601
45.58899 93.25313 93.24862
4.82562 78.85093 67.61134
97.04956 13.36396 79.09756
7.32875 92.15604 75.44414
27.29376 72.82770 98.90164
40.60056 84.00955 78.55370
35.47404 80.33212 94.60626
5.67104 79.25294 99.13795
66.88124 7.84372 83.21327
43.15451 92.09402 93.44560
3.00315 83.18406 74.29477
49.03870 71.42585 96.75760
39.67582 77.97950 85.70235
17.24385 27.23066 35.10626
6.57705 72.49147 70.92127
59.07518 63.27559 69.44779
99.90566 52.94686 98.52984
76.30825 96.58535 48.93616
22.74018 84.14702 85.94478
33.50352 78.04088 68.70003
39.57034 19.57328 2.94277
50.98023 67.91096 85.73739
47.13060 90.04895 82.26538
38.05566 67.67241 98.66501
5.19411 90.83179 89.17350
80.02277 87.66503 48.27248
22.89536 87.75641 75.66479
51.85523 58.27010 82.96389
36.07751 77.87742 74.24027
36.72061 23.72324 20.12864
43.30789 77.81196 84.79581
21.95477 3.09680 11.29162
30.79543 90.45157 91.22148
87.56484 73.07895 96.58875
10.80762 95.74967 99.34252
42.47384 13.05812 9.17854
18.88870 47.66460 42.55938
16.68991 99.59563 69.55863
95.61332 39.35709 91.47014
96.34448 31.63544 73.50722
33.85401 84.99595 66.72593
30.91586 70.59233 75.24793
10.69688 94.43407 73.50453
40.01562 14.62217 31.93117
24.93955 27.64630 33.89297
7.80501 87.04910 95.12404
79.15114 76.94680 16.65541
21.05651 69.44702 89.20911
14.92926 70.69269 76.32287
38.78830 87.69243 82.18981
67.49772 68.00706 21.68243
2.30709 89.78630 85.05722
45.85027 78.53970 78.14012
52.73814 81.27152 68.74607
18.06622 72.38496 98.72700
98.36193 82.29500 26.43204
50.48006 63.55591 91.97932
71.63319 81.03980 16.59751
95.31878 95.95633 7.73151
34.24747 84.76588 76.27352
68.86414 96.25250 4.02597
20.22907 8.03706 7.64655
92.55844 84.68632 64.91527
26.58250 85.41457 70.12182
45.66488 85.98123 80.86481
42.68991 80.44130 91.62610
83.34432 94.10019 3.11242
48.77592 29.03680 12.55062
20.49698 91.93013 90.47657
9.18379 24.14825 3.69142
14.37235 67.67491 81.21109
19.84809 91.09797 81.19244
86.76629 48.43188 95.17614
23.35987 84.26395 70.47654
29.78684 73.67931 78.02154
68.38477 31.32126 90.06364
92.18987 7.77332 81.46534
27.34259 92.01746 85.17789
40.74502 93.61744 78.64339
18.18959 78.57033 77.53720
43.08042 77.47628 81.80186
51.50265 88.98598 52.59125
22.85783 85.16853 96.52901
14.17988 82.33400 75.36299
8.02203 79.81071 83.13467
28.56999 96.40708 75.26708
94.65645 86.82626 29.90958
33.26214 5.45672 16.88882
16.21628 90.28851 70.81353
22.18495 98.22030 67.30155
64.68084 86.43965 99.63693
72.01847 89.36046 89.43567
43.20670 93.97989 74.94270
39.58740 96.93898 68.04477
36.13980 76.58071 91.50713
19.97977 99.17603 95.00070
68.21644 96.20004 30.87482
49.31849 80.73815 89.74056
17.23013 79.68237 71.40681
96.76167 65.31420 51.41804
77.41709 18.57828 80.78967
42.30931 75.80795 75.62412
21.61361 83.59413 77.42991
36.17800 98.53167 84.68938
48.51742 92.01069 85.89088
34.71731 96.86628 83.52175
34.09903 66.81408 76.32287
35.98079 85.58204 87.49773
29.99485 66.73511 69.49252
77.22130 57.11601 82.86729
41.11140 67.39192 95.63545
76.59571 93.78597 9.00333
1.97386 94.69268 99.69598
56.85021 70.49722 73.27429
57.45768 53.36952 79.82827
56.95137 50.99920 55.92724
38.54635 75.23009 80.70008
44.86872 66.83002 67.64466
40.28048 81.66190 71.07824
48.52088 89.15551 84.83731
37.80762 95.19179 67.10204
15.32091 1.45492 35.19753
39.77722 69.25141 88.58226
12.72167 80.83179 84.01382
44.42019 66.77248 71.76290
81.77970 47.11196 78.79833
82.07617 35.93406 82.55320
95.35886 86.23729 45.38581
83.28163 72.30600 58.44821
34.20286 96.67980 93.11654
31.67771 78.08814 84.67774
20.73067 86.51243 72.41785
12.40557 78.96737 97.13340
18.52135 84.70507 98.82899
9.32768 76.17004 74.10093
39.74683 2.69062 4.21730
38.45104 87.41558 94.19388
27.27598 68.87872 98.19589
99.59982 43.55765 97.99861
18.59214 76.56506 81.42671
18.24918 86.08916 72.23721
90.59376 48.44096 90.49181
16.41546 72.47078 85.71286
80.71701 78.83276 20.39789
32.62573 89.81323 97.98485
85.54625 26.45955 99.32660
97.42351 81.67908 49.16124
46.89954 99.19491 69.13972
70.24624 41.15137 98.95129
37.35213 35.95419 1.88879
88.52317 61.04000 98.93539
11.03822 74.80659 75.68387
26.82776 96.12999 75.13639
12.41363 73.35061 97.13155
46.32522 71.96015 85.63417
4.92772 77.82340 73.88538
14.29864 95.24594 97.67117
1.01034 84.21783 68.28333
7.96169 69.28452 92.00550
24.90366 81.98489 96.43951
97.49212 97.16710 50.51143
3.29199 92.46667 82.19171
26.78916 48.81943 10.86863
18.24349 76.98906 74.06638
54.87897 63.24974 67.20476
20.47935 25.01638 35.13909
95.19502 89.53119 38.03506
12.27031 88.18569 68.29279
56.99917 90.85159 65.19152
26.36430 83.44299 72.38795
46.01358 80.37579 79.27343
47.00906 68.69585 91.50617
74.37660 69.39002 53.30113
40.92782 73.46589 92.69512
41.03725 97.42084 99.95270
18.53293 93.37408 79.54160
33.72850 34.08854 23.14341
89.61017 68.78794 21.28607
89.31549 30.56105 89.19492
35.32669 48.92642 10.74811
74.58699 98.71314 39.56847
50.45976 88.78052 54.68352
17.09991 93.79960 94.74104
25.10971 89.98966 69.08623
40.07938 93.54380 74.12449
89.80345 87.61305 70.93991
92.67223 86.74109 31.63692
15.29211 74.36638 84.76779
2.76896 79.68859 91.53115
22.58030 95.79265 91.84258
49.09855 98.41086 82.37694
41.59255 73.59794 85.78520
19.46793 23.88791 3.15795
26.76300 82.91919 93.73419
26.20288 93.23443 82.22358
85.17315 89.23623 17.24418
6.94561 71.21208 71.75927
98.26055 68.23901 47.54424
70.73791 23.83859 94.22184
48.24944 67.99568 76.31036
68.70070 69.53177 1.64370
7.86846 99.05585 66.68680
20.21545 69.44461 89.46477
71.13719 30.71642 87.38363
83.48226 69.59428 39.73150
21.51284 73.24412 87.03162
1.04332 74.82290 91.53794
78.42956 98.00949 46.09667
35.56451 11.90244 42.24357
21.34041 96.53468 87.72205
49.97292 96.35060 85.21740
11.64424 87.18671 82.31903
95.04046 54.72848 99.27992
7.82155 69.61910 89.05005
53.35381 55.85775 92.90754
48.65629 91.36767 68.50656
44.64530 92.85521 70.75428
23.38017 68.70129 97.95377
82.41795 56.79203 97.21147
46.75760 90.17756 79.49449
19.69099 70.84784 76.71319
66.78777 28.83609 81.04958
49.02794 97.00399 97.79957
23.13406 80.02500 68.80317
30.19199 97.33057 87.50587
37.34634 92.67955 66.67980
45.73633 71.86154 74.96907
85.93945 96.72693 76.25115
27.74269 74.18864 67.76489
18.54656 89.46749 90.74858
92.04939 69.84456 12.31468
35.91046 99.85275 86.74435
2.89590 76.80357 70.33031
4.81477 81.17515 72.28567
97.85255 11.65156 93.12179
69.15101 69.53438 67.81985
99.69985 10.21523 82.07713
87.88792 40.13937 89.78668
14.28878 95.98622 84.57407
23.20112 94.96243 67.58388
28.78354 90.08626 95.50790
30.78134 97.29831 77.84944
25.92879 81.42854 76.44038
80.41835 85.35032 78.98252
89.75127 95.55020 94.06644
68.14147 89.74296 43.02255
34.65379 96.07408 84.31941
28.65236 71.88776 81.09940
66.87090 96.01191 63.44276
8.67830 68.08054 91.22389
27.42051 86.92145 98.61467
8.06664 68.89167 87.23870
7.56869 33.35400 9.96088
72.09262 44.57610 72.53495
39.75862 79.36166 72.30231
86.11444 82.11509 60.98667
62.48347 62.83232 92.91665
17.20145 73.33729 83.96954
17.55764 76.63116 82.52540
87.43199 50.56495 58.04964
10.31072 94.20653 87.45746
33.81051 4.59737 35.27475
47.40302 87.12488 87.77356
69.10371 71.10365 67.48789
23.50974 83.57879 70.22292
70.00525 79.18591 55.28589
41.59116 96.41763 80.90578
21.13079 91.27095 99.54280
18.16561 95.66943 92.72820
43.59724 74.11692 92.39954
43.37920 88.85454 72.14792
30.99815 77.31512 94.38140
42.45852 99.25928 68.81392
34.03573 67.63789 94.25482
48.39483 97.90648 73.66138
6.70036 85.85796 97.25224
33.18275 97.46597 93.41350
45.15185 80.49344 68.05140
49.26690 81.26857 75.35272
86.89329 87.38495 8.98924
90.83418 98.99138 35.57987
20.63504 71.54350 72.97998
4.92197 68.14741 76.69860
15.32752 85.81347 79.58543
90.69208 2.82027 71.17720
43.80781 82.40199 67.79242
14.20857 43.72309 32.61467
49.50413 68.31774 98.06252
28.61662 32.19723 28.32592
38.67877 69.91213 78.00947
21.38918 96.14210 93.27892
72.65051 98.76325 26.03568
42.22121 33.39447 42.71159
22.31775 79.81274 80.16360
43.51551 89.59772 79.06647
10.65845 94.01023 81.51455
32.82605 96.86288 84.38053
62.71360 65.01360 80.23095
88.56542 81.20105 49.54268
87.38602 99.80356 38.54088
1.32190 69.77925 99.66194
43.49419 76.01891 67.33644
4.52620 68.17725 74.96542
97.73944 92.74138 17.72833
34.27995 93.39473 85.81810
18.44934 82.87819 92.51936
80.26375 67.84267 37.74535
5.65216 73.53680 72.50820
37.23144 96.84239 67.30822
44.60716 78.77361 70.11054
18.01681 72.63531 73.33689
37.42870 91.16440 79.77429
44.11819 88.57662 73.38398
3.93778 73.91946 76.93090
47.39970 71.36215 73.96465
34.09597 67.59863 80.38987
75.76639 68.68693 11.63968
15.49574 73.17396 87.27949
47.85736 99.72652 70.06442
15.14557 41.49248 47.46573
68.03698 18.07432 87.72999
38.25696 74.88087 89.96714
39.87765 98.39225 95.49138
21.74536 91.05182 76.71718
1.88982 92.79372 79.88795
49.73633 98.17485 68.68280
73.75529 8.63608 91.21217
17.93658 94.47185 85.72130
4.37417 85.07421 70.33343
25.48250 70.19838 93.75533
39.37082 72.62214 79.49507
11.49357 84.29183 91.68607
49.38995 80.56332 92.30415
35.12649 77.94734 85.01042
22.73297 87.33395 97.84203
43.67435 85.62925 76.61460
12.01978 75.52592 70.63706
91.11907 7.39968 75.97684
28.04036 97.99803 81.15364
3.48845 99.15018 76.07421
97.82298 87.94603 93.50179
22.71993 73.78433 95.21823
66.06646 78.42843 78.34868
24.07284 89.48637 88.65047
38.80166 91.82373 74.20261
21.79408 72.74157 70.68037
1.70888 92.55852 78.97867
76.97849 76.38071 14.75848
34.87384 98.48435 71.89406
14.12345 78.59697 80.15180
61.74406 57.64629 78.75227
17.55577 70.86368 93.14252
43.58586 82.49660 87.27588
39.86330 91.23246 82.11231
48.14623 76.91668 73.23250
8.66864 67.78509 67.24720
81.35822 40.29222 88.87672
91.77896 95.85075 21.27899
79.77691 65.64169 95.69286
21.43154 79.77286 84.37745
57.63688 89.20966 86.59008
75.83445 68.40764 2.74488
84.29096 71.22430 16.45624
35.40755 91.11930 88.82076
47.61493 90.79383 96.27614
83.69718 71.47844 10.85136
10.60979 70.91901 83.56662
3.94919 94.19741 95.98067
86.29939 94.29318 26.52808
46.37807 8.33065 46.22421
33.35253 72.86793 95.62296
1.85330 89.37770 95.50666
7.76494 96.71638 75.80144
18.60313 1.84535 34.78363
83.59087 87.64004 95.97490
33.20764 84.90809 77.20256
46.78415 31.52987 17.19392
49.81136 78.84762 76.68016
45.32176 79.86842 98.63603
10.33486 78.62595 89.73797
3.78290 91.35556 71.05888
35.75899 75.73883 94.56301
47.16093 84.30527 74.82834
36.39243 94.93223 72.11527
26.51245 86.61812 77.74564
40.89838 88.46815 89.38005
47.09208 88.80163 87.33642
74.61115 68.38499 19.66014
4.87196 13.66640 38.90035
68.69453 42.91668 75.51681
20.61032 73.07800 84.91241
69.36688 47.98327 80.01274
26.33487 95.75350 73.85473
8.94519 82.96325 90.70263
14.83494 78.99192 76.61473
68.13848 78.98131 7.21637
17.28449 75.77519 85.74007
7.18622 96.38501 73.80457
65.21007 71.05081 72.91789
30.79318 96.92316 94.74219
39.85864 79.18007 99.49490
87.92820 88.90627 65.05776
67.10117 21.95102 82.30245
14.43510 70.40114 75.70273
43.12902 85.71480 74.85488
81.56346 7.73459 83.72332
34.88046 94.99141 88.68737
82.40481 73.19533 15.99012
35.89691 92.58613 86.02537
10.66152 47.31786 36.54042
3.99400 73.64380 70.26249
34.72377 99.06848 99.95225
69.40532 18.82982 86.41279
35.78635 91.65706 74.16226
15.00469 33.51634 4.47682
31.23541 69.08998 77.81257
49.86774 73.50103 98.79979
97.74225 77.97906 31.13355
15.11547 99.36944 98.83441
33.56724 76.39304 71.56008
87.63246 81.09154 21.58331
14.85272 78.38616 90.06769
71.42009 2.51084 90.36588
9.41335 95.85592 71.37860
11.75978 38.24614 4.23532
91.85845 17.91150 87.85491
30.73666 88.44790 87.64305
48.27921 73.74362 91.97400
17.23788 46.03120 48.60933
36.26913 92.88027 95.90117
7.01987 81.79927 81.71887
41.64162 97.84567 78.16405
5.31045 81.40045 88.03288
90.87596 29.36106 84.13471
9.80464 42.62112 45.37471
90.20035 40.26598 82.88821
35.41835 90.16103 90.36838
78.18495 67.08646 20.71904
6.23979 85.34227 85.44472
90.18682 69.14657 18.60118
76.23593 71.12968 54.52619
73.01959 84.23094 54.36389
7.51395 87.03922 74.04187
12.05849 39.09284 40.87772
82.41562 73.20410 17.73500
28.93939 81.39131 79.22797
91.81641 99.26539 15.35154
71.50216 26.75051 97.31894
46.01269 93.70144 93.91319
43.51869 73.04838 74.53264
88.15702 71.46466 6.53173
6.15323 84.94478 71.38377
13.24783 66.82705 70.28485
90.41684 69.62702 43.34717
18.65988 77.08374 78.12628
35.43861 79.77613 83.76760
20.32329 90.26251 81.77785
34.21938 70.24957 94.78578
91.31866 83.18758 11.28555
67.17470 42.95534 94.11792
75.52212 96.67252 40.33516
81.61775 95.16715 75.23467
6.25502 22.63090 20.77401
1.29235 86.14855 67.11116
33.16596 75.62839 93.88911
8.15057 36.99326 46.68274
49.84987 94.15484 79.65215
44.09777 97.22970 74.48686
49.28669 23.63658 48.80921
3.08016 77.48901 79.19061
42.18078 98.50139 78.90508
6.98008 76.12430 94.91686
29.08173 90.85486 85.10495
2.68222 71.19557 81.02971
33.68016 2.04213 19.06567
2.50294 92.63245 83.01720
26.11541 77.03314 70.48349
93.61046 3.52451 68.44692
35.94727 86.10239 86.06082
39.27886 20.38289 35.29958
83.27452 40.44694 78.55343
92.04903 5.31839 99.29703
40.84537 77.12226 79.93262
23.04646 79.46609 84.32892
1.92463 91.39591 89.49553
95.26574 78.69323 41.77359
14.53634 4.89434 46.57893
91.83120 90.91958 80.83512
49.85818 75.27398 83.08777
48.15862 84.77406 91.07420
36.49838 91.36065 67.70842
43.31434 83.04361 89.35771
13.08607 97.88645 89.11414
89.96450 86.91488 7.69784
42.78283 69.14700 70.79319
90.55156 85.03499 46.47859
79.78365 4.98126 75.98991
77.79765 31.20036 84.79208
36.03464 84.51756 98.82669
12.73512 90.97676 70.93621
77.40683 4.38780 94.19749
44.53625 69.78250 76.85074
90.23039 89.18833 5.87640
75.59503 41.83699 79.84858
71.47996 67.77177 26.77886
93.38001 24.63565 75.47255
9.06465 96.45718 75.29093
91.37054 72.97754 33.31423
17.49181 79.51271 83.09499
19.06726 45.26094 4.00007
41.47951 83.32811 85.74207
28.86054 97.48390 75.08688
82.04989 79.94406 3.90583
40.16254 75.19995 72.27091
42.13981 74.45699 77.17631
46.11562 98.84819 66.73626
27.24377 87.85822 80.29678
95.20423 94.70064 14.94155
25.59453 17.62560 37.20731
12.50264 97.18214 71.11931
14.38435 94.81303 71.12732
37.46490 71.26392 96.47704
26.93678 29.39805 28.63102
8.64788 84.69599 75.67080
10.69291 77.70630 99.18678
71.62472 86.18231 69.14159
18.16674 87.24423 87.83966
21.07127 20.32282 49.24397
29.88398 82.94579 72.79050
5.02323 67.50444 73.06020
49.16109 97.64503 91.43603
38.27189 69.88439 90.39089
66.31058 97.44955 64.10829
39.87117 96.04977 91.76503
34.76048 77.46193 94.54434
69.88404 10.83803 78.18930
17.80139 86.18647 83.16964
1.05630 31.32866 49.70790
49.66182 75.19314 71.43524
69.04829 13.42171 74.76742
37.07267 95.15947 84.77979
8.24661 95.46024 88.47581
9.95925 17.66486 38.21017
70.31094 39.69516 70.64888
37.94629 91.96437 75.79800
37.31320 67.29167 96.22976
19.85408 18.25072 1.77691
60.13761 54.99543 91.08387
31.65124 77.55225 98.21776
11.98152 98.19794 90.95793
91.51618 87.22715 2.75386
81.67485 50.26701 65.00063
22.45796 48.82253 43.83336
13.75412 68.03954 85.83745
73.01331 79.74972 95.86255
14.02044 92.98589 86.01859
85.28263 85.48241 19.05091
41.70509 90.39161 76.93364
15.00074 70.68487 99.43007
98.05531 1.37862 82.71014
38.96456 80.37561 86.13170
48.14718 70.08455 85.65518
29.61395 81.13661 83.42228
42.91216 96.57761 72.40346
8.58851 68.77861 78.07466
12.44529 69.61566 90.49328
95.14895 73.46364 19.10599
38.23488 75.78767 68.18689
68.66291 87.28209 46.39376
34.44411 66.66855 83.42024
17.78163 90.75075 72.53504
46.14084 72.08896 96.06770
77.95389 76.95687 77.48311
83.39178 96.72675 48.39309
29.84598 77.40385 81.00668
34.66783 47.67297 34.43055
34.06589 91.16045 89.15970
42.48128 93.50453 93.58688
39.14726 41.36289 18.90275
69.67099 87.15780 94.33907
13.32650 96.49254 76.34214
23.50631 93.00878 69.97476
23.93282 88.54267 71.90234
27.85740 44.21652 10.78830
36.48153 22.12335 7.70014
19.07175 66.75961 79.17191
24.35724 96.17231 75.79197
22.81723 36.65168 34.66535
22.94382 94.38047 67.63087
29.19463 67.10463 79.76644
17.85136 81.09148 76.50580
15.99357 72.25734 91.97650
13.39316 90.34446 90.10228
72.33354 65.80020 79.85122
33.82395 15.10915 46.71605
95.18184 40.97091 99.97291
44.03448 68.22449 94.60452
31.94781 33.62120 20.49712
13.21076 68.01241 87.85743
17.13848 84.92512 77.45052
23.80814 98.96493 80.45157
10.37597 90.52875 73.67789
56.17632 88.77322 50.29273
5.85527 91.93525 73.40413
42.01745 87.93930 83.42265
75.69897 88.15146 41.58534
8.32041 82.73371 91.63517
72.64473 72.49128 39.90771
77.88845 54.48451 50.62403
28.14796 99.15357 86.39368
15.81340 80.08467 92.08435
31.92111 84.58014 98.12741
10.44393 68.34330 73.60359
87.16986 47.34412 79.69283
10.09631 98.95956 83.64685
2.25886 89.80935 70.01897
35.18592 91.15327 70.51913
2.63445 79.16406 94.51821
3.67817 89.42629 86.90382
74.22360 22.66715 76.58537
23.23946 77.82782 71.93103
99.11729 91.79643 85.67840
2.90921 85.53303 68.08070
18.96178 98.46312 68.62892
23.19937 83.67384 84.30749
3.26465 67.96537 71.02909
18.11826 77.46190 75.80594
29.27433 3.34090 43.09826
36.24214 49.96764 3.93374
68.66459 77.28507 60.74511
14.08326 83.87152 98.09375
43.47377 92.72669 75.94313
2.86110 11.43002 17.55444
29.29297 78.26837 71.72505
61.22316 71.91051 99.79472
33.24713 87.79562 68.19845
32.59139 87.21716 66.96913
48.36292 76.95129 88.11642
12.57177 73.60757 76.36637
9.83851 74.60773 67.67679
50.58992 59.85556 87.11733
42.92203 81.54911 70.24970
28.39025 89.47352 96.68413
41.21828 87.89103 69.12200
3.28498 92.99057 87.37085
29.30810 70.75046 70.70456
19.87302 82.68730 91.96490
41.98450 93.22025 93.97244
8.47349 37.32627 42.52400
76.34325 99.68627 68.06542
69.93374 4.79232 72.75789
49.98091 93.82914 71.48786
48.66513 79.37131 89.29905
35.17179 83.44821 97.46617
57.21549 72.35605 55.45299
57.91011 54.92016 66.28358
40.34951 86.04467 95.39195
36.16452 84.19953 93.25235
97.22650 37.99775 96.20418
1.58467 89.47811 95.61410
77.56225 83.29818 38.94036
33.13584 70.95480 74.68615
36.33507 88.27602 86.52638
45.83852 99.47568 66.67596
4.67628 91.94040 92.86754
30.83604 82.21166 99.27888
2.79198 69.74118 74.59373
87.49117 27.43619 84.23057
91.65453 41.24618 72.76485
81.95668 92.57625 11.33785
42.39433 68.34539 95.23591
15.89601 12.45994 38.43422
4.13410 71.71357 83.12490
99.60869 10.37547 79.78450
37.51509 40.85288 36.32858
46.21985 77.69680 95.37413
29.25465 71.46816 90.86804
90.23020 78.33475 26.52970
88.26660 52.53175 81.41892
21.97090 71.65179 88.56870
2.79327 70.05590 98.51094
34.41902 70.56901 80.42095
9.02093 74.02159 89.59279
38.07875 76.24477 96.23060
37.50347 88.41100 88.53630
20.48565 75.16149 95.93472
49.46065 88.69667 86.25073
18.96585 98.39363 96.97030
87.48532 51.72256 60.05839
20.93529 77.45082 75.32465
65.65929 58.23367 77.71805
36.28060 70.21798 71.52367
10.85478 67.42439 74.71567
91.85983 75.74165 66.88677
29.88882 84.78424 74.34915
97.74771 89.23625 87.80137
9.28446 70.36022 88.51971
87.19516 40.49793 98.64136
97.44771 40.13093 87.74604
17.68363 87.08908 86.28280
44.41506 80.57102 67.09695
5.22121 87.16323 71.31841
21.99027 81.56862 83.97839
25.74471 81.69686 74.48328
75.00802 3.04077 72.96383
93.52031 19.28162 95.92052
27.02775 92.20946 94.75610
35.99910 96.81302 70.13936
49.49735 70.97611 71.49346
32.80088 18.80740 31.19948
33.40322 72.31645 70.61078
28.06217 78.18517 80.66775
72.26040 84.60751 7.58848
38.11688 92.68296 89.23513
32.52035 78.73369 69.80729
71.19233 93.28050 43.94249
9.67895 97.32488 77.71191
83.34374 15.19005 82.50113
10.23548 99.11440 86.66429
28.79628 80.37972 76.56924
39.68091 74.25167 97.99851
57.79599 73.89046 76.27067
41.35588 29.33581 40.99521
33.76428 72.71403 93.90761
32.59245 87.74122 91.97780
36.42468 70.68416 78.99831
77.97970 80.89008 43.96454
95.85511 72.11403 12.97171
40.54810 86.07097 73.54469
67.16342 45.04936 73.04892
27.86013 93.60757 71.49889
4.52134 94.20295 72.22398
78.79655 70.59282 82.38686
86.87680 5.40190 93.96370
12.35840 90.85498 78.22373
92.58383 4.65183 71.70504
21.06997 68.00217 91.45387
9.80620 97.28249 95.75976
89.47970 79.15703 28.58621
69.68955 94.18884 4.11299
71.52610 25.84353 72.97302
33.29788 99.87084 89.75875
82.58844 97.12070 27.16682
77.90438 85.75298 25.78781
37.46471 1.22742 16.33428
13.02179 44.29833 35.22307
23.07120 95.02602 75.41560
1.36039 74.77802 78.28528
49.68309 49.33609 7.98450
23.15652 97.72423 92.05779
8.68342 85.81467 75.31353
21.10164 76.63182 80.55044
12.67674 73.04962 73.65695
1.41427 68.06718 91.62925
81.46342 67.46426 7.46118
21.67286 73.21129 77.84061
31.42574 29.74433 29.60846
1.82321 39.71823 34.43512
21.32816 86.62543 80.91633
47.91121 93.10480 87.98932
62.00620 74.20457 61.59712
7.71739 89.21392 93.31374
48.51438 48.77565 25.47831
78.33611 58.13326 55.36135
82.20697 33.98917 78.60550
14.07901 96.50932 71.24069
82.66503 87.47981 35.02621
17.08334 97.99139 95.83009
39.68773 37.80388 5.29372
9.29337 39.36113 48.83644
89.58897 21.96535 95.70694
74.66190 76.05085 6.35048
12.34107 73.97090 73.16043
48.72274 86.83974 72.14931
39.10685 91.83191 79.71272
9.96134 71.53541 66.84473
20.19659 99.94886 87.18207
99.18723 54.26494 74.89956
4.04666 89.96902 79.11373
42.45179 69.05159 75.42887
7.54416 98.52231 79.14938
30.36635 90.00100 85.79181
70.14582 70.14181 29.55040
26.98952 98.11901 76.20114
46.80098 92.32036 84.31870
45.59021 94.95439 92.14176
72.01517 70.03500 33.90443
15.66363 74.41549 94.47460
16.78628 84.12838 81.25147
77.71309 7.21971 88.34037
47.38876 88.84260 98.73512
45.73524 82.83268 74.13144
19.64581 85.40347 72.83786
69.93062 88.61870 60.21989
11.15264 89.41720 98.35771
36.94487 73.62603 88.25255
79.73300 79.31136 36.10024
26.73359 76.07996 77.81194
43.07576 95.40788 98.57018
18.32987 95.74216 81.90169
15.07676 19.12556 43.42063
59.14226 57.53311 59.90174
13.40646 69.37287 80.18083
98.00083 87.50780 36.84536
9.35425 96.70809 98.81486
47.34204 86.74448 77.86719
4.67045 97.11232 74.37266
80.06698 44.42857 81.83837
40.98451 68.14737 78.77174
21.12270 87.91175 72.87894
46.43361 86.56207 84.72943
6.58348 48.29085 25.88804
26.09548 87.59334 85.26638
85.79830 22.90576 95.40273
6.99590 96.78649 80.65064
89.63965 9.93844 88.92648
11.06185 89.67882 84.01876
35.08005 80.46933 81.14871
87.90007 92.40662 13.14582
2.17992 92.02284 68.64386
24.27129 84.14056 82.25669
30.26293 11.82495 11.96462
37.42721 67.22004 90.10389
22.37233 85.97389 95.96617
62.34705 54.81395 99.15725
49.65416 69.23335 91.87996
43.35007 69.58650 81.07708
93.16059 83.89256 20.55549
36.18339 67.26441 84.31844
97.83657 15.77502 89.80764
9.21901 97.36624 71.97513
92.94961 15.84893 90.18842
51.29319 91.63484 79.38741
33.02349 80.10116 85.67835
30.98983 76.69402 75.12720
8.26697 69.04981 97.63178
27.58078 72.70711 70.87438
39.78325 71.88287 82.18585
92.52241 82.07987 29.16190
48.40833 84.99402 91.17286
69.72745 31.84228 85.42383
2.85891 81.87796 94.72177
99.42534 96.49355 17.38892
8.96815 93.00708 96.78207
86.15828 73.14805 4.14729
42.96967 91.89353 71.14187
96.11574 90.76787 47.20575
79.33365 79.30579 34.09479
94.24773 47.81724 83.84615
10.81810 93.93273 77.27616
72.33999 78.37192 43.03093
33.84902 83.64452 66.90928
34.35571 98.09342 97.39909
96.06972 28.13808 77.76573
10.24682 28.81857 39.35167
62.54427 86.55380 94.02808
9.78392 98.39857 77.44789
24.58889 89.57981 77.04612
31.53308 76.61794 83.24818
1.21343 90.78023 79.70095
4.91387 74.00069 76.13547
3.46348 99.59697 87.53607
40.22664 84.22910 74.44546
14.52110 90.28716 77.48075
15.22041 82.84952 72.40718
17.19363 79.21682 69.48994
74.99352 65.10924 73.91900
89.18900 71.52548 18.36635
62.44727 74.89166 62.35409
33.52055 71.71088 80.24820
32.26404 67.76019 85.98331
22.49753 84.39846 86.69027
40.31429 86.90532 67.44505
23.99204 91.25713 66.83666
39.19534 79.83286 88.41621
42.94366 76.25161 96.54180
14.86561 76.51892 87.08434
82.27312 98.54955 24.36097
49.11785 87.70452 69.84941
19.45239 91.81883 84.60642
41.04211 6.80530 41.73286
86.04740 42.86137 82.80089
10.48941 74.98075 66.82327
67.40814 80.78042 87.89122
25.43803 91.17013 95.75533
37.37147 93.09127 90.14638
39.67637 78.90086 97.24659
85.68563 48.88315 66.95993
17.21905 96.12255 87.11807
21.39554 68.45554 67.05906
48.92794 8.23549 43.93226
43.49902 78.65809 69.65991
77.67539 26.10503 72.28994
66.74705 30.28993 93.12810
73.61231 48.09264 69.37513
42.62289 71.81862 78.12426
10.95167 91.90740 68.41587
28.91081 8.62491 17.93883
34.36091 71.79477 72.99317
31.33082 99.23814 70.95887
10.48851 71.26243 77.00716
35.41045 81.07445 85.51040
12.40758 25.48344 30.19802
31.65987 84.41012 90.31282
42.30026 69.34584 89.80343
13.81365 92.13717 70.32690
24.38445 78.39537 98.56759
75.68434 2.77643 83.28462
77.99883 15.64660 84.91573
28.83699 71.45212 88.30534
8.34816 82.33186 81.24003
86.41506 64.19042 63.26803
45.56118 12.06795 30.21020
13.52704 14.18971 32.38615
47.14132 82.36431 79.04565
47.32960 70.74807 70.58234
16.20601 75.29049 93.30450
47.08527 95.69624 91.11347
22.27200 88.84146 93.77329
5.34238 70.16432 94.19481
38.32648 76.35950 83.89385
15.59699 91.92666 77.47239
34.96919 80.67729 78.18692
19.26480 70.46125 89.43393
34.70209 72.39585 73.67600
78.76587 85.94582 33.73276
88.37390 87.47386 9.61801
86.37088 71.86341 78.82362
4.97746 95.64431 68.48284
42.24100 88.39829 81.62084
18.10763 45.99684 34.76891
80.89695 37.18335 99.18577
44.12014 67.09251 93.58086
14.60167 88.97156 97.72065
86.09483 57.63286 68.71265
6.99182 71.69525 92.30450
10.05770 43.89100 15.42856
6.21929 75.40329 84.41825
34.09547 66.72965 82.08606
19.28717 69.82884 75.21869
5.05909 85.99428 85.74492
39.91747 67.30096 71.94754
67.21533 90.68398 49.13839
75.23230 73.98723 24.86771
3.00715 83.95511 78.37025
2.96080 90.34872 94.63121
97.43181 83.49127 43.66487
18.80907 75.98497 68.17453
1.73725 75.16181 94.71444
20.48097 93.15226 78.47619
9.44173 79.01677 97.58240
7.99623 85.18055 87.52460
68.87916 21.25217 97.05679
20.00844 74.70714 70.56547
11.41990 87.88700 79.98948
2.01666 74.07533 88.87588
6.42926 78.49760 82.26866
80.85186 1.02168 86.83085
30.75512 81.38396 90.42873
76.78090 71.00633 22.58093
25.93685 99.66759 85.77759
93.83197 46.20427 90.43269
36.11389 88.46876 71.63186
86.26725 5.44457 69.74297
40.49942 92.29154 78.99485
12.93566 85.94158 90.91867
73.06778 47.07696 87.93928
6.44436 90.86499 84.23676
23.71285 90.43487 83.34487
60.61465 99.94426 87.05982
44.92869 81.91510 89.20786
39.50887 74.14504 95.41674
5.16351 98.38544 78.33038
18.56964 70.43637 70.45172
6.33203 71.33153 96.81579
10.36729 27.72693 7.06513
85.86116 10.29034 82.76422
19.99705 67.39671 91.26103
78.05078 48.25527 72.24175
14.20131 87.07594 72.57326
77.12768 76.79458 1.14931
87.63952 54.67019 72.83001
12.91329 95.64834 70.85844
94.66972 50.90151 66.97727
47.77504 85.24522 99.52339
39.68968 84.28213 97.38133
22.79709 81.87268 91.73537
17.17274 32.65381 34.71988
30.28284 92.19773 87.33323
4.52667 89.95606 96.43179
5.29981 37.49912 22.81499
69.47054 2.55107 71.13968
49.67019 71.67893 97.79465
73.55347 83.54495 25.98541
78.70874 78.58659 94.64013
53.28792 53.74209 61.35412
7.61804 70.59386 87.11816
47.36798 74.69350 68.31510
38.36117 97.38623 73.47533
46.94179 71.57272 68.55042
35.87628 47.06785 42.34234
18.95784 79.72665 95.66508
25.29721 81.69926 88.13242
4.68298 22.49436 2.62477
81.29605 92.42543 12.20934
9.09658 94.35829 93.50743
20.50558 27.82854 42.63130
31.08544 67.26149 96.01979
20.51468 70.77595 82.23051
79.72859 81.01542 34.92381
9.04552 82.63396 87.20805
84.71611 39.33092 69.16358
71.79561 76.26670 73.87011
34.92180 84.41561 74.51976
25.06786 76.78865 68.59143
97.17344 77.02008 89.90112
81.28175 29.42173 94.90265
77.23159 89.76627 33.68267
49.04456 77.15575 72.99664
27.51311 92.60984 77.90242
16.27163 49.42175 26.99492
49.60676 67.76844 94.10128
44.64326 81.61697 86.70064
68.06054 94.54283 30.71148
45.73883 72.95894 94.52771
23.24188 82.14325 71.26583
32.69367 72.86083 93.41753
45.89542 80.36029 88.17817
91.60571 28.95492 92.81363
41.59656 79.97732 90.51453
83.65087 36.54118 72.53134
73.06897 43.08028 99.40083
46.13216 98.62834 97.28199
69.77124 99.93969 22.68995
95.74810 77.96729 26.96131
31.40894 74.35377 81.05835
18.27298 92.59291 68.25848
29.51325 76.60295 89.07309
75.35421 88.82811 18.60170
2.73667 71.22410 71.81749
18.89322 99.55023 82.04237
17.09493 95.78483 90.61480
12.86804 71.82938 96.45902
13.58301 94.29153 67.60586
13.27088 82.57125 98.80215
17.54385 89.44258 79.01616
34.49093 74.06453 98.21126
42.94858 83.67082 96.89737
29.90729 85.99911 67.73209
92.10319 10.13974 69.04753
34.77710 92.30371 85.76620
77.61805 26.88207 89.39436
74.56822 5.94562 92.45762
41.35421 29.90058 30.27040
93.32013 85.42013 51.33059
37.11688 93.24708 89.94027
81.75837 95.10755 92.64328
70.17076 81.24843 50.05338
2.07803 92.76226 77.96845
21.30991 75.10118 85.45675
49.49028 40.78207 24.21599
42.80738 76.94953 90.15255
30.06280 71.27258 82.89014
46.05893 97.73694 76.88654
44.57761 79.73427 90.46891
41.41698 97.27556 97.44532
33.13823 74.53076 94.83437
46.75739 81.90792 85.93427
11.93790 70.19665 99.84358
4.06293 78.26849 83.37732
9.61893 87.99260 68.89625
28.77889 28.23999 22.00428
8.06522 12.64834 37.33945
10.17481 36.18655 9.85163
1.30697 92.02245 77.09086
72.90855 96.82157 48.91651
69.98641 54.82472 60.85157
73.41253 77.85051 31.29718
19.98018 17.81859 43.37477
35.20399 8.33948 18.00991
11.05520 13.75282 32.23017
48.93656 91.43860 68.04817
76.06717 98.61907 49.41382
5.01151 94.91305 81.84694
94.92325 16.23260 67.70432
28.24497 94.45534 74.88650
15.04504 24.40079 33.47465
87.86163 69.01608 18.91377
7.81592 94.63439 68.60635
1.24238 79.08513 88.22256
15.81301 71.71463 88.13144
42.42611 94.22569 85.10238
97.30494 96.09448 24.92202
32.36105 12.65619 48.05357
45.48903 92.87371 93.38350
42.49819 92.55058 99.81990
20.93486 78.80538 98.93461
25.48128 4.14419 29.33509
61.26821 89.71299 97.60705
4.90939 89.05535 81.85943
30.00094 84.83861 85.70767
19.06934 44.28496 4.74302
1.54550 96.53137 79.79704
6.87514 89.49183 73.66262
32.02878 93.06805 94.73218
31.86468 78.85974 82.98960
15.18885 3.04769 14.30480
1.38158 79.08139 75.49217
98.12969 47.35802 85.70172
47.28775 82.20085 78.93356
87.36941 5.54381 74.26512
42.88833 5.83055 14.52863
78.97217 99.73274 16.73835
17.25484 67.73976 75.45238
27.64954 93.43848 84.19100
19.20924 26.41346 47.07931
35.98108 72.15395 76.12169
27.23940 75.69694 82.59477
89.45635 32.78323 87.25941
93.50794 34.02432 75.16754
14.62703 77.49325 83.08341
3.35641 13.98862 21.29668
18.31308 90.25966 71.61203
85.88594 75.43649 33.89392
7.41621 86.04608 76.48369
92.19858 93.97417 49.11753
73.23826 83.66227 46.78493
7.14812 70.44286 68.51560
15.50721 82.55646 72.00786
88.87718 2.31382 69.43519
67.61203 93.85534 27.49284
33.11593 88.52214 99.14460
6.99895 75.52641 81.38165
38.50748 68.98946 84.87482
40.85405 84.98713 86.69228
23.02551 83.10028 87.93456
38.44804 93.99501 92.36856
88.99778 35.45528 87.03175
48.64374 91.00070 74.73951
51.55114 70.54515 55.57483
2.16723 1.91086 48.13376
73.14112 21.86213 84.10478
60.91817 81.26100 74.46425
18.26485 77.16750 82.45357
10.29333 42.00055 48.01055
31.63032 91.82099 82.03027
17.18865 97.24809 76.27503
70.69175 2.21243 81.61180
33.99794 83.31610 78.25047
10.16573 93.01003 75.22376
43.48834 92.20536 97.79107
46.94588 72.80347 85.11770
10.22756 76.35940 76.06352
44.06529 85.96310 71.49409
18.36705 23.75875 18.55202
44.64623 88.88823 72.41538
70.56877 41.74800 77.56769
46.73226 74.53627 72.37355
41.99101 3.54503 43.05879
94.58820 47.28631 87.95208
22.64167 96.45282 86.90201
5.01223 16.22364 34.62760
26.81632 48.25594 40.08304
46.18493 8.06252 32.28120
80.54201 3.28723 77.41380
80.19743 24.93139 94.43001
5.97545 68.08456 67.25605
34.21688 69.34808 67.12679
24.00948 83.44478 84.40404
77.21220 78.09879 46.51769
42.59226 90.85250 76.50504
41.97902 96.34700 87.06955
73.58037 96.64009 36.22090
9.91404 67.25804 75.33632
25.54243 79.24869 90.09731
24.29115 79.32122 97.10525
7.36469 98.46767 87.12549
36.44005 70.10839 75.35053
34.58835 91.18076 71.03448
87.84473 73.76406 5.00473
72.42411 3.54187 83.20136
74.12707 30.73168 76.37389
27.25763 80.88773 89.15767
44.19079 83.14718 87.53409
33.97868 84.60512 69.28674
99.08939 49.68503 81.89286
44.09648 94.78399 76.17251
98.55873 5.87580 69.15407
96.86691 69.41180 37.95234
36.31176 87.97862 83.53710
26.48814 38.91492 36.46213
9.66065 94.39761 98.04062
12.99365 90.05094 89.93263
24.64733 88.43302 93.63253
97.16991 88.35326 64.46024
21.16945 91.99125 97.68878
40.68745 82.15938 85.98424
23.61279 74.87182 85.34680
31.36271 71.22822 99.89208
4.42221 69.15916 75.81901
7.47234 94.48506 73.15331
99.87110 72.92021 32.70745
6.96764 87.55777 71.78723
33.54084 75.80943 70.58247
83.31835 81.27911 34.53176
19.87893 70.22249 86.45285
19.10360 78.87172 93.26030
20.39193 85.32746 99.22765
34.10648 94.07233 76.02351
28.02926 74.51574 68.86775
21.59003 74.05845 67.62801
10.03362 46.13156 21.59667
14.41872 72.46240 79.36932
56.24479 98.90953 59.29695
9.37732 98.46809 75.62549
96.38370 9.82897 80.18802
27.37294 86.93066 76.84452
83.05103 98.20619 35.59931
96.34071 73.58033 6.37773
79.98151 80.20048 36.99579
71.90870 61.48428 84.54299
12.68742 89.40262 96.72270
75.20871 93.79413 14.62109
95.33409 84.75048 6.75628
72.89414 67.25666 44.34557
18.94739 91.85127 93.46140
41.00323 14.44759 6.43444
21.33747 72.75810 91.02473
30.43797 87.17109 95.37466
48.83730 85.63157 84.16436
37.03962 84.21815 82.26025
16.16535 94.99825 67.08460
15.48276 94.77779 86.30365
19.91287 83.12943 69.28350
15.19896 36.04062 45.99374
57.48693 75.53123 81.73411
79.56461 58.80806 75.80115
31.65250 71.50779 88.81881
81.86296 82.52061 51.44859
43.18734 84.33565 71.54746
9.18270 5.78640 10.26942
26.93477 82.50764 85.01867
11.98351 68.96057 71.89473
29.93609 18.01545 47.11510
97.01009 83.69916 37.90268
13.63827 97.44918 84.91660
30.56886 82.31919 95.69616
10.45549 82.72546 97.10480
72.90757 67.33962 31.25206
40.74893 90.44548 86.39549
20.19183 76.62195 80.01091
10.65878 76.57474 77.55517
43.05940 69.67035 77.99631
29.29591 73.83287 88.48545
27.42727 83.37262 76.08613
74.09173 91.08241 47.40526
80.57703 94.93656 28.55478
82.43564 28.59160 94.11156
43.31108 81.40106 72.37515
83.54135 26.00540 71.71364
46.62731 91.67960 90.74687
75.67569 77.63526 81.80676
28.06113 96.84511 79.98444
75.54380 4.85898 80.20428
39.22589 76.91737 80.97243
75.32958 11.77183 79.54250
31.99790 72.31078 95.70871
49.01762 67.99907 74.00808
4.64520 74.51408 76.38149
48.47245 83.25557 69.74695
10.51629 79.33140 77.22913
43.08836 90.30700 95.78382
68.29013 35.81190 96.49824
12.34299 77.89101 98.34261
71.72875 93.97379 9.26836
83.38852 64.64580 91.56736
12.04624 97.36976 72.19706
22.48460 97.17006 88.66058
28.20572 88.90106 93.47921
88.23962 12.57541 85.83781
2.61345 86.85341 98.01546
88.34257 86.44372 43.66426
30.97253 78.03508 74.20516
3.80500 77.30095 92.33316
19.24279 94.59801 81.96729
10.96701 42.66710 24.86085
38.40458 83.04983 80.63341
48.51455 72.29521 95.98826
48.08870 73.96125 77.94850
24.93224 85.98338 86.50631
6.89583 14.15233 17.53839
2.08317 32.25700 32.78112
32.67677 94.93792 76.29476
94.08865 41.91654 68.62105
99.77351 98.60540 35.40253
7.82120 66.88542 99.67155
14.15314 96.73404 72.96379
45.21278 93.95728 67.83899
69.30894 80.51279 15.05970
92.46705 80.63849 67.48808
81.45282 83.81440 85.72397
1.73534 83.99501 74.11387
88.84944 37.59575 78.45914
73.36210 62.22084 68.84208
46.30849 81.84977 74.67723
7.51107 78.73007 70.62764
8.41457 71.68189 95.15138
72.79965 10.87652 71.59136
21.53908 16.66265 22.15351
71.17579 35.98202 69.10601
31.20151 99.32372 92.11136
19.04362 84.33904 92.74513
28.84088 31.87228 10.02640
35.93740 84.40930 72.81765
36.41472 68.08025 92.13966
46.90594 77.09674 80.29879
56.96135 75.75445 76.99745
53.56526 71.97961 75.13794
3.91557 93.13674 76.31555
23.04810 86.70461 98.28678
25.18118 89.18051 79.51907
1.50727 98.39994 76.13799
15.77200 75.87735 99.24039
43.99682 83.72420 70.75690
71.14532 10.61722 94.52724
23.80868 69.89438 70.34669
30.26989 80.28764 99.90830
45.22712 83.71859 85.80229
1.36280 72.39175 74.28459
98.73203 10.45852 91.86669
93.61041 93.59991 29.12074
73.42762 30.74404 89.11191
18.75135 98.90589 70.57215
20.72200 80.01357 82.96419
6.01153 86.73123 77.43472
14.20584 83.66399 71.29871
27.72338 69.53053 80.37458
29.96725 21.38681 40.57994
28.86723 72.64999 70.96170
6.28557 77.80271 88.32988
11.45970 46.14775 19.85488
19.37725 67.13236 86.68537
71.58838 91.09434 39.82344
87.82930 92.95853 57.63831
18.51953 80.78722 72.82878
33.31406 74.38968 72.63271
39.03357 74.62202 92.68263
57.18816 86.80438 77.31344
10.99954 84.35760 69.07655
33.31703 74.73397 82.55414
82.13718 44.98609 76.19539
84.95385 91.82004 64.73281
27.35270 87.64288 82.53527
95.96469 87.03088 89.89689
89.89251 45.52409 96.77931
73.16379 6.87600 74.87118
31.46204 82.48442 74.49356
72.11622 37.79961 81.00965
70.88539 2.57247 80.22655
72.29241 77.28492 54.09414
2.99434 86.58587 92.11183
75.46268 41.87139 92.76635
83.93502 62.21274 83.08851
49.20432 90.89783 75.56292
26.81476 81.43134 74.21833
72.17013 90.90857 70.62648
89.78110 98.32253 2.03749
79.14251 12.16160 78.15372
43.56671 8.88640 17.27978
87.15198 56.79190 97.02471
10.02439 73.06932 80.86549
9.69712 17.08030 2.46847
4.47144 89.79196 74.72507
35.64626 83.30130 69.46645
60.95317 51.63560 77.69226
13.57290 89.24762 70.77439
75.69512 83.89323 23.87464
75.49235 67.52924 46.01456
58.17613 68.99759 64.69436
33.62052 80.01325 98.67504
46.71594 95.56937 84.05808
51.15958 63.64479 61.05086
18.86784 92.81052 72.33246
13.85113 88.80914 92.96992
23.89216 68.66695 97.69407
25.15601 91.66076 69.96019
19.11675 69.52314 73.73233
87.83772 10.66546 85.23497
26.34849 16.43337 9.17271
20.86558 94.10010 83.84333
20.40440 73.29911 79.64859
12.18196 70.96850 96.73653
11.24321 95.48259 81.50928
40.86894 88.43627 92.93568
9.80473 96.47145 98.80118
69.96825 77.74679 44.88265
92.36162 71.31389 38.59850
18.88549 73.24814 79.22993
74.38991 78.46911 5.83803
26.74606 86.42799 96.63196
76.03277 51.39043 59.57997
37.97020 20.51204 49.16330
45.57400 83.16471 91.01662
4.42198 85.31606 86.27818
21.04872 73.09100 90.49719
25.65333 83.02994 80.31712
10.85581 90.64931 98.47037
25.56286 87.82627 79.51464
37.21616 87.56441 79.32380
26.80870 86.26193 69.21073
79.49855 41.27230 72.06364
38.58851 3.34148 24.72166
20.09479 88.93410 78.36101
10.15471 86.77574 71.00247
15.15772 83.46494 82.76546
73.83084 86.44842 7.96305
55.60954 53.67457 77.26546
18.35784 89.74154 92.69908
33.73713 29.16932 37.46321
88.08039 71.04804 33.66548
83.51902 56.07325 67.49468
26.07297 82.99707 97.16989
8.30393 91.45788 94.32540
74.15341 30.28800 69.18204
10.73558 72.88187 85.09600
31.04373 81.21180 67.37535
21.77453 68.65544 78.33862
43.77779 79.24777 92.37539
42.90337 74.11641 85.74015
78.18279 30.98607 92.76434
42.65393 87.59617 82.07620
38.71034 76.61859 91.95077
1.10850 82.37866 98.17989
2.28874 78.96570 95.51391
11.95332 70.44937 71.39035
7.98661 86.77520 73.94781
51.61098 84.70422 66.58685
4.42307 73.60049 78.14207
24.07050 43.13140 30.09182
42.49420 12.87491 26.89637
20.98670 90.41787 91.72548
32.99427 72.90481 73.61966
86.22343 91.48555 21.43172
20.29726 25.64581 9.25984
32.77072 81.41481 86.52026
35.67962 76.03032 74.55321
1.55826 98.87604 74.58461
29.65506 88.09929 90.05271
26.50919 7.83142 15.17991
71.42530 45.56524 93.57869
16.92054 75.93207 76.42226
73.80813 48.83300 97.13132
91.92589 87.17667 54.91892
34.13352 82.84482 72.87210
43.50422 93.32333 72.10852
46.29498 87.81822 95.14620
97.87951 73.55742 8.35483
24.74543 71.54680 80.45289
47.83368 79.75214 74.91439
16.83804 98.81104 95.17999
34.97176 79.26172 67.24853
92.70235 74.13095 98.36515
34.38227 75.26499 66.89780
8.29651 27.80862 33.73565
3.99935 69.74415 76.04028
26.70741 87.08910 68.63848
45.30371 69.50011 76.17739
98.49198 72.67213 6.58938
88.10895 92.47973 68.27576
84.70388 98.77215 67.00951
1.50198 10.20871 46.69562
92.33602 19.06776 95.03680
76.27212 73.45147 8.56045
25.10912 80.56978 68.11901
85.96492 92.95498 88.63740
29.40297 85.26452 86.15650
40.68837 77.91012 72.06377
79.35825 61.49362 59.65310
3.29720 73.63853 86.16511
43.63020 75.28503 67.82011
27.74138 84.07522 81.40315
80.80547 61.71488 70.27466
21.26477 74.56682 89.60288
76.64397 42.36016 90.50750
25.79298 96.32512 91.50899
45.59180 97.34340 93.99941
26.45314 86.13523 93.81422
44.73577 84.34648 84.74926
15.52761 70.05013 69.69633
12.76595 72.28927 84.33964
30.48812 45.41370 12.53132
99.75409 66.74798 63.69884
24.62916 81.43993 74.42474
60.48288 67.16298 96.62445
80.79207 33.18768 98.59959
46.14121 76.04806 77.68809
86.53675 52.54065 84.81927
1.63974 72.91703 74.55532
81.52385 30.97804 69.26983
9.38390 38.78509 27.44097
32.38956 83.39180 99.25128
4.81242 87.08919 93.96359
47.02242 87.96171 71.08744
4.80262 72.15546 91.56586
78.06934 13.20199 91.19518
36.69699 67.23303 77.17781
9.62237 30.92523 9.06268
84.77083 20.87628 96.44116
81.42838 5.81867 73.81332
26.35069 94.12736 81.38096
22.27675 73.49300 94.18124
29.06110 38.35337 26.59833
13.13291 88.33043 77.12000
94.95030 50.04151 58.26267
41.74955 81.05074 95.48200
26.16031 69.47057 91.56227
23.18036 95.08681 73.64821
18.16077 69.81937 80.81821
23.47902 34.07223 29.61558
68.15455 78.88622 16.15714
73.86291 76.53154 42.64841
7.02378 80.01816 68.50394
91.40984 50.48923 82.64393
90.40940 74.16070 18.58595
94.24474 8.42719 77.16813
14.47377 20.01658 35.60823
69.33062 8.05832 78.39757
71.46554 85.60369 95.04535
45.47834 73.93551 87.73015
14.84367 83.46706 86.84162
42.36919 85.75101 82.41098
40.44971 35.25326 23.69974
83.00592 32.13929 69.68732
49.14614 87.36195 90.89226
84.68295 14.91754 95.79016
81.95160 11.95855 98.12167
22.15433 75.83200 92.36036
36.30299 90.02827 87.96057
23.14932 66.68733 81.59549
90.32666 66.37192 95.58254
15.14404 99.33726 77.93802
88.68105 74.59743 47.71618
33.76570 98.27679 74.29373
76.89972 78.27301 29.43206
33.44740 83.58948 94.49689
46.75484 68.32614 76.67328
20.91048 35.40467 27.26482
1.82106 93.67667 67.85901
67.35101 87.09809 78.81838
47.65054 99.78954 85.08570
12.23812 69.28569 83.87190
2.28705 97.13954 91.71109
35.61729 77.68402 70.53702
74.30318 92.38175 7.72974
28.96041 5.81862 31.02184
65.85083 83.53769 80.19247
6.81518 77.69934 82.87208
2.68773 99.84944 72.37323
31.93671 28.13765 1.55221
93.65838 88.65462 33.04238
9.60747 87.27549 87.19109
83.82433 69.62557 13.62665
18.61268 78.41221 75.09434
5.04441 21.77097 16.34136
12.62843 97.80704 88.57900
8.64562 71.91903 94.60392
35.89549 97.39051 90.37835
20.76522 93.23400 85.07982
16.05185 78.29528 96.48097
45.64649 29.98909 13.23857
80.75815 84.04050 72.68864
16.92776 4.22299 43.08909
33.15693 90.66992 73.04867
17.87970 82.55279 72.77178
4.64861 91.06817 76.82377
38.14854 76.86340 67.53124
80.67909 33.09740 71.03957
4.86428 92.72548 81.70514
46.71422 70.58630 92.69894
12.83854 71.24980 96.98460
2.58791 5.21350 34.41832
8.17992 66.76231 70.53936
25.54726 91.81496 82.78718
24.23845 84.15513 81.46397
5.04889 66.86605 79.10925
34.23677 86.86703 83.40611
6.30882 69.65649 93.15254
17.46724 73.24326 83.99533
20.26774 89.11532 93.48862
22.87472 68.28812 76.70201
8.15816 69.95188 71.71564
39.04232 94.57470 87.84440
88.99107 24.49384 70.50273
18.13746 96.60784 78.73498
45.95772 95.46389 82.59364
15.74148 95.57582 97.77588
24.26195 79.24677 71.16399
1.82456 92.09698 74.03570
36.46373 98.47223 77.76830
5.00115 88.09312 91.68350
71.78264 6.43317 82.32147
18.13673 70.76092 87.06866
13.98751 74.38517 85.15944
73.67635 67.63534 75.41880
81.64546 71.30356 79.80798
11.58087 92.12217 95.21630
35.12294 3.53862 24.42629
12.83947 93.92406 98.60066
54.52158 62.02081 55.02905
49.54477 68.19122 75.62618
56.41832 90.46590 64.29390
29.05379 78.91994 94.23996
45.05811 10.70328 9.71441
83.17195 83.77744 42.50814
87.38732 47.52914 82.02998
37.74288 96.14718 82.93723
23.37611 94.45451 75.72892
31.93478 92.81600 79.80313
65.51222 79.38529 99.10349
52.81948 62.84739 83.73618
30.94247 75.86805 84.09198
84.60364 84.73351 73.01889
26.95215 78.36783 88.48220
46.01555 74.77509 76.02127
8.11799 76.83844 89.25951
82.72731 79.55966 48.75460
68.45099 88.59131 14.28590
31.86905 88.07707 84.08006
2.69121 67.38163 98.24491
27.56978 83.62638 85.51254
49.99623 93.94280 70.57449
63.95406 83.78049 64.33316
97.21870 16.38115 75.38477
42.37921 95.42819 69.54583
19.90124 89.16062 84.24606
29.65699 76.13941 78.66089
97.53281 3.66827 87.58476
44.34277 88.40271 75.77685
9.82159 22.59429 26.25598
11.72812 95.41583 95.16214
45.70806 72.56861 82.04504
1.25761 79.01414 98.12796
70.84088 93.31615 97.71996
42.09800 97.79546 98.07918
11.92346 74.88588 82.52573
34.25861 12.32736 38.68928
29.86647 48.68363 13.87392
17.53605 71.92587 91.27078
69.39112 96.98841 14.74388
13.15070 72.94709 70.82427
46.96463 89.55144 79.42492
27.50472 66.78298 85.59822
45.22556 67.83052 73.51864
86.73217 51.02953 83.75512
18.93966 5.93823 26.59013
67.87714 38.16880 85.32686
4.99074 78.31718 76.20633
99.74730 83.83122 85.01149
98.28305 9.96455 78.63472
86.94509 25.41928 98.80508
85.51386 1.55986 82.31204
45.45153 40.63307 28.49414
79.78811 28.38243 68.42856
12.46923 74.38112 80.96363
33.77946 77.30595 69.76505
11.77223 89.83386 70.56426
14.76168 72.06612 93.00371
31.09284 99.02195 92.37720
33.69693 69.68964 66.87273
14.08128 89.48595 83.04395
17.08266 99.33775 97.89242
71.25555 91.47244 32.23255
32.26714 72.90012 95.59861
23.54125 77.13624 78.29104
95.61846 8.72756 93.42057
11.18966 86.39627 83.34013
17.07231 79.59280 74.87955
27.47825 67.35762 78.76857
70.12672 64.57677 50.66208
76.02966 98.85140 35.41359
1.23341 90.80669 91.47426
25.44298 80.80109 75.20689
74.94978 74.46776 86.32547
39.36212 95.06280 72.44062
42.27521 71.74798 68.85712
1.19276 97.64117 96.61923
66.86281 21.83494 73.65106
98.73185 33.81581 92.12224
48.91423 90.41866 92.18612
43.75712 47.78238 47.36294
21.28465 81.21777 77.36892
41.09885 74.74854 69.57512
93.40905 13.71027 85.64295
74.44536 64.19193 77.61700
61.48908 93.54988 98.05176
76.58919 76.56050 4.19197
25.96914 42.23551 29.80123
81.66753 75.60238 62.95495
73.36111 70.88498 20.54698
48.91381 17.88962 47.66253
76.41209 67.56922 15.21537
32.16131 46.77358 29.94369
8.15817 98.74315 79.89604
1.82477 26.30071 19.01937
36.54491 72.42638 99.24901
20.01938 91.65744 72.59874
33.63165 69.08925 93.52999
32.12753 72.79211 90.84841
18.62227 91.77123 80.10535
6.90211 90.57160 75.70232
17.05374 79.44611 90.72271
12.12240 70.16654 72.60980
20.37694 95.78192 73.38936
27.77693 21.61212 42.85447
84.82092 52.11873 53.23278
16.31586 67.23385 96.87330
49.12827 88.64869 77.43469
83.86012 8.89841 71.11804
78.64475 36.25734 86.83306
1.39202 70.62971 89.61051
85.38617 12.04008 99.83051
59.50765 69.18730 61.60541
27.60832 75.77066 91.76273
98.54625 68.81832 21.02635
27.23862 19.48253 47.37229
34.17113 80.29339 76.83446
92.85193 15.48054 74.31823
3.48525 83.53366 70.45540
18.90317 95.72002 81.06289
39.42491 80.21915 71.25973
98.88097 45.72787 69.59691
74.04265 67.42438 90.57781
31.30505 74.07514 70.13502
33.73937 71.15595 89.60032
34.55743 68.51657 98.60407
2.31876 24.30628 47.05792
2.27784 67.36985 94.28596
6.98818 79.86731 97.20192
1.56037 99.11329 75.88454
19.97767 85.45379 80.35308
9.99760 83.97956 89.46896
30.83040 80.57518 97.04510
29.27417 99.10576 66.93805
80.51372 59.81231 80.34381
90.61484 75.01942 47.77936
24.95434 83.59365 79.39215
17.29616 66.96537 99.71836
21.87667 83.86292 68.47941
86.03373 15.25354 98.07407
2.76789 98.63370 97.40923
5.32139 79.83810 86.32820
2.10819 75.52236 85.09035
14.13575 72.61470 91.47893
27.60014 95.84299 99.51434
44.66359 69.62791 82.87485
54.40102 78.57125 54.54223
12.35911 94.61640 68.52979
39.07005 67.64544 98.13392
6.60265 81.14060 77.97901
90.77615 95.67616 55.57358
69.02235 67.67643 62.00531
14.74127 74.44639 68.17011
41.12787 81.89428 81.55863
43.72293 70.63656 79.42140
76.24457 95.39693 9.79724
43.47560 80.39511 68.27456
31.32985 95.98111 69.50790
88.13044 12.93555 74.54194
38.41843 87.98808 88.25064
8.06327 70.37515 92.41424
23.29242 16.68751 5.73935
67.26653 91.81460 7.02302
28.52817 85.39397 98.28683
48.73697 67.59913 87.73699
73.91191 77.05388 2.64851
26.72572 69.58113 80.60288
1.38496 78.05662 74.65452
38.99970 22.85689 13.79644
41.66778 81.20232 83.30564
78.60295 81.35430 9.02156
22.92100 69.80926 68.03576
40.74569 93.47997 93.62520
62.23936 79.89418 94.51000
15.87493 92.79798 95.61417
68.26613 59.75118 67.77351
32.95562 72.15276 83.06598
1.43809 76.92973 84.21200
41.62467 84.09369 93.89163
85.40267 89.78430 18.00152
12.41580 68.99884 67.62325
33.75393 95.59851 76.79971
70.10834 85.16677 34.20669
8.71058 67.37942 99.50225
17.87800 84.88019 82.14172
97.64786 63.06489 57.88607
69.30365 53.45888 77.09802
3.91087 94.26627 87.11526
23.66906 97.46325 83.12199
44.94674 67.94328 72.61985
7.37612 73.18837 72.09780
7.35025 98.06112 92.42028
84.38278 72.06471 77.10134
78.76179 95.64122 6.85524
80.78422 7.12911 89.05066
34.21008 95.52129 77.49061
24.36718 95.47104 94.02412
74.03163 69.53016 50.50533
18.45885 97.87027 90.73172
89.27257 71.49105 93.42938
14.47310 46.58619 35.32750
10.58821 72.86224 81.69793
80.22946 36.22212 71.28413
16.39399 80.36530 76.94764
68.75577 2.71035 95.77026
33.54839 79.79620 79.80002
74.09364 70.46645 52.80072
14.34249 96.76146 75.44670
25.92099 97.43597 83.04598
46.84090 4.25200 33.07168
95.39312 75.38800 27.62870
48.54941 82.12272 74.81832
40.90583 98.15112 87.61739
16.87086 91.10079 81.96774
84.93813 24.91537 83.57711
1.64215 80.72281 97.01862
71.22601 33.99798 86.92979
21.93171 82.44855 75.27089
17.19639 86.43229 72.92370
48.95460 90.24060 72.85599
91.14475 75.22272 24.07722
11.28460 75.17236 79.19647
40.08484 97.01238 85.54298
9.04280 97.15157 79.99211
