100.00000 100.00000 100.00000
90.97991 70.89230 29.45038
40.70351 83.29819 85.91773
13.92229 98.51400 68.52789
75.72280 62.49175 71.86566
47.05513 17.02270 32.59814
15.82646 76.75422 82.50052
41.74422 6.23173 25.83543
38.85439 14.71802 4.96762
30.38702 29.68255 22.94982
29.05088 14.10961 14.89210
94.01078 16.17104 74.26899
6.70032 25.68920 44.84124
45.43131 8.08062 11.17517
29.71049 46.10881 34.56354
12.49677 95.19808 91.79006
17.22997 72.70943 89.43098
34.15462 26.25401 6.59244
17.67337 28.70353 25.26128
8.27376 10.56895 39.21281
10.94036 82.75343 76.14275
6.60456 46.24496 32.60461
76.37978 84.53812 42.20636
39.49724 67.69134 73.95862
21.54148 43.40689 40.32712
26.24034 13.44616 12.22907
1.07558 31.00177 9.71856
34.82485 21.64238 38.82643
37.34241 78.20527 99.68993
4.60275 95.97896 77.55402
14.23264 4.97486 36.45881
26.59354 38.85590 42.95284
70.78002 49.67998 94.80880
26.03685 97.02862 95.93089
12.80800 41.65906 9.46395
3.37642 47.08083 38.98271
86.00170 33.11770 69.32930
48.78194 39.79341 15.64175
42.51678 31.18887 17.88190
6.78219 35.57583 43.55548
3.51115 18.55696 41.45860
29.41855 43.96595 33.49781
92.44353 4.27549 82.22851
44.87280 7.77471 27.83270
20.28107 1.36864 35.50849
30.81122 31.46352 30.12323
48.89229 46.72971 32.41253
29.10034 43.91401 24.18414
19.17594 25.42942 34.83258
89.80163 46.19618 81.44277
88.13166 92.33284 78.50380
96.65048 21.00904 81.14370
79.88300 89.59694 53.04823
16.91038 3.45371 45.40402
22.89951 35.32904 43.45812
35.97070 21.91737 37.81050
23.40647 37.45188 21.41046
32.60814 42.74457 16.68705
3.15243 48.05201 33.82455
84.36113 19.20112 89.27960
2.82904 8.56513 42.35040
68.10260 69.41304 32.27101
94.93764 82.02786 34.65228
30.27637 25.66457 33.32129
25.53275 49.07065 40.21727
68.93802 23.01336 98.65168
15.37091 13.24832 33.79669
22.26582 13.47649 44.50570
10.96443 7.00342 45.45800
41.41595 34.65101 9.60047
17.48730 95.30024 97.85490
5.04883 9.38310 44.40097
97.64961 14.10175 80.27941
70.41497 53.03306 64.99661
74.54980 98.79568 77.97087
13.26817 33.90059 1.94747
92.00228 76.91042 25.52022
79.14379 90.74440 70.45838
47.66523 81.50403 87.48597
63.78849 92.39721 97.21691
99.48090 75.80504 22.61798
9.29152 17.75263 1.09667
43.16234 33.50397 49.30016
49.33355 83.26201 81.76154
85.35819 78.51879 35.81092
72.96248 77.72706 60.64587
16.41741 89.73240 70.97473
40.14244 12.90767 36.52895
21.94702 47.01043 25.44977
95.56660 67.75914 4.75446
75.36133 28.52776 94.12160
13.59823 80.58431 77.67804
44.32732 46.62507 18.66779
19.30879 7.61533 35.61139
92.11303 45.07842 69.22202
38.95981 21.98520 2.36143
7.17947 23.72610 5.85868
42.91503 37.79177 33.81986
69.92904 80.98402 14.29062
6.03491 88.63635 72.64793
82.14653 82.50419 12.07109
46.77005 16.60551 39.97635
57.12959 58.68834 70.07731
25.82805 6.50210 2.28136
82.98586 68.90495 64.50326
79.32679 7.33179 88.57424
23.04442 34.98452 29.03514
31.38708 40.86854 14.40939
27.57450 49.38916 41.42234
45.93822 28.76511 15.27393
40.15103 38.68872 8.50273
6.87470 46.96952 41.27019
33.01380 33.25691 41.52975
45.67696 49.49450 25.87201
30.47587 40.04263 6.12176
18.63515 69.49828 86.63865
6.37982 83.87976 94.63092
15.74129 27.23155 47.84669
18.09031 85.26632 83.23399
17.08937 10.16930 34.56628
87.66207 31.18229 67.85770
26.95228 49.39570 28.11089
76.31319 21.73259 82.74104
48.74750 3.33162 12.36684
7.32797 89.07298 91.99333
96.97843 89.41524 62.14083
23.81216 24.47566 6.03960
17.97017 42.89198 36.96925
6.03400 30.00655 39.10709
49.74131 4.11343 20.17964
81.36260 38.09627 73.69380
13.51911 48.56894 4.25452
78.97613 89.64289 25.30732
37.20471 1.89830 21.79178
49.53448 13.59888 28.06088
38.61414 35.79396 3.57244
23.89124 20.27680 38.62156
20.00045 20.47224 31.50812
30.54055 46.26389 28.99332
47.12979 8.16941 28.57483
21.92387 41.58232 21.14459
2.94684 41.48135 48.72096
36.18324 42.18752 24.24769
47.19814 14.75041 15.04697
21.09940 18.89467 9.05812
23.18191 25.32452 33.35016
77.42175 8.97165 89.59645
49.22562 23.54846 28.03479
40.90704 16.49132 12.77425
15.55759 20.41568 48.64507
33.29697 40.85948 48.75466
30.61513 39.45873 46.82946
20.95039 17.95730 34.53285
28.95713 5.71952 27.10870
24.00185 48.64479 17.02573
94.94790 87.25443 36.93399
14.93419 28.72147 12.89071
12.97322 13.22125 25.78128
83.49797 97.46990 38.98532
49.38653 21.82569 37.58435
47.55335 22.73028 49.27506
23.96965 2.81186 24.93215
6.92643 20.69121 8.78446
49.63463 48.50971 2.40447
47.38198 11.52925 25.65579
79.13096 87.09527 24.74778
44.89368 2.14693 5.61555
13.00863 42.36138 12.02006
13.76525 82.14926 88.96471
22.87061 23.59489 38.84973
16.68403 37.54773 23.95618
2.93963 21.38745 13.75847
23.47915 26.00601 36.45136
19.48885 14.80225 9.83138
89.51693 70.24107 24.66158
96.20429 28.02947 89.46710
87.22647 64.44741 66.32636
9.97439 46.63137 35.85680
49.49218 14.80945 26.79874
81.06422 13.85849 98.01618
78.65340 70.14580 57.41460
37.28536 19.67035 33.64713
14.85592 21.96101 49.16378
3.03868 4.03971 32.73065
1.71883 91.94533 95.85396
18.33290 35.21747 32.07974
8.86574 30.56814 29.36728
78.13968 91.50124 21.21235
63.07457 56.26381 70.61978
6.46465 9.48398 38.69985
42.03583 88.15223 86.58391
96.19254 83.82813 35.07136
3.92259 24.61602 47.60123
42.44415 9.59737 34.04354
49.15720 12.54765 35.53350
8.77329 35.43169 39.74711
3.87626 24.39417 9.66165
74.97677 92.59681 78.91151
37.08281 47.65892 43.44251
38.32110 39.11958 11.62971
32.88441 13.95523 1.53232
17.91346 33.89757 49.93120
2.60102 16.86911 4.33893
16.70717 74.40730 70.95475
86.34504 98.32837 86.67998
15.06633 13.12790 15.84985
85.58557 78.28422 15.47922
87.99665 36.14878 98.46874
45.36152 48.30705 23.38619
54.07302 98.68894 89.03295
72.37707 31.72614 90.07475
94.53850 68.00025 96.05022
38.16788 10.53786 13.26946
1.58002 43.88899 16.39382
22.02655 15.52561 16.19665
36.85223 36.41711 26.89114
74.83412 67.15898 68.00563
44.22011 68.28081 92.87818
23.76456 97.57888 77.73226
5.38832 87.32048 77.44367
83.02229 84.30632 5.88537
1.50045 20.65547 1.20602
40.97153 46.25616 40.27645
68.90983 12.64885 79.60638
98.99081 99.59911 15.32815
77.86173 18.58431 83.42629
29.77998 98.12991 99.43282
24.31835 27.90539 37.73549
29.77403 37.14875 33.87094
41.56434 97.75986 94.24105
10.47619 27.48147 43.47765
63.58176 84.00384 83.13014
20.76242 16.66137 24.12690
4.93132 10.60554 5.88528
11.81960 35.88128 46.56240
68.93369 92.38306 8.92813
1.48910 98.46508 66.92309
51.59982 91.99640 74.88197
91.84380 74.83500 43.83481
93.71725 78.89193 2.16529
95.71153 75.94033 16.98328
76.17900 69.07472 50.15830
83.26860 68.74838 58.43357
16.50409 37.92591 49.92888
57.38098 72.27228 72.56904
39.23621 41.77855 43.18201
21.13574 1.74220 43.57335
99.68657 20.97813 79.94250
45.33117 31.76591 41.79839
2.30940 46.23021 5.05591
49.30065 16.43697 44.51102
39.71779 40.14766 9.32815
32.76677 7.60016 43.64523
75.81590 43.64243 76.40509
54.32173 63.61250 82.81852
78.11611 45.53495 84.09309
87.91207 55.11099 60.26999
26.09212 38.64616 35.84950
21.84693 39.71704 32.99843
49.23888 88.01023 96.80078
27.26421 17.71324 40.10176
35.26184 23.39293 26.80481
67.11358 89.81878 43.08062
76.42847 16.72519 94.62229
41.62109 32.19883 10.72926
47.40138 21.03597 26.01165
23.04790 42.08649 30.26938
36.46633 35.11949 39.42062
81.22892 90.61644 49.39851
19.61457 47.55367 49.22011
8.65091 86.46659 72.69529
94.26776 68.86081 37.32193
90.86143 15.84288 79.13783
87.33201 78.02074 15.59635
72.22832 83.06699 46.77113
9.61974 25.35361 19.53868
36.75926 36.70860 39.14111
35.04465 22.42532 32.86352
4.92060 45.96410 24.36812
82.89870 10.49753 89.58101
5.25441 10.75407 14.49668
70.58805 24.41889 97.18569
24.56440 38.30218 14.57374
32.05731 26.06111 37.77236
95.00861 25.97121 95.96859
75.73359 36.08167 89.06273
43.27160 43.94512 25.68051
85.73911 95.16452 8.96087
51.00705 83.81708 94.11909
26.51888 48.74203 5.02872
17.02361 8.97481 24.12810
84.26778 2.13376 96.58472
22.07193 22.16639 8.88508
8.74714 76.05268 82.83884
34.17739 42.16213 3.97559
47.40285 11.00250 6.26185
43.70131 1.77890 36.34430
13.35018 40.73356 43.20282
49.36663 12.62583 39.94341
96.00497 87.98565 77.68859
28.58108 44.67795 46.07343
24.11589 22.35458 30.20288
99.47914 18.98933 81.59767
35.74998 72.94711 69.42239
2.38289 70.14791 74.29486
65.01846 68.02484 69.83906
36.57769 23.41838 39.16707
18.95624 13.01815 39.15867
80.81234 17.97689 72.24289
23.62951 44.94717 26.29417
34.00354 28.49755 28.29747
84.14999 95.66961 91.56164
38.03248 13.44685 40.26932
67.97454 16.95205 73.69082
42.30842 11.44327 18.28969
37.56853 10.51164 43.27658
32.89188 22.85606 22.60296
47.61165 4.50514 6.12819
71.21897 95.61661 37.43278
31.02780 3.87895 18.29344
14.63936 32.39463 39.59134
68.30989 98.10468 5.62552
20.56570 43.55361 29.25234
19.90701 34.49701 26.62391
45.29015 11.88837 30.84220
46.11255 44.41955 17.39659
86.70904 41.29245 72.47581
13.66566 42.71503 42.25549
83.84226 39.06290 99.38048
38.65793 17.04115 21.65096
29.12309 6.35118 39.81879
40.09543 41.73214 37.91181
16.55453 49.49852 4.82204
15.66419 32.83130 34.31382
28.76555 16.20470 21.13002
43.34258 94.86438 90.22378
70.30283 71.46448 46.33248
24.31064 19.63304 25.87373
41.66085 38.92209 31.75581
44.39831 33.84561 47.92718
45.19218 94.74947 97.80745
72.17714 83.09378 32.24899
45.36918 42.08800 39.81104
14.72059 36.10585 15.77111
10.82879 6.55878 17.14235
1.16702 35.38445 14.79599
36.02683 82.91043 67.37623
38.56901 36.88686 21.18964
3.30097 72.54142 85.17407
18.00534 28.28384 8.89397
45.51712 9.65189 13.37769
47.96515 44.40876 32.71090
73.07493 56.32860 58.87774
14.43974 3.70667 49.16150
12.16278 48.03654 26.12199
41.94740 47.54027 5.74665
37.83469 39.50576 36.40907
20.05792 7.89324 45.88151
83.27147 1.07151 86.75901
43.94253 18.78344 32.50784
46.84296 18.68317 28.01081
88.16297 85.70252 46.68433
46.16278 5.78552 26.75847
91.65567 81.85408 33.24986
87.03151 77.02695 32.24017
4.02008 48.59599 40.84507
15.30743 46.21281 38.93108
98.34764 74.76173 14.00250
28.13583 1.79061 41.62187
67.86227 83.93698 16.39467
28.49102 13.63880 7.00608
18.00416 17.16747 8.11507
14.11398 21.07532 34.44842
85.61393 95.66308 12.90228
95.22767 11.48641 73.99322
36.50654 4.79060 36.92190
2.77739 4.67318 3.40697
4.04943 11.15052 5.42832
31.36904 37.40514 4.34376
11.40514 2.03170 30.42202
68.82249 90.71359 23.61966
36.98689 11.19939 44.14384
45.42082 22.81352 32.27783
9.48908 22.94100 18.94258
37.60877 16.71958 38.81699
89.65021 99.63926 10.17323
79.46312 70.32328 7.14064
87.99894 79.29123 44.64349
34.39381 31.44258 18.57313
43.26669 32.51081 41.27775
18.25240 7.60610 45.60907
14.03475 46.04188 1.37535
72.51825 87.94160 21.98184
40.63099 99.42443 89.82942
35.33523 15.52364 24.86440
26.97498 48.96529 48.66712
68.42486 88.14353 68.86747
38.18758 18.69883 43.82531
13.61196 36.83513 3.96646
23.46490 29.77002 5.95106
65.53948 86.96931 55.16615
82.37909 96.93267 43.51995
28.98262 7.53264 7.81699
38.74193 3.82518 33.71389
7.09793 10.44384 45.79039
95.16039 31.10031 96.10955
15.86952 76.91242 70.11046
40.39400 24.42114 26.97248
41.97024 17.43536 14.63832
80.95595 83.67207 78.50907
19.75005 36.77199 6.28437
91.00869 98.44314 99.28507
21.10453 38.09045 35.06651
33.99570 9.72622 38.59452
39.40871 36.52937 43.01148
39.42180 25.65643 46.68456
43.73105 4.66309 4.13080
34.39199 24.35114 10.67682
62.90858 73.78180 62.78045
49.65434 21.04311 11.91626
13.36302 35.08530 24.21542
47.14039 17.92556 10.58440
32.84152 27.30755 43.60775
26.89488 46.20024 8.11999
84.98404 4.28408 74.25973
39.12947 25.77447 33.68209
93.52412 70.02155 86.45904
21.74067 43.21676 13.85162
19.66988 19.07104 45.07541
14.59025 43.57210 29.75981
15.56390 40.67174 1.32055
39.26712 39.27321 17.53926
7.68272 7.90814 4.65495
67.79446 82.88024 25.98470
15.72571 27.63618 1.27551
55.44405 95.38758 53.28774
99.67810 72.84392 77.48178
36.58189 34.20751 11.12130
13.24857 13.14876 24.88660
71.25196 84.05339 5.24558
32.19852 97.05975 70.37130
23.48779 32.89498 38.88009
32.87919 8.11213 2.93197
47.23962 83.27872 79.94455
25.15012 37.00975 6.34185
84.46830 39.98743 95.79975
27.72180 34.93678 2.80266
92.36679 92.81305 20.29341
18.21770 26.17023 20.18873
10.63639 1.68545 15.59754
45.60355 33.84308 48.34854
85.35666 91.18820 72.64765
46.68815 5.82747 9.64301
47.66100 45.39231 37.07068
79.25406 99.02139 66.68992
19.86012 6.85349 8.10180
20.76325 14.46009 17.47948
22.59068 21.05729 11.28871
68.71596 78.96540 31.26697
9.33331 14.34160 15.19536
46.31511 86.53437 89.47566
55.85877 51.88605 53.51698
34.69483 17.34358 4.00665
9.57921 5.81741 5.69191
73.30398 52.89273 78.17226
13.41210 15.89720 24.93091
7.17170 39.54438 5.02691
4.07792 30.77630 24.19587
65.60098 76.08580 95.99943
16.51896 49.78603 47.78850
32.17070 39.80052 30.05726
91.01869 38.34262 73.72663
14.27437 32.61348 36.95713
41.74263 36.07924 23.30611
39.89371 89.98647 77.10806
43.33522 14.30490 1.46984
21.66893 70.27998 75.31409
95.61721 46.08377 67.19550
11.67171 49.63171 11.99288
21.12917 87.96419 97.80092
32.96019 21.39823 10.21205
16.02691 25.99787 44.63963
68.57189 26.90810 76.81633
20.95858 35.74815 35.67196
88.60838 86.34425 69.56407
27.80699 97.72685 86.09797
38.90474 39.97133 11.47088
26.50667 4.51573 30.05519
80.83207 88.95068 20.64134
65.04356 72.40437 68.08473
84.38275 28.47633 90.81029
22.92165 48.17618 44.13784
76.82482 80.08118 30.15163
33.36470 88.55630 91.13610
5.34517 15.65618 11.98198
18.20134 23.40449 22.65539
3.26209 26.33246 44.96640
6.37951 10.79506 35.09915
41.21645 91.32675 92.21001
45.26884 31.20035 19.15518
40.19567 81.73576 69.94253
39.82076 14.85181 22.51944
26.18791 23.04910 35.65898
8.79162 47.84303 33.79329
73.19961 43.14579 98.23056
39.46548 43.08767 31.50662
7.25395 9.56623 4.28026
40.80353 25.51820 13.06362
43.66740 16.19088 15.83258
76.40406 57.91820 93.37379
14.50438 3.82933 1.55485
19.45811 27.28280 10.24840
38.92734 1.71398 11.48781
14.18688 3.41112 21.78872
24.00358 44.72984 15.03548
13.93612 44.20156 23.75002
8.73312 21.13502 5.17927
36.83738 33.23453 33.00808
12.89354 6.24603 30.25198
34.59363 44.81222 13.61346
41.19590 1.52030 10.34514
95.92133 8.92552 78.48563
21.12932 15.13414 5.09700
10.13727 17.55614 14.94849
74.89158 7.36563 71.31775
99.15062 72.16810 57.98717
31.94368 9.18129 26.69544
55.39865 55.81829 85.42650
34.00832 36.82974 31.45910
88.61735 99.20132 46.64862
31.19886 32.17109 44.33691
76.80211 72.66736 32.52299
37.47963 29.31909 25.42852
24.48960 77.90044 95.66850
19.73334 26.25332 23.24270
5.07167 7.52501 10.43210
56.30656 82.89190 75.21430
9.73300 68.84383 76.95732
46.85263 42.21648 36.08477
28.36470 13.41687 10.60501
49.75167 23.27362 6.94360
29.53192 46.31762 17.35525
46.21228 28.75254 24.60712
14.69630 40.89106 29.70096
38.21704 33.23613 43.84781
33.72456 26.56299 29.43549
8.63731 41.49792 35.54537
74.89530 32.90524 82.36620
26.42593 6.56324 3.03845
49.75240 4.93337 6.36264
42.90185 45.82889 17.26693
31.93899 2.22121 27.33714
14.69862 44.02000 23.87431
25.55601 37.47947 15.23637
18.47015 16.60054 1.38125
61.97294 75.77088 67.30947
48.46289 39.73393 38.26328
87.37138 69.46324 23.84666
18.53368 46.58097 2.94028
27.45859 24.27652 25.01559
9.89870 3.74365 23.42350
5.22243 21.76770 24.05545
19.38831 27.57546 24.30041
75.64758 66.88465 32.39490
10.83801 43.65887 20.65874
30.09576 1.58886 16.52636
21.24407 39.87290 49.87564
13.31995 29.45429 10.46855
32.35466 33.63497 38.43684
46.15503 33.60394 29.22113
70.11467 17.85174 84.59634
33.67383 77.47959 81.64531
26.82796 25.35579 6.83963
77.35921 94.50245 53.40668
46.03615 12.30598 19.49377
40.67713 20.37182 2.55798
16.52078 42.67052 40.01787
39.41713 70.74802 86.96811
20.02646 28.49193 48.60049
82.15015 45.75640 95.39267
68.65948 38.70410 72.09329
76.93425 99.77513 32.01434
26.21896 28.09110 36.84471
13.92032 91.34065 96.21127
11.94181 95.49513 97.18414
42.64134 44.94291 30.27208
33.87514 48.17459 35.99374
87.09683 81.37198 46.35387
31.32215 49.62583 27.71173
32.58824 29.52553 34.49502
47.22956 97.15197 77.58357
46.85805 33.78822 49.30758
27.73229 16.71991 14.33813
17.93256 3.13579 13.60855
17.23206 39.14119 43.12886
68.62939 86.14972 66.37800
33.33505 30.25691 49.76625
73.89622 48.02444 76.52935
4.25182 28.63783 44.62999
48.22890 7.10329 5.11152
42.20802 20.96431 11.81394
18.17604 34.38063 10.21037
81.47252 95.56112 73.63761
13.25188 30.19110 11.53182
49.16926 32.19134 31.08877
8.59940 84.16446 92.90721
31.69428 27.88363 37.19396
41.33646 36.36067 21.60208
9.81402 45.29691 17.00300
34.15594 6.34228 1.45144
24.65582 16.19090 27.07050
75.25771 30.55139 91.88552
12.35885 1.95334 2.26750
79.30302 73.93898 11.99569
4.52747 86.32931 74.64595
41.93291 74.13096 83.22640
35.74482 38.83061 36.70300
80.19269 70.45650 5.42953
38.94263 43.65481 32.03174
2.22251 19.67930 14.82065
39.67581 14.53307 43.97434
23.91721 49.38644 6.67100
29.51626 48.10790 23.95353
44.93330 8.42789 45.37122
80.53319 49.19865 82.85921
69.12574 89.00938 48.43013
46.24806 30.25740 18.25252
6.18892 34.44056 20.81730
83.15711 85.48350 46.99359
27.42988 49.04037 5.95612
11.52812 97.08343 92.71114
3.78795 18.63828 22.68790
88.37722 95.54243 2.08599
23.80670 6.14773 9.55985
96.85915 57.39143 81.47612
45.04717 44.00815 49.30537
33.16602 24.31943 41.85513
69.27969 1.46626 78.90289
4.84788 11.18031 12.63966
37.73822 49.97283 48.37090
72.81190 40.46204 70.52670
33.99593 7.53293 33.00166
24.35704 28.27548 15.87479
16.33859 2.72952 21.44974
5.66006 46.51972 13.88843
25.39566 49.73118 27.35502
72.93895 63.82706 79.61221
67.83270 88.63355 85.33194
76.54515 98.52962 87.91213
3.95453 27.79820 48.56059
46.91051 38.30436 26.30468
44.87570 49.43255 12.22767
4.61800 23.61107 48.84897
78.31990 66.92892 47.08993
78.98343 28.02383 76.52635
25.32170 39.92709 36.99712
58.64394 99.50220 94.04514
94.66104 3.72886 81.84409
42.07144 17.96996 8.94592
81.97441 72.70457 85.82680
24.62796 69.92407 87.66130
12.32415 35.53939 39.83957
30.63901 28.42375 17.97819
98.96273 80.55876 34.65799
18.40346 2.37093 20.01775
22.02879 26.79168 5.33906
87.76751 94.09326 51.54793
12.86793 45.32364 11.10940
82.22013 54.05234 60.77664
30.31748 86.97126 96.91923
18.18354 18.14574 45.73819
29.26252 42.12259 34.69525
13.09619 15.63904 35.04609
9.09917 46.61757 20.88641
87.09086 42.91236 92.74788
48.66428 9.78452 31.33198
17.67206 20.02188 36.04444
29.56824 34.62510 39.49367
93.68196 75.28511 70.33474
46.92430 45.15384 29.16539
20.21997 23.75955 12.86404
1.45276 6.61992 39.93370
37.37180 18.26840 24.39600
8.47362 33.52480 21.74779
9.86671 34.62432 47.49351
73.52428 79.54773 10.37829
35.36894 28.50847 41.78203
7.02221 47.83452 29.52768
87.28792 76.24108 56.24213
3.07111 10.83995 36.79601
90.26029 80.47653 59.17399
34.74233 37.16521 47.69873
81.46302 26.30976 99.66897
8.29782 28.37614 30.03751
27.22738 10.08448 31.43402
20.27180 77.28754 88.72570
86.71045 23.12222 75.64229
9.90248 93.42129 95.20702
93.73526 97.37921 8.33775
91.21373 13.41545 75.95888
69.56747 60.57866 57.86049
20.89053 15.80316 13.65961
88.46964 88.12292 22.73882
38.35148 41.21762 41.31386
37.82745 13.23570 28.42062
41.13253 29.69269 43.80320
99.98303 81.78784 72.59658
45.24346 24.16276 25.03756
33.43509 23.64947 15.38763
37.55255 20.27538 22.46623
28.68444 20.06498 17.50358
89.18118 79.99419 34.77505
16.81971 80.47294 68.28095
59.74940 94.17396 85.84261
10.65959 49.07824 23.25005
22.34449 73.71756 99.55469
47.18822 7.84732 43.45080
36.26469 13.83457 41.68578
87.06548 97.65047 41.50444
27.46149 24.69133 4.90030
17.46979 26.93748 22.74629
6.95962 32.38471 14.83352
43.66730 32.10402 3.66603
7.72041 34.25177 48.06060
89.02087 43.22820 74.18635
11.38085 27.15873 18.83750
11.27623 45.10867 44.10942
36.63439 91.60769 68.86398
20.94616 6.56244 24.01324
29.23350 36.44299 46.40677
5.58668 46.69457 14.88353
7.91873 21.37206 27.27616
39.66647 15.93391 22.29121
93.71432 68.64148 4.76207
34.59621 2.78187 30.12830
17.34229 85.06581 97.05355
87.79819 66.80621 33.83202
10.13225 35.03499 47.27374
25.11436 49.68101 32.55336
23.12681 40.42400 6.10112
56.76827 60.39775 99.21577
12.12737 17.74192 41.88695
86.56950 3.65366 97.34757
26.80822 91.70667 99.51042
61.37150 54.80532 91.95451
98.18266 93.30053 53.30120
87.62119 91.59203 24.11689
20.58509 6.90443 28.74614
18.10998 96.58895 70.03170
42.04081 17.14718 43.51485
1.60544 2.59858 12.57656
11.22537 36.34218 24.21611
91.16919 49.23353 72.34251
44.20980 37.52817 48.94248
3.80812 21.81174 33.32116
92.21821 3.24566 82.55918
13.99915 20.65785 31.90701
96.60827 70.84030 82.55798
7.18360 7.21159 22.88598
28.21343 33.69811 18.50097
20.42161 76.48783 91.05861
8.21459 43.15814 37.50974
1.41034 6.50878 12.82417
69.94857 69.54718 96.50217
26.39893 49.05420 47.91486
16.18326 28.82071 47.18379
9.59252 28.62300 43.13103
35.07885 49.47643 15.39312
16.28796 3.88293 10.40069
1.66438 8.05281 5.45248
17.96064 3.20130 22.55723
5.11650 7.65200 13.57609
5.64972 47.21528 41.13819
9.95409 30.50816 11.50014
26.38056 69.94001 70.34028
95.50777 89.85678 25.72396
18.90288 41.75845 38.99159
31.71390 1.02626 25.66253
27.65125 2.38225 25.39840
24.66005 1.09210 16.35725
43.84159 45.97754 10.78171
70.62657 23.43910 67.50562
70.84343 85.19682 80.24039
69.51035 71.82613 41.55920
22.77887 1.30021 43.65400
88.20601 89.29136 56.04942
23.15759 11.13938 47.19681
35.13054 38.16807 41.01106
38.37977 19.32768 3.29118
40.43868 43.39759 28.99743
68.43764 81.56137 29.00140
93.17818 80.55866 54.14257
30.60289 29.00062 14.82615
29.59818 3.52267 26.00155
79.74262 43.33347 91.70683
49.83548 34.11283 18.45734
90.03263 79.89891 77.05076
72.54148 80.86393 67.74489
1.99691 31.34269 5.65870
24.78109 9.93776 28.68636
92.76214 32.98284 76.74875
1.34541 43.01743 27.48563
12.01399 29.16981 47.77279
16.35521 26.82861 19.63079
25.05531 17.12260 29.60817
89.34329 61.23286 60.46066
2.65863 8.63528 48.08876
15.73404 12.96702 21.73295
39.27149 12.92325 25.46631
73.97066 47.29146 81.08252
29.18623 34.84552 43.47453
95.04796 71.13886 9.60908
96.44597 5.75096 70.39204
89.94966 4.97535 89.89464
8.70564 14.36140 5.15654
16.49201 89.97467 93.69346
41.11215 28.94384 33.65896
26.44498 43.30802 32.54699
28.18925 18.64055 17.40337
33.48385 12.73450 9.86782
32.09874 38.74323 29.92628
22.28211 26.74488 2.50347
42.29940 70.21870 75.57473
21.31335 38.82396 18.95365
3.09240 11.42534 45.40381
27.34962 5.50336 28.40387
9.72280 79.95106 79.00012
3.65887 48.89720 29.97148
93.80606 93.49917 37.75928
92.28506 77.73509 2.11029
6.34988 18.37586 49.07568
14.96447 23.58672 18.17748
4.37761 15.16494 26.17607
41.18386 6.56318 28.71210
48.89158 19.44620 27.81351
42.11968 83.48587 77.94063
5.08411 9.56637 31.34493
72.29641 74.69111 17.09075
15.99118 41.19143 28.19090
8.54194 35.28258 25.04515
71.39730 28.65915 96.03017
4.57398 42.80279 13.22463
26.16027 17.23124 25.97867
10.13888 19.33505 40.10818
38.37812 29.05406 38.44939
24.19104 49.73084 35.41490
20.09250 42.34120 49.18070
3.67491 3.83892 2.71481
48.04385 19.28648 32.70426
14.38111 41.54094 45.76134
96.32137 77.74483 13.12134
7.63548 68.31947 92.61307
42.61591 24.65181 5.33846
76.70262 90.49509 31.33539
21.93474 90.90609 84.54050
35.63645 98.26989 82.31120
50.99229 56.31663 50.83597
15.55572 36.97440 16.18604
36.61202 23.74568 14.07124
54.71283 74.57617 56.20406
36.89943 49.24854 14.62212
47.17809 37.85343 35.95461
5.22796 26.33265 17.54401
80.15250 22.38279 95.31070
96.28284 71.81303 37.46371
48.20986 20.88545 13.84390
73.38141 2.97483 70.74103
30.79706 9.39640 20.09343
41.03589 48.88992 32.79637
71.40969 94.09767 46.85740
29.95005 22.91138 31.41656
43.23467 39.80316 44.47847
83.58576 6.82322 71.24081
67.51884 2.98569 98.60095
75.87029 90.53260 65.78786
22.10548 88.95210 87.19228
19.97814 77.46971 73.97781
4.43227 27.58996 15.77115
20.39773 27.48842 47.58747
33.42139 17.84589 32.93577
98.05109 59.73879 67.43460
38.21571 1.44839 44.16723
44.55679 32.40196 20.60272
30.77089 26.96327 44.32350
35.10690 46.31272 22.23198
87.47612 99.08540 3.89129
7.15773 11.84051 34.27339
8.04620 2.16339 29.44925
32.37466 37.34019 48.75529
63.08908 55.83983 74.99090
28.91492 37.92482 33.70943
50.25649 77.60468 85.78932
75.21369 36.88824 82.80121
93.32651 96.19668 50.10378
75.09339 72.13161 7.05112
97.72115 73.39312 17.90954
31.83157 45.07615 32.05456
6.52804 40.11144 17.06945
34.36285 12.34567 49.95577
14.86570 94.94651 97.73144
37.51031 20.51470 33.20169
20.01169 42.59039 43.37770
35.97590 18.08736 24.64799
99.90228 93.96378 79.07201
27.15994 78.81870 87.05046
4.00968 26.70782 48.96996
83.81369 81.00921 90.11391
46.31712 85.47896 71.95318
24.16949 35.08427 30.99675
21.42624 9.92216 28.78812
32.86383 37.41637 25.85319
7.29395 38.48655 30.88764
89.01237 60.37824 52.98554
18.80026 12.48922 28.27583
92.92619 36.04022 84.86906
7.54125 15.83732 32.14430
69.12027 45.91645 71.89040
7.96476 41.53052 27.52131
34.37445 43.34939 11.70148
18.96263 36.12216 10.97486
23.92989 83.87820 91.43650
39.91361 38.11509 39.02373
31.13464 2.79903 18.72484
20.01600 13.77649 12.75191
35.76659 5.01748 17.32257
43.36165 25.65274 18.56477
34.17622 43.24926 47.95640
19.48016 24.51611 33.87046
7.15870 23.49415 28.26124
40.87165 19.65231 31.29125
2.77788 18.58195 34.31770
23.53760 25.93239 19.37159
97.81635 69.33363 74.28037
48.16789 27.73339 3.57657
85.67106 82.49321 39.50258
45.99294 38.19703 33.79198
77.33575 47.11638 90.22126
40.10072 37.94470 27.72426
36.00319 5.32019 40.98052
39.49956 2.03879 16.27751
33.86186 17.07193 42.07707
23.60481 2.94277 6.90301
17.81879 42.96302 40.79880
36.77809 42.87599 49.94734
21.14440 18.53062 29.95367
41.54230 35.16276 12.09325
67.54132 11.98401 86.10347
7.32097 21.47284 22.14332
28.74434 35.75428 6.96043
8.69229 86.41802 94.51753
16.67893 39.30933 38.93722
44.28045 14.57658 16.78142
12.42997 36.53454 38.62759
71.09389 86.79293 7.75283
29.54932 19.59433 14.17235
25.15625 13.62725 1.15913
52.52387 61.48000 82.03069
47.48702 89.00252 89.88742
30.56662 2.16192 36.16968
85.21813 35.58294 97.96826
35.77246 36.61153 23.45629
19.63971 40.32415 34.88846
12.26859 15.82241 25.54053
99.75903 25.82668 67.34475
43.78040 36.76294 9.07338
42.13040 36.47602 15.55575
74.88554 96.40142 1.83321
92.11554 88.36412 44.49343
86.01147 64.76238 84.72050
53.64678 81.12621 65.52732
58.41058 69.11189 62.27614
48.96522 66.83269 91.20907
9.25226 33.74618 2.49291
7.71756 73.49699 86.41414
26.05842 16.86612 18.46128
29.11277 21.74734 23.86067
44.46947 43.53380 24.59236
80.81651 1.61004 96.17186
3.08262 19.59090 30.97115
30.40878 92.81785 88.12674
74.68686 13.35838 81.09841
4.34630 16.21231 36.25783
79.51505 96.04724 84.67873
9.59863 19.26381 31.39889
76.87047 33.45462 98.74845
75.70962 29.10282 98.32735
40.07578 41.30403 45.11938
82.36685 69.26489 17.55450
12.87824 7.71345 36.58174
86.89871 84.31862 2.31726
24.43398 75.82827 82.01474
49.52912 36.88522 14.36989
31.16697 13.25692 28.72666
29.46169 10.10522 17.88381
34.72082 26.56245 15.98257
94.43077 28.46105 72.13286
77.47110 53.38725 83.29744
77.25236 34.41327 89.21284
7.72199 76.23671 78.91109
95.53236 60.75519 59.78066
40.59745 32.08487 24.85160
