100.00000 100.00000 100.00000
4.84779 3.12782 40.30578
2.30530 90.89082 90.40142
74.04382 14.37537 76.14155
16.40138 9.72269 23.57117
8.08443 20.23109 45.77954
4.96629 12.44119 33.23487
34.84219 38.24563 32.68114
91.93215 79.16782 26.53066
25.90601 33.34470 34.70071
27.40331 75.28817 94.85171
11.80515 39.62736 12.68675
54.76808 74.67880 69.41891
7.73000 14.27523 44.16010
22.24689 10.25076 37.43644
5.81926 83.89693 93.73635
72.54558 98.37008 10.32789
56.88028 94.19288 63.79908
33.28504 90.58620 70.45613
18.70587 23.16189 23.15712
85.00728 73.54124 23.75175
7.76270 10.47594 10.32685
24.16292 11.00580 1.91418
77.02775 58.22102 90.22121
20.03920 29.36515 42.69615
5.91999 14.30050 29.19770
34.31822 28.36017 33.89350
84.40482 71.02077 30.79419
9.65283 42.17368 47.06877
40.93552 12.50618 42.22905
26.62522 23.82962 13.02525
30.49182 21.56002 40.90715
6.93880 34.08277 10.75869
86.98682 42.93460 90.04202
69.03627 99.14184 83.72028
79.68246 11.15084 69.70758
47.74521 76.03601 84.86437
46.45088 71.32824 71.56577
67.65957 45.66203 97.83149
27.89285 66.85303 81.00209
48.03222 97.24598 80.74410
83.61410 72.27307 45.69167
18.77508 76.34587 95.88435
5.97270 32.37758 45.49074
46.35865 39.40966 5.05439
38.04139 7.76815 9.36844
11.54275 21.05424 24.60357
33.41914 24.70872 36.95203
17.96067 9.25129 18.28495
87.27839 4.80599 77.08251
3.41242 31.87455 17.31036
75.34490 70.24386 37.18079
67.86231 74.49874 12.21377
24.97126 40.42946 6.34767
42.52416 44.10882 32.73975
55.73363 73.41615 98.00327
24.23999 26.28201 9.54422
42.04996 79.54720 96.60548
9.25799 13.57115 25.02076
19.90107 17.31892 26.09417
38.56250 29.57518 22.43971
70.69840 92.90595 38.87011
96.16351 39.20975 79.14384
43.34202 35.65401 6.62975
22.47992 8.52184 18.48274
9.12268 36.45132 9.48280
88.29988 75.02641 11.90295
31.97507 79.87161 68.13892
99.96094 28.67801 88.12126
10.75423 38.88023 32.24608
43.43968 25.07185 30.73216
17.38924 2.63410 7.54928
97.98072 37.79372 78.09188
40.36484 38.19896 13.14267
85.05195 96.38782 13.77136
5.99209 83.78724 76.71615
33.09211 4.55843 16.68070
92.66513 96.64366 26.38569
44.08395 10.38219 2.34919
31.64739 1.33214 11.19230
77.53022 78.79397 49.95613
56.61552 60.37089 89.78704
44.31651 21.62630 31.98095
41.23703 22.96091 39.87041
19.67721 75.94065 98.16129
23.32915 28.49687 29.40332
48.18319 42.59300 6.58104
37.97498 29.81692 5.71871
43.60627 14.83070 46.26902
64.48541 69.34807 50.64527
41.01658 28.46978 25.30261
7.15955 83.02263 82.23548
31.40023 31.03458 4.12553
5.93711 69.14944 74.07847
25.42723 5.89418 34.58184
12.66023 83.38791 77.35911
84.51873 27.37042 82.08655
48.42088 30.16878 38.56749
98.38498 25.36586 96.86801
1.21896 41.58372 41.09209
33.54582 72.75555 79.11424
45.99567 80.47696 91.19770
28.78952 33.19731 39.25499
43.67393 38.17052 30.92817
81.58196 76.31266 26.98231
90.62704 95.70860 45.11438
42.77127 7.08274 43.15721
18.36528 25.36747 2.21898
48.42500 3.01060 14.49489
78.50352 87.84445 52.23541
13.45273 31.25818 25.66538
91.98049 99.55757 75.63655
91.26118 39.71585 67.54338
26.66063 2.22176 20.91545
20.12774 32.15447 37.95797
96.91928 11.63551 87.78553
84.43980 41.15697 96.43058
90.95265 55.60949 99.09924
31.43187 11.63748 11.56530
98.11176 71.47923 44.53419
29.82214 15.58631 23.57772
68.83282 20.68438 92.83801
31.06808 92.32674 67.11424
13.18348 32.24333 48.89199
11.84764 40.53205 48.08421
40.72747 29.55231 15.07164
55.95095 92.81911 91.26097
3.59832 12.10665 13.82953
4.55608 14.46605 27.43918
20.37760 7.25244 1.16924
41.18999 14.91500 33.67652
31.48234 24.96433 21.34491
1.74797 86.30548 87.05280
41.93936 7.24050 24.36517
13.43484 6.70462 29.23685
17.41403 34.49457 12.43534
28.77427 27.23291 2.22900
73.72901 36.15617 86.56728
17.67620 32.73584 22.47769
74.62242 68.96469 31.84232
20.25294 34.15883 18.87703
16.44805 33.54375 10.03476
90.20514 93.70880 89.96984
45.12428 69.29926 95.01289
29.26586 42.22033 45.69717
73.11028 55.82586 85.05756
47.54456 32.26905 6.55443
47.54445 19.62113 16.81001
11.95504 74.90053 93.41065
41.55458 47.59974 2.11601
29.21163 31.71617 38.65609
8.02703 9.35466 44.33314
43.60012 33.41263 22.76612
36.31841 35.61320 23.57451
93.43178 96.05864 27.06118
43.62996 41.51143 16.23017
42.98630 46.34289 7.01581
15.54101 21.20072 6.69717
42.15954 12.36416 27.00522
33.62554 36.18527 9.73683
93.35439 8.68783 74.88290
29.76454 7.07910 29.96336
45.77946 16.79336 25.64121
70.99354 76.02981 90.83919
32.71711 17.39713 9.79656
6.74923 45.44858 20.86791
18.13577 20.92013 40.42107
39.16607 47.93355 33.57755
11.95508 14.12223 4.78990
61.59507 60.61658 90.17929
90.84364 34.37133 70.58185
49.75744 35.94627 31.61209
41.09678 40.33146 13.66418
41.31480 36.59405 12.26321
29.80680 7.14724 8.36574
22.59238 75.49960 99.27697
44.75788 10.69823 47.48720
76.30155 87.35320 30.40877
14.47061 86.29577 98.64479
9.75551 3.92609 8.81624
16.75954 2.87825 4.05097
7.57121 30.27377 47.94859
40.48130 16.33386 4.20984
43.75127 87.97858 68.57359
35.21855 38.05884 26.20573
31.87043 36.58724 27.33999
34.13410 33.77762 14.00523
1.60374 42.18184 16.01915
42.57184 4.11427 30.80736
73.75468 43.69458 68.54404
57.14255 84.13806 73.62360
1.04241 2.29286 20.81254
24.09433 42.86683 43.24721
89.70474 81.75381 65.72698
42.24953 27.46376 9.23091
46.23638 97.47268 79.04162
68.84465 90.05388 16.64205
26.06106 39.77749 8.07137
15.81218 87.77438 88.20725
39.07816 35.11604 2.72466
13.37682 42.58952 47.50206
50.59787 59.04679 55.32828
7.55647 4.95694 39.47254
21.16185 27.68159 19.09358
39.31768 38.54745 6.44190
13.06781 31.11504 14.80194
38.44268 49.99432 3.07150
42.60902 27.25389 24.26587
29.29141 4.22350 36.34361
8.67874 20.86767 21.90054
48.51666 31.67004 45.88452
7.81028 6.13860 3.37079
9.35314 5.84186 39.80283
67.02206 28.24422 79.28954
19.57951 2.17040 15.09591
10.67668 80.93391 78.90328
42.14504 13.43096 11.24190
43.83507 85.22973 94.12557
22.10092 35.38839 14.68029
79.03363 87.03429 71.09959
44.32518 12.98339 4.69521
38.64590 20.09965 16.26982
40.08284 37.16913 41.22595
86.18732 55.08881 74.02031
20.28595 1.30002 47.75156
72.62387 96.07663 18.95261
38.29666 48.20282 25.41877
91.14984 78.02367 44.99051
13.72107 14.41082 3.67827
32.29434 96.50233 76.37391
96.04834 85.89803 33.78227
18.95063 29.40049 6.45561
47.25251 39.20862 1.57459
60.71001 77.99957 65.19002
88.08000 92.70731 7.45614
4.33505 48.67880 43.30466
45.45926 72.12918 77.26913
43.81528 44.74088 15.97534
35.32275 43.62009 31.40782
85.74419 99.76216 4.60134
42.77718 22.62178 41.01853
82.08798 59.66001 52.67960
33.94666 94.78521 92.35433
37.55344 23.52667 46.34387
17.71304 10.95593 15.96724
48.10770 21.01657 42.57634
84.49305 87.61936 33.10427
96.14248 41.54310 89.40190
18.58522 14.26392 17.11637
45.73461 47.03595 20.92436
14.48902 16.87282 44.36465
73.55581 88.62916 57.82316
44.70408 8.80623 6.20776
61.61903 90.90951 63.53450
5.87229 3.94548 34.03409
19.26168 21.46959 24.38811
96.26848 87.29282 99.53179
47.25806 38.14852 37.67716
29.84734 11.01557 14.02264
45.36048 42.66175 24.55300
89.99996 83.36996 57.87289
58.56520 86.94639 83.54308
35.72186 99.65518 68.93939
49.14427 13.45153 7.49242
41.78617 8.58816 19.55246
46.88738 40.23466 35.05473
24.90114 27.59216 36.12401
7.05136 11.40152 13.29537
29.66704 7.14467 3.76513
15.31532 28.52394 11.70215
4.47900 81.51340 97.69934
20.64758 10.43695 44.51871
35.66759 20.41107 8.82597
11.88575 82.40839 99.36649
49.87618 27.42829 31.40896
30.90327 34.00616 46.41778
13.40156 86.34351 67.05716
91.46950 37.88375 69.83259
23.04166 31.18177 16.23266
72.97636 98.24796 32.09028
70.21965 73.37250 78.05403
25.77343 10.84627 36.07450
45.49326 45.23646 16.68396
1.12031 83.88425 78.56215
45.72534 17.48219 14.04194
46.30165 4.82807 12.90294
39.10322 32.48564 6.01559
65.70818 91.57546 71.55807
99.61858 80.01162 27.43352
85.07079 92.19058 40.73630
39.90730 17.72449 26.63288
46.87671 3.04029 21.51398
29.08799 4.10459 18.45412
67.07480 81.53572 60.66319
2.71352 82.43168 79.98886
34.89534 23.27329 17.21199
99.56219 3.60284 86.28438
61.03160 98.68743 57.59157
29.33117 44.01073 22.27067
6.99428 42.75053 16.36273
6.56819 99.89161 81.57388
39.67107 9.78357 33.52859
44.93035 21.78369 45.87736
10.28954 83.71552 83.02829
88.60005 34.34863 78.86177
45.38586 1.44165 2.21850
54.15481 96.62109 94.29825
62.85207 76.40107 88.90564
76.11107 88.42570 1.43848
90.18182 75.31396 31.13051
14.01821 7.02915 13.04684
89.26865 98.59476 59.43992
3.59552 37.74426 43.76066
37.65675 1.95214 32.48051
46.01734 32.83926 40.53578
41.05144 17.18452 2.69465
44.81739 2.79990 16.23714
31.04840 13.94346 44.92121
11.57957 82.20300 73.97511
81.32967 84.82256 16.23665
14.50225 26.95341 39.49969
66.88687 22.88819 67.68826
20.01141 49.24518 44.00320
47.48134 25.42640 42.86045
6.03876 96.22950 98.94822
92.68521 12.13826 85.68393
24.99609 27.64878 33.78513
33.69227 3.26156 49.60886
1.09261 1.01426 38.06740
23.62737 21.75383 39.44406
26.80885 29.59034 31.09585
29.17753 46.47346 16.49383
9.45098 34.15299 28.33189
12.14952 88.81671 87.52328
12.47972 24.49409 38.09594
35.76766 39.85592 25.11913
22.71393 1.78349 21.66182
99.01905 38.76912 92.42342
74.25781 44.05299 77.39912
39.58848 27.67838 16.29270
32.35455 33.87198 32.72026
72.69069 78.25755 81.46167
9.90065 84.84897 99.44765
22.43063 8.49888 17.41229
31.10448 7.72319 10.04966
77.45177 71.26212 71.42702
15.65751 40.59786 23.99488
53.47503 80.96752 99.42340
93.74059 18.57560 80.27474
45.14979 76.63399 77.34517
37.25634 29.03592 15.54284
82.57645 91.01116 45.14139
91.25552 69.74680 88.17649
30.48540 17.93681 21.12079
68.76068 89.96942 44.05730
23.70308 37.49434 9.37934
40.70253 17.80528 29.66453
42.03463 18.15152 6.85348
34.35191 29.80682 36.68606
69.29472 78.99609 52.96443
69.20710 91.40731 13.19406
78.66028 26.77544 97.93167
57.66203 79.20463 58.18187
29.49281 21.06139 42.93979
9.89562 11.56541 41.89722
34.06270 39.88440 34.35366
67.14771 27.84405 85.85677
68.49220 91.23972 33.09336
77.01664 27.12892 99.19697
75.62759 70.04653 28.92480
38.09330 25.43000 30.18952
50.66640 50.47960 97.20294
41.94758 25.25912 35.82917
4.63126 29.37111 15.98659
29.71953 12.11399 22.09817
82.14717 37.79667 86.77030
13.40193 35.05099 47.57143
30.27742 6.73251 28.77374
43.79939 24.43404 29.96013
35.20416 31.05364 37.32435
43.53734 10.00239 3.88351
20.48307 44.81569 31.96498
28.18668 9.18353 1.58263
37.81161 44.73984 26.88360
26.90925 30.16582 26.19207
21.87709 15.20996 34.89386
90.67197 66.73493 16.02884
44.30216 40.61893 30.96159
6.32960 12.74052 2.46640
13.01342 32.09733 9.38014
71.41078 83.55900 30.64080
14.88028 4.23336 12.43216
54.95234 74.29465 88.68947
15.71205 91.62570 70.73916
29.47291 9.74004 29.57329
14.80767 25.41577 47.70337
44.33023 26.78890 1.16760
82.37573 77.82037 39.12737
96.79244 31.23741 82.44649
5.10086 39.62214 35.68892
37.68057 5.90871 45.38179
18.76759 13.36669 48.31497
45.19960 10.61306 36.60781
99.32626 38.41211 80.99483
68.34950 12.65635 79.89209
95.19862 68.27701 10.25737
40.75694 43.79458 24.37849
34.54334 73.14891 75.53149
90.35314 41.03964 99.40238
7.60791 30.95279 12.64140
86.61959 35.99074 79.64700
21.94937 48.20639 5.02566
45.95009 47.43416 31.75264
82.40906 41.19845 96.91764
85.80554 25.39091 96.37621
83.44664 35.29536 94.10539
3.63398 17.92666 37.55354
23.65942 70.41324 87.30668
39.65938 44.86750 21.74141
12.30008 22.19162 12.51653
96.08532 19.45726 77.30509
4.51327 10.50427 27.39287
25.87718 36.97751 37.22157
27.58175 40.33877 3.71455
37.32809 75.18525 74.36303
43.04869 2.92439 21.79122
39.03331 44.23465 12.48353
36.91627 23.18721 21.31377
87.19529 97.38782 10.37630
4.02236 33.23114 6.74033
5.85085 3.78989 45.25407
4.10110 28.53717 34.68732
11.27602 9.30460 7.51062
73.19602 54.34266 93.41614
27.96934 79.59169 98.73120
71.58876 29.85674 73.40804
9.05267 31.15865 26.16390
16.36122 73.21655 86.91311
28.33812 69.26567 88.44846
77.34198 45.94864 92.11797
43.84007 47.76816 1.70365
11.81259 37.20788 33.11104
93.90609 68.04173 44.98022
47.01378 22.55851 18.52956
72.93816 11.23634 86.07641
19.38182 20.55725 37.54755
17.59172 40.46469 25.15704
33.44730 41.97007 17.37882
31.53505 75.82815 70.11141
6.79231 41.87996 6.89551
26.85456 25.43892 34.39702
37.96917 35.08124 31.33718
89.22528 85.79958 81.75555
17.41751 38.76490 2.46336
24.25041 39.90326 44.87226
5.83685 23.46319 33.26375
8.95815 11.00267 18.28492
12.85323 25.55239 25.04995
67.67202 96.75495 11.82603
79.27841 27.85024 87.01206
14.76844 49.00001 7.74211
10.62035 68.64040 79.54931
3.81249 3.00343 27.98561
28.11191 43.60730 17.49490
11.29272 96.08547 84.07613
12.49394 17.99253 40.21626
31.56304 14.62481 30.99094
18.17555 77.47931 74.79785
75.95916 74.62357 55.44571
78.75433 66.53854 87.57018
46.56063 29.27518 9.92269
29.39239 71.94669 67.86600
21.28743 28.72078 9.03643
99.13660 31.76396 85.39792
93.99751 70.42580 13.86846
24.23721 28.62358 40.24777
54.62082 92.17781 59.83438
36.91021 87.56504 81.21796
94.09718 10.00213 94.22107
90.85916 21.32154 83.76510
46.90858 31.03060 10.77343
34.89016 7.62914 21.00990
20.75939 3.65347 48.81088
41.15890 27.77714 29.47964
37.70027 21.64128 48.42552
66.17855 83.11324 79.10566
10.99146 15.07712 44.33905
30.49548 4.09315 3.53649
35.19813 12.21327 39.74571
13.59978 45.10126 25.93622
29.98937 45.58936 29.13035
60.98280 61.70287 59.93881
96.11920 12.21025 75.86188
74.81921 74.13474 25.06637
8.31220 15.62754 14.11544
73.44187 53.55394 56.82736
14.19979 43.05306 5.40680
43.21955 67.36658 75.72303
21.48095 1.88898 8.77306
64.84796 74.06701 98.46333
3.82860 48.72553 9.87331
1.49063 94.82164 88.95334
87.81394 90.09894 75.27588
89.51713 72.99720 93.95898
85.98256 64.70203 86.06370
22.29892 19.77473 35.83911
29.31483 45.98817 1.32340
82.30268 35.59078 85.45398
34.85942 31.70572 38.17752
33.51556 80.56628 99.17890
1.46756 24.71972 46.52981
23.20646 29.82146 4.42538
49.86452 49.75545 49.58972
27.39209 83.85163 97.72907
26.72184 13.05798 2.24938
42.07171 11.08613 40.09702
24.27788 16.75625 34.95349
3.33227 27.78881 47.72224
72.39131 78.57567 3.28939
92.61345 55.06790 76.63732
5.45549 73.12840 89.84561
67.70913 10.30213 83.86133
2.45404 26.06848 26.10796
48.86179 2.75204 35.71607
31.36901 16.50729 6.67007
33.27017 26.58190 49.28712
96.11075 94.96686 1.94553
71.40572 84.03962 58.13816
38.81919 97.12648 69.46993
91.18127 31.50763 96.96258
16.04413 10.88871 37.88169
45.77614 49.73704 41.45126
17.42228 35.63466 13.49851
38.06751 33.44627 33.22901
11.17474 40.99612 35.86009
83.63781 93.93169 26.06694
53.76931 84.26527 58.38694
49.57556 37.39826 38.41073
66.98810 48.19332 79.87966
74.42056 67.51787 15.36679
25.18630 45.30717 4.19772
44.32579 46.14940 18.19486
37.12647 9.84240 30.61477
27.18191 13.68870 35.26349
16.72091 4.02260 2.42670
27.36456 30.05450 32.72009
16.53877 32.58971 39.93283
48.42180 23.34319 3.59564
98.94134 79.34040 95.11942
23.94241 84.16869 77.60777
4.05834 31.46107 12.76029
13.65829 23.38809 12.34969
4.14593 33.42722 24.01766
29.35008 5.55788 48.96449
45.96286 99.05232 90.56964
67.08524 73.49519 87.45954
12.22555 47.56579 39.93306
6.56828 21.39510 35.76449
13.18656 32.15838 40.64574
28.60352 13.25583 12.55562
14.47812 17.72714 26.96090
24.10626 27.99279 41.15085
78.17881 93.26299 42.57329
47.01004 44.43007 48.56571
88.87819 50.76867 68.44805
11.42148 29.89658 29.49858
29.02295 78.08288 70.80545
32.22468 45.74040 23.88153
91.93616 18.71989 70.57342
41.14696 86.82531 92.69798
41.70782 72.87395 85.11641
43.51284 13.09995 10.22322
76.71277 44.45956 67.01659
66.97945 6.41946 90.84582
25.47900 91.46622 73.57127
49.60537 3.98343 4.09864
39.56483 39.89350 44.28714
42.34368 13.95726 13.83373
27.07139 47.61581 11.88952
43.69883 28.25333 32.67071
31.06856 18.21650 40.98054
93.95925 2.98115 96.30457
79.09561 83.36355 91.63293
47.03144 17.51289 28.75037
14.28195 84.19177 79.14805
99.43848 67.68637 48.02142
41.08594 32.30499 15.38757
21.34018 45.46904 3.95476
44.26450 37.12311 26.48258
43.80645 35.63866 27.96921
74.44295 36.22844 72.78053
36.54559 81.96589 85.32701
23.25789 35.17195 30.24313
40.24540 42.28648 49.00404
29.87317 5.36349 38.99668
11.48364 31.41675 43.33114
72.48251 85.85362 63.81009
32.68511 23.46777 35.43123
3.72978 42.02568 1.46226
68.13898 85.24519 11.76153
98.58271 77.89223 69.04224
36.73633 99.69242 67.23041
76.23712 67.01456 15.20958
7.32725 15.76295 28.79712
41.81949 81.31583 76.86396
42.45657 28.92716 17.90694
41.90724 40.78879 23.00915
37.01744 41.58546 42.78454
58.55816 78.63912 53.09581
22.16276 18.91134 34.71403
5.88981 14.87686 15.74324
69.34987 84.88809 35.75587
47.49233 44.62084 23.00465
34.94896 33.35358 41.84328
69.08486 80.95454 9.29488
14.60672 47.19796 29.40586
84.38037 26.05856 77.26627
77.58515 74.82848 43.18659
80.76416 99.92557 29.83991
88.78373 82.66685 43.39677
38.07753 47.03713 43.47311
17.63909 35.17226 31.19123
67.66816 6.92027 80.32807
80.43192 19.71327 81.83918
38.10193 26.67107 40.41763
29.34751 27.04120 26.66279
42.03748 85.87751 77.96054
9.94138 37.00385 49.45746
20.15658 23.69684 5.33338
82.65611 9.31740 70.77457
87.93092 67.74625 33.30108
39.50565 47.33610 20.13327
24.44000 26.69363 41.16049
7.76100 11.36816 28.89095
20.21264 27.26332 38.62716
89.85383 77.80894 9.66968
28.31466 5.39586 45.44191
30.27305 21.93253 11.33625
41.58360 48.43775 47.17470
11.98181 47.96465 17.24701
39.91818 46.17069 46.72929
70.27707 92.82491 63.20611
33.34905 38.34864 18.74394
73.65184 6.05089 98.12610
12.89702 31.35219 40.67135
27.32045 6.36532 29.33527
25.29629 80.87387 88.94020
14.64559 18.80945 40.20136
92.84572 98.11185 31.94444
32.60283 80.43014 81.07256
32.20182 1.15425 11.55250
45.45878 6.51421 10.97272
28.26723 9.64024 8.41280
42.28430 10.88036 26.58327
13.72511 22.55361 36.64770
74.38392 98.84418 75.01656
41.41024 70.71399 93.53830
6.73177 5.24360 16.64406
38.00788 17.08341 8.16989
80.99630 13.47606 75.27357
39.70718 18.86978 4.61305
60.25243 59.25577 55.05863
16.71753 32.61636 35.07148
69.67621 47.18930 72.74287
14.24655 39.42408 29.83770
66.89029 76.33675 10.61302
4.56571 13.36633 27.04932
3.61473 8.80228 40.45339
43.87241 12.62417 30.12039
89.53874 56.37850 79.54271
44.32276 26.49500 49.22803
86.20804 80.24882 91.94009
21.86796 24.98105 47.52340
60.31799 71.80545 87.90474
98.56199 13.25739 84.13712
61.68091 86.88290 56.17501
78.38134 82.34449 33.09021
68.91856 8.78808 92.65253
14.77016 31.07864 2.74931
6.84328 28.84695 24.59507
17.06969 4.31730 39.95323
6.91442 91.49816 72.84639
1.31955 36.80564 19.85477
23.44669 11.27305 32.99830
33.70684 43.60133 27.08204
42.71772 15.06019 32.29695
80.96453 80.87561 34.56763
21.01154 30.82971 26.48011
12.57019 21.34839 10.05057
12.14109 36.07807 23.55866
19.65273 32.80578 22.53448
26.15508 85.73770 79.66024
47.99485 9.17912 45.48381
44.40724 46.10570 33.29177
96.65706 2.33331 71.73740
6.49301 14.91150 38.76776
92.89779 23.75392 99.70715
40.00821 2.90853 30.21226
64.72794 90.43037 69.77533
75.23288 87.90389 69.10723
98.40185 54.77561 97.65698
90.67826 81.70811 32.45993
52.62062 88.89788 91.93923
71.86040 47.33946 99.38228
86.57018 6.43056 88.43204
39.06964 75.94947 80.65070
16.03988 79.94662 73.70064
72.97433 75.34876 40.32622
34.44557 76.76970 95.63090
25.19640 19.60517 44.48334
28.72938 46.35712 5.36710
19.29991 46.08387 11.48808
1.04771 80.52028 84.91826
42.83609 14.33370 30.78375
21.86633 43.88436 39.93151
47.22278 10.41524 42.39094
16.89167 5.45991 25.94907
87.99882 99.48541 97.95556
77.63089 67.58217 36.09501
42.93659 46.46952 10.50821
37.86085 93.86177 97.54614
90.69367 22.51074 79.45795
80.13529 77.46215 25.80221
41.63918 40.24149 26.62022
41.85016 90.50162 68.47149
47.81741 27.32553 8.83895
39.81777 42.40594 41.22679
46.98793 28.68156 48.82202
8.43972 30.13910 12.26275
91.83162 84.59171 17.11056
44.11434 27.13868 19.58296
72.12531 77.55312 8.45553
68.82180 12.29643 87.24661
21.85164 23.01142 43.92098
76.02075 76.03371 72.19573
80.25871 11.92706 98.90660
71.54038 87.25250 27.37995
4.01384 4.35031 5.73705
61.15007 55.13867 89.18446
17.36539 8.57871 31.00743
21.95921 21.84935 17.18404
5.05448 32.78792 36.78397
52.29605 84.15343 90.81510
28.89798 47.71848 32.89890
14.05176 34.09112 44.71090
27.07645 18.24068 30.16836
7.35021 42.53888 37.90880
93.25309 37.58840 96.04595
76.15830 49.98703 73.48177
26.49588 13.76880 19.15269
46.39782 22.55265 2.21408
30.08855 13.95968 43.48669
80.81143 94.20645 87.71717
2.56002 21.20917 2.83225
11.63001 32.85510 33.03556
49.94603 26.06233 42.22281
22.84720 34.77030 23.87802
36.93553 36.55565 21.43266
27.48338 18.71709 10.67722
35.83977 45.44585 31.03069
68.33998 26.49398 85.42122
93.27632 27.84473 70.88807
88.23194 32.15209 92.56846
45.31606 44.26944 28.16563
30.36039 1.67649 13.92301
31.65320 3.00115 18.66639
10.65903 76.59200 78.50282
23.20511 3.10608 33.05638
93.68322 8.10579 97.97899
13.54676 36.05100 44.12413
39.97643 31.69436 49.04982
36.05250 15.47519 26.42212
74.52861 88.91802 69.56530
69.34583 53.30879 67.73474
94.82659 28.97358 88.29240
31.61899 28.96499 21.34295
48.77761 97.60912 99.59091
53.70440 81.38764 87.67052
40.90372 42.19393 41.07381
46.00042 48.82062 9.46219
31.15437 6.61545 7.26035
99.25424 45.13453 73.91775
86.92002 64.58934 85.68359
28.66948 37.98580 8.16636
41.31174 27.93450 48.82143
35.58982 44.65277 39.28881
48.37913 39.93684 7.91587
85.39866 76.46889 30.92811
34.99704 2.76062 4.31686
23.48224 45.87405 21.33526
36.19002 80.29849 72.97043
20.43131 36.97352 8.74386
8.75246 28.97754 6.36779
13.03442 3.87007 12.14703
37.75024 18.85978 30.75717
66.33556 67.92306 93.45388
76.23486 97.50060 5.03458
5.72206 23.19742 6.23335
20.33895 7.83064 33.37629
55.29130 58.91463 55.12062
8.04394 28.27986 40.92111
47.57378 15.91025 49.46585
70.17075 12.82057 84.73690
2.63485 18.77811 25.90934
30.79932 85.44045 97.51332
5.38577 42.93602 21.02509
94.53553 78.88801 96.55754
4.58880 8.81262 19.79747
18.14455 70.68450 72.55077
8.94076 10.40174 10.93934
30.88827 11.88987 35.46033
25.53578 8.38258 32.66206
15.52515 1.91189 9.35437
2.46610 5.98482 47.89055
10.39618 35.12422 5.03311
39.97891 25.99690 18.03552
90.67922 6.49014 71.04095
49.52577 71.37799 97.54401
26.64269 37.29294 47.01219
22.52703 92.76604 84.44285
32.02753 21.91146 15.57996
69.92381 75.98744 55.29653
39.37521 49.46231 46.05750
49.99444 28.96068 38.82361
1.61290 76.07291 76.70024
68.00343 55.90018 94.93120
43.54340 47.04468 39.80887
66.27063 82.02389 87.39032
48.54605 27.96199 49.37595
30.47709 4.90103 45.88732
25.33461 48.33449 3.25528
88.41796 90.27106 32.19474
22.78014 28.54063 13.33960
12.04091 17.86172 49.62837
43.63378 37.75289 9.85816
41.61711 11.51614 40.25217
94.43102 89.75011 11.05212
13.66594 36.62702 2.08890
40.63422 7.57251 42.63439
26.21727 2.16699 47.59506
37.63387 10.97754 48.65783
34.99127 3.31199 44.77715
70.23436 86.04829 96.49074
10.35708 22.78447 44.63423
74.04083 85.11733 36.04290
67.61103 74.03304 3.68263
33.33473 16.87368 34.33287
5.35966 15.68706 17.30708
54.62274 83.74404 95.28744
25.13524 66.70014 69.02838
31.52214 39.13358 37.37284
43.28348 73.72046 70.18461
90.49073 56.27917 99.04309
89.52161 43.12319 69.32315
33.93439 22.31317 31.35902
21.71967 43.64778 23.64022
16.27975 96.42146 78.05368
93.88195 96.32878 46.82863
13.85841 11.05637 15.17821
19.28319 32.01478 31.54158
68.29519 47.25205 81.41106
6.98596 22.81697 45.91837
17.50484 13.50562 31.90256
90.09030 93.93772 16.79547
49.81614 23.65339 12.02615
18.26048 8.70942 1.38500
25.63214 43.43752 38.18502
6.07917 10.77298 19.96316
43.45519 15.61449 15.99073
72.20011 90.22668 27.95886
86.72014 79.31149 35.34791
93.56783 71.84404 15.56036
14.35466 46.47643 41.27883
69.55217 6.29706 80.38343
32.83046 7.02666 26.43451
1.93930 78.90586 76.28175
22.47340 45.43758 47.33594
19.58481 73.66012 98.89075
32.64584 5.09510 36.85221
15.79926 17.61637 27.28184
8.78524 44.56632 23.17043
28.75387 43.54523 6.38012
18.63101 48.28623 39.26802
47.91936 46.75877 11.62970
4.05765 17.20584 46.12507
90.00286 88.46699 21.34208
39.97867 6.11231 28.14425
88.58963 7.01229 78.76400
37.08494 82.15450 74.30290
12.15577 38.53491 11.29361
22.32014 73.93666 71.22998
21.89379 69.25621 71.26402
95.66365 6.72851 95.55964
29.82922 35.38741 49.94774
6.95978 48.56206 2.42877
35.97679 1.90336 10.86743
30.74472 41.28659 33.07083
82.29147 6.20651 66.69181
42.80218 7.95301 37.47711
91.62974 31.07472 84.99038
83.67595 50.23592 55.51614
42.75249 2.77377 11.58843
40.73058 14.61462 33.35505
6.74470 10.64733 17.83582
81.12571 92.79621 13.17099
1.36453 3.03887 29.40646
92.76655 98.21848 41.53354
88.23308 97.13211 14.75254
37.25758 94.46550 90.46460
36.44600 6.11053 28.16337
71.00218 93.35727 72.61358
45.90488 7.06820 26.69446
20.16475 8.80001 49.15699
93.70319 67.66575 40.56467
83.15873 78.63455 36.87122
42.67107 5.73090 48.06893
74.65291 24.65170 90.63633
79.06977 37.49189 79.75629
6.50039 43.36271 34.90229
70.14468 77.97502 67.43605
76.04987 82.29344 52.02699
84.84432 99.92233 18.37116
4.74613 7.52044 28.33392
24.06230 26.57643 37.17558
72.78449 99.24943 12.28464
21.13270 38.54874 19.87061
36.32654 42.77943 25.99371
31.99106 10.81385 44.71934
69.93945 77.89692 57.40416
37.32945 47.80639 47.07780
6.55030 7.51240 48.28788
83.74800 3.83394 91.18104
99.45104 86.95979 18.17349
20.19653 75.60166 76.45490
13.59502 94.50171 87.00083
42.03641 73.16418 78.19812
12.13006 25.01450 16.98277
12.60452 30.44254 2.46143
45.03843 15.84173 11.46790
55.42482 66.58569 65.40049
38.40706 48.68035 6.16107
69.16543 14.97443 78.84208
88.27830 76.69091 45.58189
40.38416 90.04494 83.82805
71.52160 70.46555 36.96194
72.49574 70.80732 19.93374
84.73573 83.32594 40.70631
31.90101 39.92620 8.82851
80.01300 9.64716 94.71916
37.09630 89.53900 71.94921
48.61776 34.62702 6.03208
96.92598 75.99303 23.21709
30.84255 40.97863 45.39518
2.02214 39.64883 42.22330
52.35222 90.18671 61.54254
47.06516 25.68303 16.73306
2.55644 9.82771 40.92236
38.66634 18.06207 7.93550
82.42864 71.12486 40.92582
71.19876 72.18321 1.04521
85.93463 27.51719 66.84098
40.29919 11.72430 34.63220
54.82513 75.01350 72.72167
75.03286 8.60359 90.96250
16.85653 43.49079 26.68126
75.41458 2.55505 79.39059
88.41205 68.45729 61.82476
43.72142 9.09108 47.01501
38.98572 10.92425 7.91514
1.64795 18.14844 13.31828
46.49891 26.00005 18.04797
95.61611 49.57601 86.30578
95.31768 82.06972 15.00068
5.50346 30.53121 44.42626
39.69164 14.30835 44.53830
75.98262 95.04533 89.42496
94.09840 76.62858 25.07171
83.27332 97.52792 84.98116
11.76552 29.71238 30.46425
99.33455 71.63678 37.49842
80.99879 6.43044 99.56685
27.57452 99.67848 90.67776
7.44398 12.44101 41.93858
86.80613 71.66020 94.11622
75.22352 44.80984 94.14925
4.58355 40.46855 9.86108
16.62460 88.56578 88.23237
4.62345 11.68049 46.23724
84.61668 96.30394 82.53077
30.28669 15.35865 17.23039
29.59416 46.67564 33.24730
4.72490 33.80660 31.63963
68.51527 34.45912 96.15277
26.89370 41.21296 11.92978
20.11581 2.02438 36.44017
14.13089 43.89720 36.13373
22.25899 49.91629 10.75952
77.06424 29.39413 75.72483
2.10539 20.39857 47.50344
42.92767 33.66313 41.31464
7.37850 9.36482 26.09722
81.53007 52.22349 79.67418
82.81826 76.01340 84.47108
76.65731 97.54594 84.90538
11.34857 25.56622 3.43340
2.08291 14.87048 45.46933
32.02030 41.66498 37.30812
18.91462 39.57963 19.07107
22.22383 35.58937 43.29348
4.42393 83.41404 72.62822
72.52402 27.27853 70.55178
11.80241 11.96150 3.40780
26.20107 34.55868 16.34685
11.63661 28.69851 8.79937
51.31603 72.54099 87.55528
33.06836 48.49573 8.08161
4.95756 79.58415 85.78657
2.54438 28.67832 29.26309
5.87536 45.35116 10.67865
79.13521 91.10332 78.84219
24.56292 24.59121 19.80016
91.63536 90.42461 34.88154
26.79139 28.28980 44.29138
5.72487 22.68745 20.75249
47.39720 46.65342 43.35382
30.36580 37.17726 36.98229
69.07991 53.90386 61.37700
24.62493 6.91433 5.40804
70.79207 20.87927 73.00984
16.73287 71.25921 71.10695
98.41363 81.34394 4.76096
41.62826 49.88491 8.21317
28.23819 9.78672 7.63823
10.47357 48.15574 9.66867
28.99056 7.31971 19.34484
73.33168 96.44324 28.63009
1.68882 23.84002 37.08479
27.16096 36.68267 21.61523
16.73210 23.67915 23.65077
40.27895 14.38044 26.86502
23.62789 36.27035 41.72534
44.91365 30.32947 29.25005
7.50310 3.39390 21.50021
21.55986 35.40364 5.35192
22.98952 78.86385 98.02898
34.84136 74.52237 87.97013
10.20601 12.66400 33.57328
1.99696 28.67854 2.79164
39.69366 43.48858 33.59597
30.45829 46.69494 41.72512
80.61854 77.41734 12.48809
46.60130 30.45682 12.05109
90.66828 83.30893 80.11258
31.32073 85.34258 74.78365
40.60464 13.07386 14.10616
16.22829 38.70075 48.38005
73.61306 27.33956 68.18655
22.24506 42.69059 30.78805
36.49304 24.02678 39.20998
48.04506 13.85439 30.60397
79.31596 98.37842 26.76308
36.72243 96.33368 86.05217
18.02998 36.55779 26.98439
22.71632 7.63452 39.44027
80.90743 88.14051 18.90721
21.01933 38.11467 32.59437
39.45827 17.53646 19.48380
70.26237 93.37759 48.40243
6.42339 39.67524 34.72750
28.33662 10.93122 1.05384
26.03661 6.69043 27.60051
21.82184 22.40770 29.56178
82.13416 26.26120 95.92316
42.00863 19.35069 11.42780
25.43715 6.65783 48.81121
9.03022 39.70915 26.29704
19.09953 25.77830 35.96305
72.44608 85.81734 60.56276
91.52679 15.53148 68.07529
20.07825 20.89646 32.81235
15.91143 43.58956 5.91821
36.03371 3.87096 16.47785
3.98428 21.14519 45.18590
93.92350 47.33410 78.24864
73.81040 37.01845 78.72942
17.39328 26.23846 33.15272
7.63972 8.22588 34.91820
12.56077 1.25991 27.74312
85.60255 94.56959 14.23905
23.20085 11.01539 49.93223
51.60299 71.73981 76.37496
45.03154 80.36837 67.29322
81.47601 89.68647 66.76898
62.09995 77.83187 64.56712
38.73537 71.97702 91.02809
2.19744 21.49239 44.66463
89.41262 97.76338 24.45483
44.96117 6.29932 42.61350
6.36170 3.57356 35.70030
22.87754 82.55080 98.91003
31.40400 86.15156 96.98941
9.66436 42.28651 37.73059
11.76524 10.25168 23.04742
38.68350 47.13376 14.08585
3.94902 10.52961 11.71898
77.31778 70.26022 20.19731
38.44251 41.96090 48.49017
20.10842 45.64510 41.42812
32.11535 14.60918 41.18411
49.86448 41.03055 27.99445
10.17721 27.10846 47.32186
47.53960 36.93986 42.05041
38.42820 68.70951 92.70823
66.66487 58.40054 83.15464
10.76997 40.27692 16.69399
20.80327 88.57816 70.17480
49.77951 41.52287 34.17408
35.03972 7.10017 44.19110
45.42656 25.46744 9.19639
2.60272 78.69297 81.82779
23.70387 49.66291 3.75575
35.00243 29.33556 22.36414
6.98498 36.95137 31.21203
96.69872 75.19581 19.36950
94.83611 93.07548 14.25472
4.31597 21.99570 12.42481
7.76882 45.61306 18.57228
82.82207 59.72729 61.79705
17.66071 35.89536 30.17791
17.10247 71.96619 94.35153
4.22663 7.38246 9.50290
14.35562 3.58623 14.05107
82.69535 49.50746 88.83289
85.59304 76.05650 46.59437
6.20064 36.40651 13.19561
13.88633 4.72415 8.80341
96.31266 37.06673 78.59431
13.58567 24.77560 13.33665
41.71536 3.82311 32.64466
40.08216 75.43399 70.65662
1.99194 10.33330 47.33788
11.18239 93.81523 76.25421
16.57084 2.26927 15.09496
25.00754 4.93188 9.86734
96.95557 80.29204 20.74662
43.62261 83.61836 95.35191
83.55775 97.16322 23.70976
46.71988 24.93750 45.14016
1.45204 46.74228 43.08747
58.60114 60.48281 73.63452
24.18286 46.26804 26.39927
15.23947 32.93654 25.48332
3.20149 9.86347 4.84456
95.66913 44.02279 67.35234
77.15906 16.85325 96.97648
64.46203 98.75124 87.53994
78.08932 68.34732 4.75143
41.65781 19.22747 16.78000
13.83849 19.52415 1.96746
18.73116 39.32672 26.73796
7.11205 42.06238 36.22730
71.71669 86.42150 31.11522
37.00684 17.12822 20.58145
72.71973 87.63267 28.61848
41.55333 18.91199 6.31096
36.29409 3.86284 9.88453
36.69747 10.27322 25.19279
22.11461 24.09392 41.02358
80.68371 8.64126 92.07287
30.89597 85.79251 67.21341
16.45335 26.62726 35.25489
1.85523 23.49860 15.86001
43.35254 22.50673 29.90013
8.30953 28.65809 33.13657
2.41794 29.91655 36.80571
44.55006 23.48119 30.16615
37.30653 19.55621 38.95117
7.86725 9.61896 34.12905
38.42077 67.97881 89.39150
34.53747 24.35795 38.87985
12.37365 20.01507 29.03430
67.34539 96.60292 87.96321
92.32222 22.75416 93.00390
3.75058 21.65642 43.47239
8.39747 21.52192 42.39868
28.12578 88.29343 74.53145
77.67204 99.47282 84.19952
40.07744 49.91879 24.13767
23.03390 48.77415 27.36984
72.73502 93.49581 40.89689
93.23415 2.41957 78.49493
35.74966 41.12953 39.15055
46.99642 15.72769 7.17831
3.12270 25.65098 12.78498
28.74976 37.77814 32.25568
24.53623 44.55397 16.97196
52.76963 55.25723 77.50469
37.08175 1.16569 21.38095
98.69557 5.47222 74.80087
4.06072 2.74442 44.44697
90.63707 11.09179 76.67536
69.12472 57.24605 66.48561
89.08568 84.00945 11.68571
4.96798 4.63566 25.70934
27.40255 48.13571 39.52392
41.75393 12.15160 4.43290
13.95205 29.45295 30.98885
7.69594 20.94952 43.97007
73.29842 93.72641 85.38304
25.79867 49.48573 9.26544
39.85507 19.10246 36.81448
1.70076 68.70409 92.41154
2.05589 40.62207 36.62129
46.69770 14.79415 18.11131
18.78426 13.12239 23.89000
93.84392 18.01157 67.40885
19.96242 36.26723 40.90171
90.40905 53.52211 90.65833
56.73828 69.64931 84.60725
29.34429 19.97023 27.56024
3.20310 40.23671 28.22466
2.41004 32.91844 5.99097
90.30218 6.83607 85.97702
29.00272 96.11974 95.54838
45.95071 15.00515 18.13516
12.19481 45.06812 42.22091
79.60208 17.21680 69.67680
58.55560 99.15579 67.70898
47.50465 12.01216 25.73349
24.13891 15.14910 31.17139
33.42240 9.06071 36.30329
12.62739 15.93843 3.64553
44.09148 31.26013 14.66829
70.95757 77.57345 30.74136
20.26616 10.52957 5.27839
12.42434 30.72958 15.65172
8.70050 5.43192 46.55318
1.29454 28.02687 43.76239
10.01818 17.96732 33.07370
45.79298 7.67959 21.43380
35.86345 41.49458 48.57166
5.56414 20.72583 31.97870
13.15273 18.65208 17.39242
25.50344 4.36282 34.24898
42.26584 42.44419 32.12296
20.57815 22.94466 43.41887
95.14106 10.08329 82.96362
98.61163 93.10480 60.38085
39.24136 48.33495 3.24479
31.02601 6.47219 14.36204
5.01953 89.99314 89.98218
28.71649 9.34961 6.50999
15.56393 30.45427 14.15523
5.28219 73.82310 69.69471
12.49246 4.84839 7.33959
34.18442 4.99660 20.00667
34.89656 49.25496 46.27189
26.53793 24.59918 36.71345
75.21845 92.68036 42.54648
41.95190 2.68914 40.09333
71.83202 88.06224 6.90729
89.33328 6.52761 94.33326
44.96319 36.90459 9.56256
30.40488 29.73673 45.43176
97.54998 76.12978 14.68417
34.65062 1.05804 26.14485
9.11243 97.06754 90.08883
44.44415 27.90991 29.10495
29.59812 17.91296 24.14352
79.82966 76.50986 35.19734
48.24394 45.97563 3.32775
48.23837 29.99954 6.06390
10.72497 24.90077 1.77627
90.29977 8.71028 92.18049
32.38293 4.91288 20.22194
48.96618 6.03973 9.60687
36.50434 30.53294 15.68301
72.43810 96.54518 90.31783
15.40664 36.33799 9.00893
16.14191 22.72396 22.09565
38.20250 3.74101 5.53536
21.31220 45.73441 40.00905
6.82118 83.12187 78.10587
7.18627 45.00493 13.30101
46.46350 39.40711 11.75113
40.72189 42.24921 19.42869
7.66716 32.10398 25.26177
51.23353 91.69658 60.53718
20.22594 26.33249 42.04027
95.68746 76.26956 8.93200
25.92502 26.66128 35.53760
72.14393 55.34119 57.09545
27.96676 4.79103 43.58035
16.15685 44.58520 39.09946
23.52806 18.84290 38.25818
42.89408 30.09450 45.27642
2.04966 33.55454 37.11878
76.52011 21.51825 90.18145
69.08804 63.15127 77.45195
10.35188 34.56024 27.40872
43.44680 21.31236 31.64423
95.64934 43.60497 67.98190
58.38817 73.31680 75.02169
91.83965 47.98741 67.29452
88.64753 98.63122 16.74197
82.61385 89.50484 29.98263
31.04219 46.97512 30.06099
94.70424 49.47671 97.85191
76.16080 92.49035 33.59397
5.38219 78.82292 76.90541
17.24008 6.75128 27.45829
76.99616 50.95040 51.97705
90.60105 10.76190 94.26600
48.05415 11.80116 29.20375
53.83945 77.41727 76.31748
21.06741 30.51284 15.95512
46.26319 17.19278 48.31773
5.92185 49.96472 30.41319
80.38049 69.29086 51.23020
49.71461 17.15431 4.74065
15.65176 2.34931 24.49608
40.68775 36.99397 23.91648
45.41663 21.36269 16.16599
34.75225 16.07722 24.19005
85.59153 71.37384 53.61909
28.42407 21.24856 12.80220
19.70211 34.56529 38.09069
20.72874 32.06307 10.24954
49.43723 25.96230 19.45082
37.43511 33.95068 3.04058
21.69010 43.03559 37.96902
47.57226 71.43791 66.93410
68.49364 71.50700 33.93219
96.64769 6.94316 91.64524
28.30818 70.18878 74.83662
32.40447 35.83185 26.91263
26.71615 6.31271 25.16924
43.40658 2.21879 45.85226
3.41598 92.06942 95.35413
45.78551 2.45239 4.76618
83.35250 74.89296 54.29218
80.12488 36.81692 69.96304
48.99255 38.55748 44.34996
97.92630 32.24319 87.72957
47.66441 18.93344 19.34882
8.03594 25.77180 5.40195
92.71411 46.21948 79.22858
11.31602 47.82747 33.00406
38.47333 25.10105 5.77779
20.13468 23.40417 40.53376
94.71103 89.91330 52.46015
3.23273 26.79654 32.08288
89.14163 29.98530 76.50321
43.19774 32.46930 24.29922
14.41239 39.58162 22.37782
24.70223 12.42012 45.83572
1.40599 78.97349 71.59648
3.89618 11.65710 19.20357
23.53242 15.63754 42.97007
26.25732 68.98466 75.60650
3.49019 15.19637 5.63721
99.14346 70.61033 5.52604
87.39553 42.54017 88.72051
46.86474 32.32020 29.53649
8.45473 90.92123 74.96000
16.45263 31.81138 41.34150
17.36795 21.92338 41.06520
85.40566 96.17435 17.30874
99.43723 6.22084 86.73282
70.48446 10.97627 89.99716
39.91594 66.90000 79.05418
81.76225 74.63365 43.26432
16.82819 40.82586 21.68518
88.24085 64.61660 96.53338
16.40335 21.85540 34.86323
46.14224 4.00613 1.28643
57.48551 85.59661 73.32447
4.57838 31.21789 6.24251
35.22010 45.19153 12.21279
71.77433 45.04453 99.95253
32.89528 10.18777 49.97294
43.74239 49.03946 24.22614
92.20093 95.24030 62.75041
28.47972 25.25525 49.93794
2.28209 25.24957 23.28229
16.28769 31.72153 27.63253
24.01011 96.13612 84.24196
58.46618 70.25294 70.43775
72.61338 73.94931 89.92249
60.05325 98.39516 56.59539
24.48811 32.92577 7.99282
51.30865 98.04513 81.58126
44.41252 37.37494 39.39317
4.45191 43.32417 2.28312
75.42968 99.71088 25.70426
96.45481 80.24520 4.79741
80.00253 94.88607 27.18702
37.51161 29.68053 31.04592
90.01629 43.40585 74.06371
25.02314 3.58434 32.17876
98.32135 85.88848 54.03790
41.65304 31.83899 18.34850
32.61855 5.38877 39.03416
19.83704 3.35682 39.85103
41.23944 92.98490 94.69549
28.85499 87.70069 77.62422
40.88223 18.72683 13.72326
34.12955 17.09543 45.23783
38.34842 44.88331 48.00154
47.74095 43.40157 18.14674
90.20104 68.88085 10.90573
11.56951 69.77098 78.83065
73.69220 83.30487 53.94273
82.38093 75.07598 46.77244
24.35587 44.20439 32.70180
87.22769 29.65078 97.35874
27.86844 37.09109 33.47298
84.62931 11.52896 75.24705
18.38246 1.49618 14.94946
27.95250 20.30498 40.99457
9.42737 42.63874 33.71334
98.15847 80.67336 82.07335
4.88775 11.59605 36.82053
81.68707 46.37736 67.87780
57.52745 92.44079 94.25873
60.46200 77.34925 58.83379
15.94310 84.71516 82.18482
8.01632 4.14543 14.25224
31.69326 22.24765 9.45047
71.55009 96.84598 7.93165
30.65425 37.34045 43.36474
4.15143 3.81062 42.64159
33.37198 70.49087 88.73096
7.10706 85.15737 88.92119
69.82105 82.99913 18.46228
43.28162 25.41131 35.96574
95.81043 78.87993 31.89904
25.47312 36.27331 43.80296
34.69913 29.84073 6.23675
47.54075 18.20015 40.36946
85.96890 22.67794 77.89322
97.41467 94.77330 72.34034
30.35312 42.56717 6.05307
5.35801 2.46845 46.18203
77.45230 29.66341 85.37105
14.33189 4.01403 36.08390
45.11379 66.67728 83.45436
45.03442 45.87295 8.54064
88.67814 97.74854 27.96210
9.05238 5.14205 9.93239
38.48390 23.55555 12.69672
6.16459 97.21275 68.66813
37.86870 38.61827 4.28995
39.50638 28.64820 40.82716
20.37543 29.37293 32.44604
29.83512 29.92885 19.49494
1.47971 22.40800 23.26237
33.01993 24.47962 48.79578
7.59913 77.74750 97.64097
7.61891 35.16380 4.41455
59.83068 80.34263 81.78701
36.33099 26.35048 35.92912
60.06038 83.24821 68.93623
72.69093 69.53146 48.26400
19.15827 18.38969 22.59430
86.89370 96.40010 4.71982
10.72471 39.15746 16.77938
68.24340 68.79186 5.99037
16.09119 43.35024 9.07520
31.64377 8.02351 31.24073
26.26139 47.63925 9.55854
2.08838 48.07803 29.94484
29.19944 10.86340 12.80968
9.57975 15.04679 47.66238
57.59009 61.46502 71.64666
28.57748 15.73831 16.51976
32.80119 2.38201 18.27423
70.50477 92.38943 40.86770
35.43656 24.80719 35.81758
19.59416 27.42809 4.63939
8.79701 16.95920 36.61897
20.48911 17.03707 4.70926
27.57190 6.24450 31.92973
70.36197 87.34020 5.93235
23.13788 39.98430 32.07847
47.97673 76.27611 95.65781
10.65676 13.24014 12.70847
89.64579 26.77391 76.39761
26.60577 40.93999 31.89878
57.94940 70.18747 90.88799
26.26225 5.66770 11.97382
96.31141 86.76396 55.96822
2.11403 43.39517 22.81288
21.54905 21.90086 5.99447
69.04716 91.56772 30.07757
31.57906 9.80008 36.07590
5.55134 22.98306 29.03436
46.22709 31.66227 49.35588
24.20622 82.02914 96.30213
14.91355 35.96084 39.30402
13.72312 21.50713 37.88031
