100.00000 100.00000 100.00000
29.76142 91.97145 88.55901
92.45935 2.63045 83.86022
35.97459 71.92480 78.57911
70.02495 87.65784 14.78075
98.37053 8.63706 99.06592
4.02543 70.52095 91.38866
43.73082 76.92881 92.31969
46.19044 81.18620 73.51228
2.63155 75.80147 97.13788
24.34233 36.90107 28.61020
82.06861 66.85035 37.81862
93.99440 23.33438 79.13109
58.77082 62.80740 51.62822
46.48686 93.13154 84.63724
77.00422 16.22418 69.34601
33.28938 96.48839 81.80608
4.26720 89.82326 79.14307
32.64147 78.68250 67.66433
49.81303 8.98191 23.95360
57.88274 94.62887 76.26932
3.00860 25.50888 42.63327
84.90779 99.75444 95.69688
30.63361 93.80951 89.41664
88.89062 98.10553 87.63903
7.58397 42.98899 9.27048
24.88020 80.03344 74.16841
68.83182 36.22247 82.91638
16.92032 66.86033 87.43304
28.42254 24.83737 25.19260
95.29402 65.33671 84.16976
13.98293 91.95766 92.06249
46.66061 78.46504 78.82921
97.18341 70.15321 27.99473
21.46442 85.81429 95.56532
44.90287 67.25342 77.22565
21.79428 92.50682 94.94834
97.14036 7.52511 80.84274
49.49077 25.18978 6.74455
43.53136 1.52474 39.94547
49.18066 71.72572 74.47284
66.14882 68.18450 67.21770
36.70994 85.66054 90.58749
40.55915 80.64977 75.26771
41.62018 90.77438 88.36147
76.23305 47.13019 80.72502
19.69927 45.55576 23.40150
66.85910 49.30146 92.90115
10.33702 78.98476 93.87326
12.69621 85.84766 68.41102
72.05799 72.46098 60.02844
6.29756 91.44914 74.52210
77.99919 19.27768 78.44899
21.10068 78.59956 68.12232
36.44117 79.78968 74.18331
44.35905 92.98816 77.77150
85.11414 90.19730 24.84709
21.85576 90.87878 74.20258
3.87744 15.80467 11.88376
85.07720 84.85413 49.71332
8.80333 87.64404 80.64403
94.44702 96.67335 46.48180
55.24308 58.59702 59.09723
98.95539 10.39136 92.14638
21.70650 90.85346 93.16750
42.31882 97.00226 91.99537
11.41509 83.19466 98.84892
7.31023 99.00255 83.49372
95.25482 86.04104 15.37970
2.57431 74.83507 86.21087
90.57892 13.14926 86.50792
66.08771 51.50068 80.18026
75.54658 48.26318 82.40412
18.56764 68.60113 77.91366
22.81435 85.91220 88.25477
10.39767 74.00668 85.63494
47.95704 73.79314 84.91228
67.69350 21.65398 99.16271
23.68133 88.54061 91.67327
42.89621 70.78291 96.28513
5.98001 22.37287 13.69991
43.23412 79.57815 99.22533
4.08242 90.24751 97.42671
11.00491 98.61079 85.29179
27.35328 10.61618 29.20227
14.01581 22.64153 44.42628
36.38890 67.38133 68.35001
1.86479 23.25885 18.51653
16.13652 18.96124 47.58710
82.97143 75.88200 21.97539
7.61581 96.04733 78.57707
32.25534 11.95580 2.42433
38.28220 37.64570 2.06248
23.85490 75.22299 86.03076
4.77353 88.81879 95.43440
25.46697 96.41682 74.67818
98.07696 32.87065 79.70218
20.67663 17.86223 33.90365
12.23136 76.20546 96.85939
12.43394 39.27819 19.85956
4.03750 84.95209 71.73755
6.70046 92.13439 84.75666
36.01822 94.43167 91.27892
24.66805 91.75913 86.76092
4.89473 78.94087 89.63337
87.20497 73.80794 24.36649
72.81784 30.90682 95.42194
10.37596 73.26425 70.19259
14.89857 98.43387 85.04648
6.16372 73.13658 70.10055
74.68205 6.16319 77.65845
21.40212 76.73207 73.60109
94.89481 79.18024 1.01271
7.62920 80.89762 87.33075
71.52946 52.87574 58.20568
99.15347 37.47526 67.66937
67.45063 17.80726 94.77273
30.44096 74.86193 70.07302
47.74037 89.76230 81.19066
47.66173 67.24959 68.82017
39.99966 83.17612 71.03077
46.55203 76.76659 91.36416
79.17354 32.09194 68.68151
89.27234 12.19905 83.04488
19.39882 91.71829 92.11174
32.09005 80.03848 87.83775
16.82581 81.19876 68.95241
25.33979 93.12845 99.58311
81.56788 23.63041 80.93935
9.60105 92.34689 98.66037
39.37425 77.49065 98.90836
19.88228 80.63150 92.15327
34.60093 82.42902 80.74140
40.17579 83.21849 99.89832
73.83819 23.70120 85.78390
3.45585 93.69440 69.43300
77.40882 94.06079 74.37326
33.43232 72.55817 75.09335
13.58032 95.97214 94.53909
32.57424 90.45468 90.02345
44.16419 3.77866 20.08547
27.28006 76.10782 86.50158
33.22615 70.84195 74.81786
39.10438 82.67291 84.90482
52.21480 69.33708 87.41553
5.92932 67.28488 73.02793
92.40692 74.76696 19.03758
33.29019 95.91868 88.71874
6.93013 89.72128 91.73433
66.64230 77.38479 95.43738
91.23510 46.17063 98.89841
26.23009 99.36278 70.84301
98.75542 2.39141 83.50836
98.50666 73.51146 58.86940
8.22076 67.90039 67.38141
19.56286 84.01589 96.14981
46.34215 73.03549 72.13468
42.52155 94.91027 89.00057
3.34218 91.67071 76.91928
50.63673 69.89395 52.73482
5.19557 85.51168 71.77834
17.32964 85.05668 82.28054
9.37513 83.92524 70.53400
22.46537 69.53010 67.95893
73.94979 39.48477 76.49002
13.83046 79.35336 68.83715
85.34130 13.01567 76.91189
40.08494 81.62420 92.20711
63.84334 89.36559 84.03497
95.44323 98.72145 28.73142
48.17761 91.15020 90.24149
72.89572 50.84161 69.48805
45.43174 69.11150 91.61001
36.60627 80.53258 74.02061
79.51817 85.21787 45.31189
11.57977 10.02455 43.11997
99.12105 28.67627 94.49915
47.14118 71.91607 92.41645
18.90075 8.67912 37.40038
59.38536 57.84084 87.48406
59.77429 90.19223 66.22594
67.78180 85.57451 94.49712
13.68304 73.59523 92.39459
90.41181 9.98782 79.42044
41.52654 82.88548 92.86782
95.45652 35.18659 95.86912
72.48810 60.78036 73.23295
4.47244 21.25147 21.25553
48.28761 85.57434 91.47676
40.60238 22.50642 42.36512
47.08056 67.18320 83.91984
38.46662 93.54234 99.58204
23.03398 74.96161 88.41332
38.97014 18.19808 26.06828
78.69740 66.37073 81.27461
78.76229 36.50704 71.85020
31.06675 82.23825 67.46853
9.94746 83.11115 81.04928
15.57272 14.33134 1.66802
82.60989 74.17187 55.98072
38.32279 67.85651 72.43362
75.75170 10.12575 73.74781
8.38452 4.25855 44.81031
81.45202 13.98626 80.01859
68.94762 50.06230 93.72951
81.71266 2.67460 67.30158
18.83411 98.82284 97.27343
37.74019 78.48664 80.15494
73.56452 93.01158 39.54389
14.04262 75.83202 82.10573
41.50809 73.95488 88.50051
23.38102 91.40833 92.89630
19.80285 25.94868 29.56310
74.51041 24.25380 75.21915
40.53441 80.84825 71.29475
18.93292 77.64343 90.26248
48.49897 73.77474 67.55972
14.79530 90.91611 91.35258
93.78092 74.72367 3.20873
6.15269 70.32565 98.98408
35.79493 99.59347 96.98171
4.11593 80.44052 96.90167
1.17755 84.79732 87.55132
16.74121 96.36309 68.85068
15.48453 85.56237 84.13056
1.69938 90.37377 72.87565
95.87287 79.14669 6.18954
9.57288 45.62565 30.46055
10.39449 71.85689 75.97551
1.73283 73.84762 96.93746
87.85889 83.59698 84.58165
16.08374 87.12783 79.24715
28.34998 85.07604 88.08281
96.61072 92.66099 15.63599
25.20577 98.05044 77.07103
99.35975 97.79812 26.70719
92.98852 84.55331 31.48380
47.35055 82.04406 97.28170
21.49431 73.10947 70.15715
36.47524 77.57212 70.69596
16.10843 90.40520 74.22097
61.99064 94.26883 84.34000
70.68399 74.45797 22.28707
73.71488 56.47104 60.79561
3.51589 91.86770 82.44368
89.77948 17.73214 90.17523
96.03770 86.55984 8.40716
85.66349 97.92520 93.35218
89.90937 99.57781 21.20724
14.82728 98.52566 69.32802
4.12701 84.33740 89.59204
12.18673 28.88383 47.28077
45.75524 13.62526 3.01097
3.60373 69.33430 67.40692
1.30431 72.91227 83.11516
13.52894 87.45942 91.70345
86.51950 93.49263 46.63956
18.35075 71.87497 88.11884
97.10669 19.78006 78.30475
14.67444 85.47109 85.74454
5.61931 42.91117 11.25240
14.24396 76.26889 85.16284
1.20518 85.31854 90.16309
3.14926 91.69978 71.51235
92.91424 39.94563 73.17054
13.17105 12.93641 25.22388
50.31255 89.44912 88.27427
5.78279 94.61733 97.43501
73.76832 4.43926 90.48754
90.09001 28.52183 82.74873
24.47661 78.02499 99.25945
40.09456 87.23681 91.10213
10.97454 98.47855 92.01422
28.21063 68.70313 85.21371
11.63642 86.88256 93.13832
32.98125 98.67382 70.70282
82.51229 90.87473 26.02207
89.99597 59.40978 71.95169
92.45168 75.81826 82.37086
19.28184 71.23015 73.77656
21.63584 98.94374 94.33260
6.69717 92.94628 96.89225
26.04936 86.78352 75.04815
11.54803 73.04608 84.87011
49.60819 90.45316 71.45059
91.25591 74.35466 11.08732
70.96250 94.38055 19.86527
91.28018 24.48237 74.55319
42.99084 71.20156 91.10563
9.19744 71.57239 78.40908
96.01101 16.65552 75.25903
23.40053 96.07387 78.30319
53.23215 72.32502 73.60061
10.16725 93.16548 72.59576
90.72739 31.28952 73.47977
17.31967 88.10709 79.44587
76.88643 1.20772 71.83749
34.00160 90.01193 95.66838
98.96893 86.87133 99.46562
68.58795 26.68876 90.24033
36.98750 97.96940 79.81079
9.92377 68.96424 69.73050
38.97353 85.40877 93.22990
25.38133 83.44961 80.27790
48.13213 36.47248 26.58844
31.60543 74.65450 72.79799
29.75482 85.86209 91.19968
93.86484 35.89263 96.45673
90.77605 68.03448 23.30669
40.78998 41.48018 1.56492
76.79300 9.62692 66.75428
38.20941 94.78627 72.85976
68.48530 39.49089 82.81072
8.35168 99.41411 83.53725
13.17779 6.61558 38.42077
25.59466 87.33775 78.75087
27.85962 85.80433 95.95841
71.63705 39.38900 82.82874
47.14685 83.41858 82.41936
44.24294 97.76498 69.31983
4.43090 88.47660 76.59871
50.05810 54.09675 51.11172
43.33758 86.87895 92.53665
79.62414 61.28218 57.87475
15.43826 72.67493 99.92362
17.52681 78.46817 95.99424
16.03048 96.79864 96.80236
86.45946 82.30528 47.28686
90.50477 28.76732 92.19457
34.58078 97.68131 68.78447
32.38820 92.36353 70.03592
39.02197 72.40026 73.73179
3.45461 21.68365 48.31804
75.88930 32.18929 72.62978
8.58048 89.95760 97.43337
36.64927 78.11652 68.41672
52.64366 97.63002 93.07549
1.77143 70.83846 72.89773
25.03703 90.59210 82.22917
81.75752 11.27726 68.24823
26.28729 77.50078 91.99720
96.93232 91.77640 41.20073
19.28577 72.34203 97.69375
35.12853 77.46329 93.73766
19.95997 98.57474 81.46283
47.11357 41.97634 45.16792
92.74490 49.70734 75.15341
64.80002 56.39260 83.18947
85.90767 43.16016 96.81744
35.97060 95.63381 84.67794
41.89596 93.60554 86.84693
38.97913 88.89994 79.76625
16.69692 73.48864 97.69300
32.55685 76.59920 67.67225
11.83538 26.92360 43.02119
12.53781 12.81427 12.66008
72.86730 91.25709 2.14234
83.36032 76.04680 28.16391
23.57350 81.15329 72.98914
29.80442 85.66261 77.39187
28.43340 83.16669 69.70619
18.99950 94.98568 72.02356
87.22621 86.49584 54.78882
97.96154 11.41081 71.92910
96.12132 50.22885 77.73601
11.94896 66.69155 66.71892
31.67667 83.24901 89.85772
46.11091 75.09297 85.83041
80.10136 31.36864 97.18316
11.20959 95.97076 96.67519
6.43370 95.95360 92.96120
35.76688 70.66767 84.69636
28.23924 13.10725 14.27185
22.22986 77.18068 96.61362
32.08590 91.21434 92.33554
4.44322 74.76959 88.51300
78.74619 73.87292 42.93553
4.22504 86.34203 96.85679
67.94861 23.90341 88.89435
9.86931 72.89133 68.77137
2.54204 99.70544 79.80651
5.19057 68.15465 82.98719
38.74448 40.02611 1.44564
24.00825 89.41617 84.42118
1.67478 92.44749 83.37007
19.98833 72.19111 89.45623
61.05824 60.48305 67.74785
20.94983 72.65059 73.09191
42.96857 14.46952 37.09711
86.31502 27.72439 87.75191
68.74675 52.73743 75.97388
68.38631 48.49199 85.48438
12.25548 70.65614 84.61350
39.71596 69.64045 70.98706
33.94757 71.30527 75.81187
6.90155 77.76309 90.32551
23.49441 86.73040 69.51542
55.74811 73.73777 96.39204
41.52632 93.01352 86.66488
47.60335 42.63017 39.48400
35.04534 91.41382 88.28967
6.80462 67.19083 78.39076
33.12746 18.93988 41.28702
49.48774 22.09677 22.43224
12.54397 76.15797 85.74708
2.86728 93.96787 70.01073
13.70921 79.65834 68.07246
70.46707 25.06831 75.05711
86.49777 85.46311 32.96308
46.52160 3.96791 24.43271
52.30276 82.60695 52.13518
67.49273 78.34037 35.06772
10.97466 67.40872 87.27425
19.83705 87.10745 90.91332
36.92933 89.87099 72.73539
79.50147 33.70371 78.33136
30.58521 79.20781 77.02171
67.51486 88.36774 45.18632
49.18385 74.76404 86.61789
32.15869 70.06859 75.34929
23.74757 76.94900 83.92900
87.29785 66.78362 83.20018
19.28044 84.90536 86.86249
42.51994 74.52111 99.70087
5.81609 87.40629 94.83642
31.44468 42.10371 26.00725
23.46424 1.98378 3.56459
63.70197 78.76006 85.97122
80.40473 48.27217 89.23086
90.41306 89.08146 35.58205
11.81067 69.99616 97.07541
82.13159 98.75509 69.13180
28.06976 77.49091 88.46049
81.52409 82.51699 96.32342
10.94914 15.28727 24.86339
16.04251 89.62741 66.94986
76.44013 31.85903 81.84955
20.27863 17.24221 12.25122
8.64503 86.71325 74.65676
46.91907 67.35294 78.85902
11.35397 35.45355 24.46678
38.95192 80.54204 91.70667
38.68599 76.58436 84.52360
4.67943 98.32937 80.38336
18.97234 93.35381 98.36878
29.52078 38.33495 17.32185
43.85602 92.43642 88.57699
23.78029 83.82345 94.54334
1.26219 88.32690 75.09745
89.06775 41.53146 77.14255
73.49216 55.63693 65.12963
93.91200 95.72708 8.50767
85.46321 16.49247 87.50324
16.32790 89.72458 78.67938
64.70065 79.35485 97.63603
40.43016 47.63091 27.42648
23.83536 71.27993 80.68245
89.37393 48.47330 92.55660
1.99144 67.74178 79.29010
99.57693 29.69842 82.26650
38.73735 86.29454 84.94615
4.64583 78.72472 68.49645
40.94753 78.32529 81.18253
36.21345 97.00711 78.23288
91.30197 19.07289 81.51661
47.48387 79.79920 91.71326
22.87137 72.46862 78.98602
27.01773 86.39366 75.37603
3.46145 72.47089 99.83888
11.84347 99.13526 67.20794
25.79842 90.96550 97.12362
8.60316 92.42482 76.30520
95.29299 45.85028 92.11767
8.92673 79.05086 97.47230
97.39619 4.44132 75.61638
45.90653 75.51536 81.27049
76.83405 36.86088 68.98524
38.86412 81.15855 76.45994
20.68734 93.57097 72.32926
32.11200 93.51568 93.90332
2.52631 90.29102 71.07980
88.24040 67.53624 35.77786
26.23552 73.03777 85.92788
36.98988 19.81223 32.83093
74.69149 85.70297 95.28625
85.10026 85.53341 48.37537
52.11316 66.95690 88.33938
38.99032 85.01627 76.93597
70.51135 91.47110 42.01127
4.51113 72.03880 93.99738
30.17567 7.35494 17.23142
49.41708 34.30546 31.55068
27.56559 81.30199 89.29410
18.16767 85.96918 68.44380
58.09767 90.73571 80.52313
97.78511 45.80201 87.24760
20.50717 87.63269 80.65248
43.74233 89.12920 74.54958
19.42205 72.11178 67.18121
23.51559 74.78584 71.78525
52.51654 80.53110 66.42155
48.31077 93.42599 75.72100
24.67534 75.98426 86.55900
9.96032 90.27937 74.61021
7.60453 79.05460 94.28066
19.67641 75.35784 72.55719
16.37820 95.28322 72.20680
19.87134 74.97339 84.99560
83.18934 88.74701 25.43108
83.34922 94.92979 73.42341
78.72516 78.23981 22.87141
8.86813 43.63647 16.27465
31.07204 82.54939 91.96519
11.25795 76.83438 98.25594
42.60385 35.31678 43.94326
84.70762 85.46112 31.03168
7.51991 90.20341 76.17204
58.09330 82.77326 96.62898
90.68354 19.59242 96.96292
9.16052 85.81471 82.20460
33.44995 97.96409 72.92221
42.52124 72.68414 88.30587
59.99013 94.54354 58.27355
98.05248 96.69098 65.21941
32.14053 92.53604 87.67634
31.37682 91.13495 77.36811
8.05467 88.62377 78.23718
23.99594 79.75955 99.37648
37.41500 49.02946 40.04037
41.89603 94.26555 73.20688
4.24004 94.38425 71.64942
68.79238 84.26444 12.45483
39.75475 78.66280 83.22793
90.34714 11.59325 90.55209
27.44716 8.15474 12.13401
16.57608 99.58135 69.92101
88.72903 24.81090 86.01444
32.72194 70.80984 68.44966
94.32872 59.13371 92.00305
99.73407 30.55779 69.77436
87.34126 79.38931 57.47041
27.75703 66.81462 72.98508
57.33217 82.50153 73.22899
30.05772 74.95790 82.37115
24.29011 88.21244 82.22957
26.46798 37.48504 30.91677
31.14587 26.14656 19.25452
28.51986 78.63757 80.39972
51.25812 61.19405 99.36121
20.66849 87.19110 83.17544
13.29700 90.03659 87.02998
21.39715 80.67354 85.60405
86.77677 75.46182 89.20391
73.26096 76.39824 39.05071
22.71560 82.73459 98.67381
41.45501 78.18099 94.93467
20.45543 74.28493 94.74414
48.23075 91.78945 73.11328
50.10138 54.22327 81.93467
94.04713 83.07824 45.50958
17.68931 85.88566 88.56441
45.74818 77.55509 99.98577
23.31325 91.27403 80.86308
43.35195 35.76605 4.25354
38.56048 67.47485 86.96544
90.17098 22.60265 92.52505
22.49628 15.50864 4.41552
18.32982 68.71312 77.22653
48.43530 86.92653 87.56785
79.25738 74.41482 26.51301
6.62288 94.37309 78.03976
3.24457 86.59389 78.23359
41.60757 87.56376 79.28931
89.31599 31.52842 97.97471
25.09575 74.51960 68.80761
51.43899 56.05049 84.12214
52.78352 72.04463 96.38818
9.08170 91.38160 87.50861
43.17053 75.23844 86.73621
76.23230 97.98517 10.44126
98.73026 28.40759 69.50885
87.85056 49.20112 66.72886
79.32219 16.22839 94.23206
44.29161 95.94877 68.60305
5.37875 9.24826 23.87834
82.98760 77.26477 41.65518
4.06788 70.27849 66.72334
22.64596 94.19435 66.81158
48.81730 8.98618 25.91178
80.09213 4.48248 74.09378
9.87948 78.97016 70.75405
31.68222 99.07358 66.80376
89.53868 8.86461 82.57867
47.84161 67.24339 87.77965
1.46944 69.82534 80.17505
44.00723 91.21052 96.80506
54.92625 95.82188 69.32817
22.73411 69.88175 86.17467
12.39197 92.26315 96.90872
27.44350 2.90010 34.25452
85.05414 41.20692 93.85781
43.12981 97.14096 81.91057
3.01423 75.60280 67.35550
47.57205 97.98934 67.97901
10.41824 34.64498 19.41388
67.05299 90.69737 16.57943
32.64741 94.78607 82.18138
85.99335 87.35604 11.55297
41.76982 78.11790 81.74903
28.87840 81.49291 89.25171
80.56823 76.91708 42.68953
54.53343 51.62610 77.28472
49.03810 74.07494 71.64772
8.37852 95.58295 90.39787
48.96384 90.61070 68.11939
22.17206 76.44833 84.87055
51.44661 58.38206 76.00278
99.88502 13.55063 80.59524
99.19898 42.65305 92.02455
38.50380 70.57152 84.28720
74.20265 91.85001 51.65238
33.70948 75.51081 72.75169
16.74003 10.00717 8.72368
86.77582 84.00561 64.98725
70.99982 76.92641 8.73390
29.81571 98.74008 77.58531
87.12549 42.43974 69.17670
74.92001 80.80805 74.81005
60.18156 57.21912 87.62762
95.56203 79.11307 67.75557
14.39721 89.64075 94.89029
32.48786 95.09601 83.03822
35.14948 93.03145 89.00090
29.96386 93.77140 75.57181
42.53561 75.88316 73.60506
20.57385 93.48902 97.81645
21.20964 35.76574 43.11894
38.08581 77.63988 70.15061
1.48059 75.92797 94.42614
10.54826 91.15199 87.22212
9.92778 94.46500 81.84597
21.54108 4.11822 5.06262
1.58156 92.83554 67.00718
74.49320 83.63360 36.92777
91.02137 67.19241 32.80878
36.41487 83.28821 90.31203
20.17255 71.37007 77.32314
19.91676 87.09829 74.31856
96.62189 74.32393 42.92616
48.79234 89.14909 81.27856
31.97239 67.02576 99.24269
18.27284 98.76207 68.19284
54.57141 92.00997 87.02451
38.21399 85.89991 89.08436
38.88629 46.63102 14.12508
34.69498 70.05977 67.81570
13.06835 85.44116 88.21575
79.56444 84.07263 17.88800
46.76983 95.94074 96.01001
34.25581 78.96632 83.50703
61.29923 51.14517 93.73163
82.50140 63.24498 65.57029
48.59511 9.71792 7.01169
93.76685 80.70821 36.28336
38.31864 99.23522 92.41582
31.40202 86.46034 86.22088
63.27703 66.21492 62.48484
10.22935 77.77422 92.03338
86.68852 6.92055 93.06252
51.10973 84.29380 55.80762
5.93070 71.18027 92.78534
30.12221 91.27527 98.71357
30.32671 73.96568 81.12124
34.51555 91.53733 69.12767
84.53676 28.16976 95.72354
52.13177 50.09474 56.25600
2.66071 92.48547 79.76266
6.54716 72.63941 94.27608
28.21006 97.37189 82.93800
18.33225 80.50402 81.54715
80.57666 59.18903 61.68917
9.30631 74.69508 80.42760
23.88288 44.74463 22.92875
56.69204 60.72628 53.42643
49.92185 99.31006 98.63803
34.76492 79.90237 93.32769
36.12322 87.49136 94.84985
12.67399 97.04080 88.55623
34.77212 76.91190 77.09545
29.31970 89.46884 91.22058
89.59311 1.24671 81.89580
26.86656 82.26059 84.29304
66.92722 40.78225 72.62112
44.20420 82.21581 73.26948
31.49298 76.94256 90.72092
38.58434 91.08097 87.96531
63.52637 77.78075 62.09116
93.20761 39.87481 73.76206
1.25081 37.75398 4.09748
25.84933 71.94995 80.23914
46.07611 89.62799 96.64766
12.73760 67.48888 88.78826
48.95901 96.59985 75.40177
89.70184 29.37689 94.31212
3.98432 96.61693 97.25771
11.90264 76.22395 76.93289
85.02995 96.20986 7.88314
78.60394 89.96278 24.43980
12.21883 97.52665 92.21274
70.84130 38.74472 82.80859
44.93356 80.60802 76.44331
26.57323 67.18045 90.91043
88.95573 70.37457 22.92427
37.98337 31.70863 47.66174
21.29095 79.91736 92.83869
85.32467 96.62360 33.04035
2.85618 93.55238 90.53951
35.79718 97.99045 83.91827
18.95138 9.04651 36.35466
63.87481 51.06246 88.54935
94.59030 93.03964 35.56905
77.30524 98.45563 65.29179
48.14932 42.30587 39.85778
91.95847 88.93865 46.62086
17.13518 44.86636 35.60515
39.16319 77.83418 77.96240
35.86045 79.80335 88.98917
69.37106 39.39988 93.56981
37.33797 67.62876 80.55958
75.24507 38.39699 68.97214
31.87625 75.04760 86.87466
22.91806 83.28852 73.92885
38.63961 94.52644 71.16337
10.45452 87.94353 71.19939
43.21749 95.84199 94.00224
16.63610 69.30778 82.08859
13.92357 85.22389 85.21513
46.34360 77.41153 78.06383
38.74050 93.01648 79.78786
33.73961 87.61542 68.73741
59.76804 68.18749 74.25862
78.42717 62.77924 68.58624
73.59576 97.88747 6.41380
29.31553 42.68622 47.67330
3.92588 75.48055 79.62362
14.66247 88.68203 75.10663
19.36057 83.04126 76.30612
15.16267 76.38718 68.54598
33.10388 75.97664 98.48506
10.25876 77.37305 99.94207
1.07920 98.69525 97.09938
78.57069 48.24267 94.15021
28.68758 3.84959 32.30070
33.62348 73.55957 89.01229
30.94959 66.75421 69.50119
34.04927 67.13425 75.21776
9.27694 93.46010 91.79314
11.33068 36.31053 49.76194
13.25376 24.07351 48.88779
42.82661 80.74862 82.45302
44.86587 95.40384 79.82253
64.42539 52.82843 99.93289
85.73481 85.04679 13.62084
47.74121 89.94593 73.82890
27.25860 9.28133 1.35416
29.73406 92.85012 88.06124
68.69838 60.34942 53.17853
30.12626 86.53455 93.63806
34.86927 86.68417 66.73008
80.20959 45.55004 79.00459
19.47244 85.77574 94.44919
75.26694 21.48437 94.91550
19.03627 72.02050 93.13412
36.59616 90.86437 91.47565
75.17032 33.76263 72.77790
39.91680 72.87870 75.04922
38.69024 88.10490 91.78362
79.26572 88.95437 1.78937
65.97641 82.95204 73.70654
35.99574 70.75703 72.34799
20.16289 80.15377 93.70839
40.42213 73.42797 70.06269
6.75114 90.53033 80.77317
11.28009 67.09391 85.03289
81.98275 79.87115 31.20088
39.53799 93.00080 94.54852
46.74406 71.11385 82.86131
34.46953 96.32742 85.83446
71.63137 77.18675 30.34900
7.14337 95.47046 85.42782
18.72406 70.25788 90.07683
8.99816 79.85455 86.04969
67.82579 68.70347 30.98433
69.07198 26.29764 70.34197
26.52802 14.94535 40.17640
6.16889 75.57374 95.81032
33.23315 88.51845 79.39260
25.05454 71.46706 84.13774
21.69581 87.39303 98.66080
78.56835 28.67074 77.10506
47.02280 68.83836 96.58364
90.83550 79.51850 36.24788
8.59473 80.85051 99.05676
33.83141 82.39143 74.80795
28.32157 73.28243 75.43807
46.99676 97.08669 76.72333
38.65664 91.74417 76.10701
28.58954 77.55240 81.90676
99.04172 10.29987 96.80319
48.62127 43.98703 46.83784
12.60555 79.13284 84.18199
95.69988 82.06192 60.29891
39.00756 95.26904 81.58645
91.77153 61.50019 75.73838
80.44393 68.77369 41.19873
26.25331 67.23288 71.03236
16.85640 93.82873 92.87237
4.02907 11.81341 34.49481
78.84482 76.40432 4.97369
27.30211 48.32998 48.91126
10.91125 81.14308 77.23748
38.52033 71.11059 88.04745
14.05304 27.73745 48.92433
9.39877 8.01742 30.71047
19.50365 79.85381 70.86449
48.36667 68.31904 79.88114
72.43223 95.11921 40.11918
33.41060 68.43297 94.16164
8.58465 93.61522 78.33628
90.37882 88.98553 42.95231
61.80616 59.88636 66.43103
21.91994 98.34040 76.33722
69.08856 84.21474 63.51469
38.81973 26.38947 27.13190
70.04723 42.40777 75.05231
91.11068 61.08376 81.52224
42.62114 81.03732 85.34003
96.15187 92.07401 63.17538
77.16722 72.16914 80.82388
10.34530 94.41831 74.70990
43.41865 78.39851 92.63914
43.80719 45.39913 40.01822
28.32268 92.19925 73.48549
15.61834 20.44848 28.89748
86.32496 87.97373 69.44108
32.67287 89.76469 94.76620
30.02220 22.93423 15.20459
34.72538 81.21684 94.41879
30.03877 91.66483 78.84054
40.11761 85.71692 83.24741
42.66355 84.63563 80.36660
62.69582 56.49706 71.63364
31.08455 83.52933 97.60020
14.19937 99.67753 96.12330
92.50682 41.29069 87.58202
31.47496 35.72807 30.55615
78.87114 9.60576 96.35538
99.21706 89.70344 41.65031
29.13431 73.91709 78.28645
5.86102 89.92356 93.34955
75.92020 96.05750 79.87561
37.27080 96.53005 79.05614
97.55946 93.10632 17.20218
1.11396 80.51692 72.50152
20.75582 68.49390 67.28925
23.20247 14.31699 9.50159
81.81865 94.99084 42.95376
17.61406 73.26387 77.59790
76.62158 22.90236 87.67985
95.55594 10.17386 87.08293
24.34277 82.70966 83.74569
44.51851 82.93468 78.33627
37.45966 66.81572 78.85908
75.43694 35.09418 69.13064
32.57438 89.76258 89.19195
84.14631 30.91332 92.04353
71.72900 62.47484 88.14858
91.32367 68.59255 56.15836
13.12950 93.03486 73.63006
16.25349 94.90329 90.08796
82.39633 90.90248 66.77480
25.08479 91.98708 80.39968
30.62777 71.11355 71.05788
65.93123 87.23394 73.01364
75.65382 65.45187 54.26134
55.43173 98.97471 66.19749
22.60624 70.29367 76.39754
7.50890 91.03218 84.36725
45.32852 74.81063 92.82068
17.40691 92.44071 92.90007
71.20689 92.90195 5.47389
41.76671 91.85760 82.49244
11.74382 90.37674 71.26475
47.40036 11.04730 2.36488
93.63346 76.69287 32.66822
20.41330 76.87575 86.23082
17.15986 80.81542 73.90760
75.04905 68.66202 15.84246
22.76760 97.97902 78.22201
82.31027 97.83541 16.87891
48.49217 70.32401 85.41712
16.51042 83.75050 75.25586
37.08881 5.70519 39.75590
41.34956 85.90432 79.47162
88.66573 67.49063 5.06638
23.74889 75.52452 70.96505
8.39966 84.80798 84.50587
14.42882 96.22909 76.19734
29.95474 9.38392 30.10337
28.45890 95.14961 86.06259
16.94622 76.98959 71.24933
15.40774 97.93686 99.92105
19.91365 69.90976 79.31151
41.44446 90.69887 87.32632
80.88297 88.59086 74.37763
42.39492 88.98897 73.28882
41.77438 75.92400 84.04787
52.43179 62.42835 65.85159
32.61661 93.11635 91.64119
98.36944 73.48159 95.53251
47.59314 94.46301 75.55226
12.32656 80.09819 97.23817
46.83697 80.09718 93.50919
17.91946 72.28785 78.01336
27.45477 73.75921 98.14876
53.24140 95.23460 73.39792
31.45075 83.45649 78.13691
5.74794 74.81484 89.63657
28.14182 88.51479 96.22227
47.81610 99.41339 71.13080
1.85777 89.26192 73.77966
25.84057 73.74184 94.61282
75.35340 74.22698 20.98128
97.49097 74.27784 91.00377
16.40296 77.16162 91.23182
32.21202 76.48274 75.34221
24.93156 24.82133 41.31211
13.31082 72.55477 91.43902
68.01672 8.74984 82.38423
82.21205 81.87732 38.98206
40.06362 73.04952 96.47934
80.54890 70.79849 11.11333
20.09672 72.85476 83.26299
5.49712 74.89762 97.90368
42.51151 84.17535 76.30014
10.23194 67.59778 79.88870
77.63825 88.94394 68.06357
4.01697 88.62296 71.69600
87.75093 86.73031 42.68884
36.55403 90.74094 70.95705
7.68701 26.34179 45.83842
33.65027 94.03103 70.43362
9.82878 90.04971 92.08152
77.76282 49.48822 72.79192
12.84308 78.23294 87.34791
10.28007 79.56845 96.37228
35.02211 82.57097 90.85932
19.18020 93.04741 99.06515
1.60623 92.20117 95.93837
72.38998 3.10728 75.37098
23.42150 90.93413 67.75982
6.63084 69.28366 67.15340
83.34191 99.11329 50.41923
84.41371 66.57038 51.95160
56.64123 86.29443 73.03021
87.52326 75.49528 12.89747
2.11919 11.46097 46.22933
81.46930 2.10958 99.04462
5.36069 77.49694 74.66830
70.62811 44.70664 84.32080
87.40324 98.76453 12.69857
82.18538 80.82524 60.26381
58.64589 72.98585 51.05000
39.12787 88.00493 99.13965
35.61919 73.65302 82.57259
88.20534 31.82799 71.47830
83.61767 34.58063 84.42947
2.33510 44.22991 15.10696
48.32217 87.69939 95.30938
12.88711 5.91763 21.61222
94.43999 13.66337 87.16362
7.79240 85.46111 94.94339
45.21557 76.94818 80.07775
36.66892 88.63007 75.40476
72.03753 36.69582 71.96768
25.84126 81.70155 81.68051
42.73713 74.80479 77.06365
92.33228 2.03397 70.87312
47.84485 96.68180 87.62865
91.08416 75.99193 2.31452
49.82667 98.75008 91.88542
19.63882 73.85805 80.90452
91.59244 82.06413 16.54155
98.67301 74.02154 10.60803
24.19253 72.35575 97.06123
4.41205 93.92548 83.98371
68.48274 78.00239 79.79233
43.92422 33.64493 4.69727
49.96630 86.08452 98.35732
62.10085 62.49604 59.70045
56.75618 54.20573 80.49749
