100.00000 100.00000 100.00000
32.65453 72.82732 28.25955
12.47409 97.11229 86.53782
47.90616 6.24197 18.10442
64.41088 36.35516 94.14207
32.31611 11.94224 27.86247
86.88141 4.17333 55.76789
89.82311 40.15548 17.83814
59.41697 82.76056 19.09409
83.14311 7.64780 98.10506
95.01224 9.63855 41.38524
60.29549 23.10553 6.90680
18.24987 79.31804 48.63266
46.36852 44.43980 59.29310
78.96284 50.21526 17.98838
43.98956 34.43727 3.35900
98.33041 23.87255 28.70737
71.72801 53.19002 12.73839
66.46708 4.98347 44.68975
14.18660 16.62132 30.87258
12.10204 81.24443 59.69756
23.11932 5.33568 36.62013
4.09769 36.80881 95.17101
39.93929 89.55874 38.74713
18.12741 1.16234 4.67051
84.64191 77.52102 84.95059
76.69331 11.46107 71.44505
65.81034 29.19492 32.36970
88.01945 87.87052 76.30983
86.68736 89.73361 52.22077
15.58899 35.38663 37.95743
36.09987 58.31836 42.92740
50.06333 93.78152 85.14526
63.78848 65.66435 93.07574
15.65070 42.46615 34.74811
42.50014 39.15037 12.31984
20.55692 64.17814 53.28559
19.20348 24.95148 4.99550
46.85502 21.15379 10.87498
74.95952 51.67877 86.09185
19.25948 25.25020 77.96038
21.70288 98.78214 13.15115
44.31591 57.89925 11.47095
32.70224 15.79284 5.22422
73.96749 7.97553 67.33819
31.08929 69.03814 10.22911
5.25914 36.36465 6.40922
53.14683 31.06193 66.89196
53.56820 51.86227 6.44995
51.38599 10.36679 52.18122
20.80035 83.49818 74.59713
93.58666 79.60472 62.93651
46.37594 60.14148 29.64069
37.71563 48.04224 16.96113
13.30967 59.38323 67.34955
40.47762 61.98166 82.86170
90.51754 63.47776 9.69803
88.87097 39.39191 50.21023
70.56231 66.95697 80.20107
67.95019 95.27314 21.35333
51.80482 55.98277 28.38118
40.53899 19.03896 35.82806
91.35854 14.08693 19.11764
8.16263 36.81972 82.14981
9.66945 42.38608 32.98900
47.68762 76.34788 96.58034
12.90991 12.40426 96.43367
43.79687 1.57162 57.28242
81.71619 31.87858 52.90546
76.63974 50.06495 61.07533
93.15073 7.28448 34.57355
5.50675 70.10422 36.66596
66.86521 30.51736 45.22112
14.57909 5.13850 65.99383
16.68159 37.13593 53.01243
66.44506 44.01581 82.80850
56.06895 35.31878 88.57078
43.46077 31.48516 34.17900
14.53834 37.72229 77.50401
46.94157 32.32274 4.63270
2.21187 56.79583 23.14790
3.93077 74.64039 26.29124
86.41683 33.92955 27.65799
59.35970 37.48077 42.07168
72.00243 44.73048 8.05734
63.20985 94.99938 2.18156
93.52337 56.25301 93.69628
56.48435 42.61978 45.52591
9.09255 21.75555 72.45402
75.75278 81.91738 75.04116
50.62403 53.42238 21.46528
53.33515 20.69763 33.65523
6.68373 17.93311 21.34798
90.62875 20.55181 55.93316
51.34270 1.24275 24.28627
30.02331 37.84831 38.43691
12.21402 52.45532 65.37666
36.07395 66.92392 38.75142
63.08863 59.37871 93.23501
69.83814 22.20222 88.28131
19.30740 71.03163 89.10652
42.30119 24.64802 42.76024
43.35055 93.43501 51.23386
90.98628 97.44345 17.47791
13.31654 25.47164 89.80968
60.50889 52.20551 21.33219
18.71444 81.10216 2.22261
59.59166 70.85724 56.90365
6.21621 34.37537 56.32807
57.27613 48.41698 87.52048
78.70198 96.13814 79.61286
17.74740 19.72265 44.11564
42.08872 40.64057 16.01029
47.23967 44.57378 2.31989
76.10359 94.22991 71.28762
79.23258 51.58274 37.93060
82.40495 7.63623 35.15219
77.40914 29.27141 24.35135
14.63332 84.74155 9.59219
13.58065 71.61308 56.37549
96.54666 20.25376 9.85637
40.36141 74.70832 57.78055
38.71351 13.95485 17.19277
48.19428 70.64851 45.63335
31.40734 61.61560 79.14883
57.42142 81.61493 73.58530
77.43834 2.55805 70.39028
91.85716 41.28661 70.50574
76.30672 69.23944 51.06220
76.50807 64.38734 10.14908
61.73077 40.85587 57.66996
27.54216 72.94438 14.23321
75.22899 63.93275 14.08568
2.45516 16.69293 83.89401
89.73541 56.09876 78.55992
86.65256 79.43053 55.54435
19.02729 35.39562 65.58563
12.53769 28.96943 14.01674
29.33170 72.00835 49.58392
3.98006 19.74751 56.32044
9.39569 91.47668 68.94488
54.85285 41.95211 31.80573
4.21509 39.26874 25.82013
21.74799 68.61301 62.49374
82.21481 70.50580 21.70203
94.83705 89.19143 47.99498
44.07203 33.70505 35.69249
99.64955 58.83191 2.45253
98.67292 13.71537 69.28415
17.14216 2.36658 79.37631
47.92226 63.66567 68.73339
88.50279 60.22332 42.91701
84.50721 23.68268 87.49545
37.82882 89.47666 73.66595
41.64339 90.75576 97.87183
62.70901 27.07757 33.03440
9.60078 93.63572 43.59216
44.67651 85.05657 97.99383
86.52079 71.08481 37.26861
9.71073 68.45956 72.60868
39.79395 77.87686 4.65703
91.99712 4.42876 99.38742
53.00324 20.14322 49.91847
59.65523 39.02198 54.48002
41.93948 85.91354 98.08476
88.58353 41.39291 30.73908
62.06996 17.88695 54.47980
79.87140 23.99859 13.14596
34.66099 68.73249 25.06715
33.82968 88.50273 38.11450
38.63863 22.44258 45.68148
91.07909 18.20695 65.20491
26.75807 3.17449 36.78631
68.46320 76.14206 84.51612
61.55210 37.10454 15.21814
62.23474 7.97905 76.72069
8.27830 74.03086 17.74590
18.78059 71.55692 90.90226
79.91694 23.98645 51.01200
20.26168 19.59741 15.16364
17.15124 46.86174 12.04244
85.40097 3.34255 34.18298
73.24746 94.70143 94.74963
68.78799 92.65842 95.25882
29.53713 50.90757 75.32791
47.24352 68.84278 65.65485
90.39923 64.95049 46.58153
37.34976 64.70541 66.80962
94.38884 76.14541 96.56593
31.93747 17.93055 24.83063
21.17705 71.37991 17.18517
44.79852 33.09758 20.28259
20.07208 33.81380 3.54801
81.72991 45.08121 5.66931
57.07263 84.84797 26.43673
47.65077 44.85134 36.13019
74.89495 1.30328 38.26695
62.03743 41.90928 77.98288
14.08843 42.86841 40.24302
93.68770 50.29531 7.20327
6.38720 43.79627 68.97613
43.88523 77.85459 62.78198
84.56260 3.65314 84.47688
37.73656 5.75580 95.23491
25.05125 8.70720 96.63245
40.87923 52.86129 4.17604
14.84667 10.37359 29.59348
60.58349 11.00633 34.21626
21.26166 1.11653 48.59703
53.53689 11.79217 1.94693
27.30702 40.04188 29.43179
35.74056 25.57636 73.39955
95.92069 59.92921 28.39832
91.14741 23.94052 37.36090
24.30447 40.15215 65.00178
29.64030 16.28114 80.30878
32.17609 81.53724 13.07615
13.94190 22.63396 86.13267
42.79428 66.20534 11.86631
83.99031 24.32616 22.86446
86.50520 40.91379 78.27045
36.93031 63.24970 12.10488
63.31496 63.96574 48.85577
1.91623 32.15845 91.37157
86.70509 52.53448 38.04998
98.20165 76.35625 48.05789
1.13888 28.01311 64.92214
66.57443 78.99831 47.26123
8.27809 17.16082 4.85258
98.92441 83.82012 75.74676
50.77556 47.43984 40.42511
13.83305 43.01242 31.03818
74.50510 87.48459 73.35018
28.62964 14.90337 95.28475
20.27431 40.78095 94.42349
87.96620 20.86277 96.06272
76.01089 81.91207 11.73850
92.29083 19.34182 82.74583
11.56431 76.01418 13.29439
95.86117 81.41567 80.10964
19.40950 67.86455 95.69314
49.03640 82.08357 64.42880
3.16387 78.40471 13.04906
47.10737 94.37807 31.60164
47.76246 68.28659 1.48421
4.62944 31.07486 43.79084
89.75287 85.34600 68.50629
2.65244 8.81723 70.89520
59.71805 80.57469 24.60854
51.05293 80.61725 69.27177
15.11658 94.73836 95.58138
68.07556 72.86935 15.15763
31.45700 29.51504 55.49877
72.33979 82.03835 63.54378
30.53447 4.24080 92.74594
55.55930 19.26670 91.43342
75.79220 26.87943 18.31580
16.34747 93.25317 56.25797
64.73673 60.72116 22.98819
14.38310 69.76919 29.32471
18.62877 95.57281 24.18853
77.20419 59.90744 40.65584
14.64576 52.14683 38.66812
4.61439 60.74156 78.92922
12.05091 57.56981 3.52864
85.68146 52.52799 50.53161
75.49021 99.76798 80.71434
31.25272 92.78113 5.38518
92.28130 11.55030 4.50665
13.48239 62.91347 91.47264
78.66911 48.22694 42.33524
78.50183 4.20961 85.45718
80.31961 98.67414 37.18491
88.37094 11.33747 41.02762
26.28255 75.32778 91.54619
5.00830 65.19036 60.92874
88.61374 37.71688 3.00591
76.95541 92.72574 53.98792
96.20453 23.73295 8.80413
75.10238 92.37698 50.71295
45.85575 53.76911 40.72291
7.60440 28.40932 97.96652
49.26374 96.10350 12.44339
47.75625 46.84241 51.13312
29.19040 38.58977 51.90680
64.48908 24.90445 13.35474
20.16795 84.50334 13.96406
82.57286 98.47215 10.95140
1.06675 95.13438 11.23401
84.44474 60.67253 66.74076
88.10426 86.55272 27.91644
6.13070 62.09963 41.80724
13.59326 66.44539 32.55254
61.80917 87.50902 57.11064
36.12056 65.68941 86.73221
74.96052 68.96362 88.42089
44.72713 72.23980 39.69492
49.70087 75.98973 74.22180
96.38703 7.69717 86.39639
70.34962 68.65001 55.36218
72.33278 28.86413 30.94878
22.95174 39.59608 93.92809
80.38421 82.58642 22.18314
96.16975 41.32099 49.47472
93.47458 44.10332 46.49569
44.25929 58.42099 4.66227
38.31505 29.78151 26.64419
5.01777 18.66995 47.30744
62.12557 13.17287 50.54599
40.22966 55.06033 33.69760
13.98829 94.63569 62.87560
41.72972 48.53099 16.57604
17.16551 96.67252 26.88793
60.75561 4.09015 89.65426
65.88294 96.34586 96.93677
47.16856 10.28571 16.24011
20.54017 6.75685 17.36275
7.01189 71.90143 61.76785
34.78821 36.33261 86.96798
87.72494 99.36789 25.01851
46.69760 36.25766 21.80457
64.83201 8.84533 64.34690
32.63976 44.23965 36.55145
32.69601 95.85226 26.74629
58.69002 59.90409 87.04078
85.13109 96.83434 29.45917
10.49830 73.52741 86.66925
48.77305 63.20363 73.32873
41.16433 23.57315 92.02265
87.42539 43.96561 5.02844
15.42104 77.31679 46.56466
45.10325 30.08053 58.13181
13.09895 20.50074 40.10451
68.91675 78.25573 9.41645
16.38895 84.25656 29.73268
34.23078 31.87676 88.76525
91.63386 91.81160 62.04295
52.35764 73.35096 2.70092
11.36204 58.05149 59.47596
8.28328 80.28044 19.63404
98.91493 71.74148 84.17471
61.01187 8.50193 6.19631
31.85110 64.91990 81.14713
6.53161 32.95591 12.95781
18.64013 5.93894 14.70325
91.43031 87.75440 42.03090
52.43072 22.53449 18.50025
61.79107 54.17514 1.87820
57.64883 46.93221 76.37039
53.46081 1.89370 38.51429
39.53587 88.52273 44.51154
7.95761 50.96559 96.25450
79.77396 14.78999 86.10459
17.54567 82.44299 33.14931
60.21702 48.71686 67.54918
72.42947 1.74202 11.34684
61.36191 72.20876 92.31642
27.03687 66.35826 43.65710
90.01432 43.43908 70.27922
28.57491 27.27819 27.35379
74.94789 79.39167 72.85629
37.97302 64.29515 86.20549
50.53343 22.51570 89.79997
6.42879 66.17549 37.33722
10.30295 50.59171 17.73284
92.42192 64.23093 99.81524
10.65972 79.66301 28.45576
13.60077 81.01743 25.19330
49.67990 97.93446 1.60442
51.58785 62.72189 47.24779
19.81090 80.19728 47.11493
20.66026 54.47763 73.14384
91.45175 87.78531 73.84475
82.57087 13.16362 51.34448
25.54238 9.01144 39.36460
50.46219 91.79381 83.46785
9.64561 31.51773 60.11858
11.19912 30.75613 7.86313
48.18066 3.43658 28.14017
24.22113 72.68536 61.66391
63.64071 97.98279 45.85759
17.32442 84.23558 99.21360
97.07237 63.28700 37.30825
35.01489 28.99836 48.28137
39.86533 14.37796 96.31365
21.96280 64.23670 59.94009
35.71215 84.40796 20.72724
69.89896 56.32972 86.62526
92.97142 16.64428 55.24535
60.46538 81.55342 29.84581
67.94010 69.83352 85.01415
94.98506 3.74738 34.48879
60.46281 27.98358 31.29235
4.26123 14.65982 25.94631
71.19439 41.17760 94.91839
14.09585 22.67346 67.37664
29.49847 75.78323 21.48731
46.75460 15.44022 19.58172
31.12877 34.65134 89.38663
84.61031 65.55687 85.76068
27.60039 93.47775 37.17901
51.17664 33.16503 57.95671
88.12830 8.29724 71.73541
1.60275 2.64418 40.23436
7.80921 7.52257 88.99897
49.07436 95.22873 73.31386
52.20641 81.77636 7.05258
22.61348 68.34327 74.77329
11.20499 97.10410 94.34326
17.72574 14.09597 87.41251
25.42091 99.03779 65.04579
58.41961 55.23433 26.83228
59.73860 65.13069 93.48448
79.37667 13.39054 75.46070
66.81401 59.05495 20.21119
23.95568 51.39123 53.44699
39.42887 88.77367 30.57947
21.40428 53.84061 87.46209
19.37456 69.82366 42.28869
17.04200 66.61646 55.40024
38.98776 40.51160 93.94794
63.19467 57.95465 99.15379
36.76086 39.70726 14.90273
8.19160 21.55958 69.49304
29.08924 7.19505 95.41313
88.84380 13.53221 88.46462
74.01955 88.43124 79.19267
54.07806 74.27893 77.95052
34.75050 51.57137 86.51969
92.35793 59.23908 28.05979
59.27927 58.13458 55.40537
57.04174 71.79182 75.44140
2.46249 61.40394 40.71342
44.90422 42.41479 93.58877
44.30581 37.11089 56.92872
32.53283 91.04193 6.48673
85.26579 77.64929 42.95948
61.16965 37.29588 55.33004
35.81936 28.79871 13.47930
61.44624 1.18204 77.78357
2.78020 66.16522 54.77201
86.75694 12.91608 62.40155
39.85602 94.95683 42.23480
16.17098 35.50875 61.44813
22.97390 52.78716 86.24670
90.68957 46.56472 7.02366
70.33208 27.79475 84.63249
96.63986 81.92837 17.69723
75.15303 69.59508 60.31154
81.43102 11.81225 54.35355
2.38165 14.32835 16.64954
96.89877 18.02621 72.05829
40.79199 82.57606 7.14892
68.34379 63.38383 54.38503
94.78900 29.36008 65.04398
15.37037 86.33423 33.44428
93.86056 96.96569 25.95959
16.48581 76.04834 40.77486
56.63133 50.79112 73.18982
60.43946 48.11462 36.47624
93.51547 10.67162 11.66724
40.89724 48.19631 95.11457
21.67599 76.09715 38.34847
82.48285 85.23834 23.72796
37.68474 35.55590 56.01540
32.78420 53.73361 37.33774
64.29524 94.10000 33.71744
67.96356 5.12057 97.03833
28.08737 61.22312 8.15571
9.05914 85.12041 86.85127
57.75804 97.93767 54.26926
23.28277 76.34541 78.58608
47.36949 72.61095 9.88482
2.31844 23.60856 72.89401
48.14319 6.05481 26.23271
40.19390 77.58668 14.53540
59.89407 66.91446 40.43257
20.63749 51.01626 61.92819
45.78383 64.42212 91.17179
53.31585 5.90006 19.22434
29.38131 8.64534 75.16361
13.24434 38.25649 43.61961
39.11672 16.77265 51.63166
92.79002 76.70177 44.83046
3.01758 39.90388 17.02459
33.18508 14.69376 24.06754
79.12597 10.98868 93.05638
6.08190 42.32533 87.18604
88.44863 69.77931 77.33851
34.75745 3.40338 75.15104
20.79105 69.10983 31.87248
9.19415 39.85770 91.24093
54.22902 63.38640 85.85133
72.70525 40.18228 7.10590
83.37836 82.05854 70.59229
80.69916 20.45010 11.18215
68.73506 45.14092 21.48486
11.32710 23.27406 20.15257
86.98056 98.90604 28.81637
26.13304 78.04286 84.89630
69.68309 50.42533 13.71751
68.75356 89.56030 98.05706
73.11307 82.07584 55.06396
70.73415 15.43314 3.64052
98.85249 41.56902 58.28261
83.35723 70.80886 78.43305
69.32610 87.85254 1.02782
68.82524 14.53476 79.41822
92.83608 12.72139 31.38512
4.95192 82.47330 37.16375
86.04182 76.13116 15.87469
88.92815 80.37193 9.80460
58.79383 26.71014 28.73763
98.23534 46.21976 1.63798
57.63877 6.70952 56.81710
75.22850 42.99776 68.78446
84.62942 76.13589 10.24497
6.85545 12.91453 54.67667
88.43916 41.87579 1.39833
55.18070 9.51984 4.56978
90.42607 55.86196 85.93563
62.86251 97.09722 85.37584
44.13760 26.37255 6.81546
31.49353 43.47472 20.38975
42.82504 5.50579 54.22763
16.66305 63.68982 16.56245
80.31023 77.68289 40.86118
62.03316 47.18531 50.76322
1.81299 58.02198 99.70678
52.24324 36.90052 15.16524
59.08270 12.09849 97.90427
71.39733 99.81306 47.12133
87.30867 71.94694 82.64221
33.14334 75.28908 41.09463
93.58675 58.07452 63.77317
35.23212 3.46901 9.65752
88.33311 55.98996 83.62718
47.84084 52.96717 17.82388
53.91492 86.01583 2.52350
41.54466 82.53889 51.28145
70.78913 3.74564 92.03992
75.94029 88.15628 92.90390
54.58871 75.73183 85.02862
6.29303 22.00784 51.66379
29.86647 85.34286 95.24369
75.78708 73.34876 7.20876
12.80171 72.26892 18.58852
5.83647 63.86400 36.08874
72.20236 23.94766 22.30161
18.38181 90.01263 41.87109
4.40427 4.84043 96.44506
34.74202 42.76563 79.60924
99.69043 30.70536 98.46227
13.23586 63.04198 98.89874
26.69521 22.69675 92.76290
11.03045 68.42976 75.95360
97.01502 54.25362 61.16865
34.23629 14.21513 15.08591
14.64411 38.11937 6.36311
38.91618 26.99304 41.12250
84.18451 99.72204 15.83978
33.40879 38.19963 54.70905
43.73552 56.90695 90.02201
29.36450 15.97810 86.32258
59.33137 54.68582 68.50467
30.10577 50.86486 62.22364
27.11538 46.39995 78.82923
19.60457 74.27019 74.81709
1.34378 74.42918 43.42846
39.26371 15.96336 27.48604
40.94461 57.31877 91.15985
74.85704 34.45921 57.29504
87.23395 38.26956 34.37230
20.63132 20.84701 96.03641
52.45815 32.16940 26.39317
75.97223 43.53549 60.75033
20.79251 48.97910 3.05998
89.06975 45.76478 39.18728
54.74917 40.30590 10.09220
22.63641 10.31475 9.59852
48.34383 13.86398 62.60128
93.11893 15.13770 73.58363
64.42918 39.84270 95.88692
21.87359 83.66090 27.01583
81.46374 77.42004 81.23276
45.10093 41.61911 87.80301
68.87850 10.09873 84.27923
41.43207 3.67389 25.34193
76.11031 4.56261 53.47165
61.61436 43.72482 22.11490
23.55286 13.98167 87.21888
90.37104 27.04274 11.52639
51.20006 23.07270 81.15542
39.50070 33.54808 47.14468
57.24613 68.30690 5.67405
4.65393 92.47420 17.59895
39.61438 63.26746 98.88803
49.42957 63.81132 24.66380
92.65979 81.24504 48.86365
68.93269 91.28191 67.93631
60.47729 45.30893 57.19804
66.40521 90.83093 45.10591
92.68719 42.70005 36.86538
3.01013 41.91326 50.68887
35.26303 27.46391 44.64550
87.22766 55.41183 41.16950
18.72186 13.03138 67.97217
18.88232 47.54638 92.99779
29.34007 31.85214 18.57411
43.89528 20.54172 16.05102
60.35927 49.68402 23.18026
21.37705 34.44159 18.84576
44.87772 40.01174 66.79324
3.42256 6.24548 62.03866
51.50045 56.07679 32.06780
74.22874 99.24974 63.89501
59.63709 39.61405 42.31626
3.92819 42.68797 78.38122
55.44221 2.74708 98.64089
24.17164 46.10150 27.85524
99.00168 53.67328 19.97099
96.14906 30.14717 28.00406
80.56377 88.22850 98.63127
88.23373 52.86273 84.26756
40.67790 71.28241 23.40506
33.14018 6.70158 36.97938
20.14988 23.12243 24.94462
30.17501 89.41010 47.61940
54.68631 88.21359 5.55981
84.77676 92.50166 82.15262
27.40173 52.88182 58.27565
92.76265 26.78755 71.73652
27.30648 76.29962 92.22960
90.37672 17.02610 21.54676
82.94917 39.45920 13.18296
48.02948 12.75118 30.40250
24.30048 69.89573 78.11964
28.30908 42.37444 69.50771
97.52070 9.05626 36.28320
77.89576 66.30599 80.44719
6.20549 71.38912 90.74754
86.02535 74.91938 33.74960
61.80266 58.82486 13.16553
15.14758 13.69547 54.50159
33.78946 35.19806 56.31628
56.75800 96.41913 8.68345
80.86760 6.20658 32.83187
90.35245 17.02238 43.04322
42.68533 32.30636 49.45285
39.73770 11.46843 3.31241
5.89486 32.33917 81.69251
78.60051 90.01543 2.70391
84.25512 73.96950 68.78806
2.41133 52.62840 97.75986
52.42796 30.76494 83.28637
72.08394 46.02544 23.43889
62.86040 92.66522 51.82757
88.50611 86.82867 87.88549
25.04934 25.78847 25.09725
96.16241 33.56525 55.01480
29.69152 95.59543 65.64880
64.71602 20.62680 45.38074
54.66089 64.20725 53.85981
82.21981 41.98730 56.51838
39.40673 10.79871 45.55396
42.30767 10.36488 70.15818
66.23104 78.96219 49.39561
19.15014 53.22789 13.08301
90.33753 78.43184 34.65881
21.61214 89.47858 74.63436
10.55003 88.17620 41.98090
6.06463 5.31216 78.60922
80.05611 59.42200 65.78377
48.57873 75.87565 78.52654
30.76587 86.76061 53.78188
4.39704 11.35919 78.82880
35.12625 79.24033 66.76923
16.50273 38.59428 76.89383
65.55472 18.25105 82.06595
73.47160 88.97444 7.71849
79.09852 22.49830 33.83451
74.98036 22.84119 27.58394
60.67472 81.39714 36.73545
8.00743 68.81675 15.45900
21.17608 34.14923 72.97698
53.66330 37.82264 73.04503
32.75036 2.21082 38.77086
27.99393 20.82412 28.93147
36.62833 95.97185 90.68083
70.66588 88.76976 57.46123
60.86286 62.12732 3.86709
20.55758 87.52619 50.16476
29.79826 97.13331 84.52634
56.93523 36.98374 71.37882
48.22806 73.37142 9.28905
15.70798 54.08467 82.24646
74.06236 30.21248 12.31799
72.84403 48.04876 20.59469
78.91445 5.28685 63.94154
61.21603 57.91642 7.89897
69.42061 96.57473 90.64930
81.86049 17.66020 11.23308
66.92861 69.45266 12.40422
7.64304 80.13003 58.53235
23.87425 25.54087 26.59201
53.62470 65.24995 48.36186
19.05341 34.61027 10.93574
78.69330 19.38614 19.59376
58.89150 70.52723 58.23463
11.67298 62.85117 2.28233
34.90542 35.48030 30.80009
83.97309 2.62995 18.41924
74.66244 95.21885 87.26729
64.96962 83.88672 42.35777
68.12858 96.54053 4.09184
86.85913 73.28192 96.83821
67.61114 56.90709 98.93112
31.65738 7.33994 30.58430
83.11573 93.91303 87.14513
49.88210 40.20855 78.60873
82.47764 37.90240 1.53795
88.70367 20.02845 84.13823
15.87715 50.04593 1.22952
4.66566 79.17262 94.32432
31.70243 90.68579 97.14923
8.08071 33.45780 24.88561
99.23207 71.71764 69.04443
74.80358 3.60127 65.93472
95.17634 15.82872 22.53737
37.42370 13.50556 46.81334
20.13987 1.32699 53.15950
1.76785 66.50580 51.04450
72.28318 53.79027 55.85945
6.92925 93.74839 61.74370
25.50150 58.79528 25.31778
30.08301 87.97264 15.72929
34.16231 73.57991 15.21127
17.79631 55.47089 14.58814
82.50205 4.04392 46.67084
55.02034 27.68157 40.39011
10.06680 55.31251 51.47910
36.78267 44.94427 64.27877
24.15201 47.87015 48.72417
21.24136 5.39134 56.79190
21.29391 81.72428 93.32926
55.47214 27.00566 67.37574
9.01514 73.53769 14.91006
95.68779 82.08162 90.82158
21.40901 13.20385 56.99396
36.55387 69.40462 11.35100
90.03334 96.22438 81.80767
98.56300 28.73884 41.10058
87.24970 23.03408 73.90386
99.92229 51.73346 45.68084
68.61618 65.23586 25.68642
99.44611 2.03118 63.82253
30.92588 8.41324 57.47875
45.10817 64.73420 58.48649
23.08617 32.40909 33.52866
46.75338 35.99628 52.46866
37.74341 4.33961 8.46284
3.79992 36.84803 57.73853
41.93249 43.38897 64.08947
56.73308 39.92438 40.48445
94.63963 99.17984 91.43613
4.77525 51.06344 18.21860
86.44649 98.79155 1.83484
82.05030 56.32732 56.92270
95.13441 55.36507 92.71737
2.74873 1.99644 34.34373
94.99775 53.10662 28.69260
96.49137 49.38978 73.62046
99.41856 21.89296 94.31219
95.58292 38.06081 23.60476
76.34061 14.49142 98.21092
90.53622 19.44532 83.70386
68.27812 75.44751 35.59566
64.88618 69.56715 52.00376
24.01516 19.49710 38.41389
5.69739 17.37088 68.93955
65.12147 47.47262 72.68074
17.51170 91.91163 46.70598
91.85196 8.23096 18.81369
20.77438 91.39679 62.17389
68.60801 17.39861 60.18780
31.48007 2.79307 13.46534
48.68016 4.22781 74.17305
22.11263 50.57751 37.23267
10.50457 31.95143 76.10324
72.50974 49.19350 7.04895
93.61827 35.50242 76.80427
85.39522 86.40502 24.44832
36.13710 98.85052 78.12712
48.06280 96.25534 99.75929
59.59670 60.43905 44.41436
21.07698 34.54183 33.93813
11.30174 55.54391 1.94941
12.10641 48.49909 53.09196
3.43431 6.05840 79.30541
74.20584 65.97986 69.81146
23.85149 74.99495 62.35754
37.21983 91.73850 75.93051
24.31888 29.56785 82.05277
64.86877 77.60040 92.46304
24.06826 23.15786 20.32712
23.88887 97.33720 90.40439
71.62061 36.87861 77.32093
5.89516 55.33286 46.57765
6.80638 94.17706 48.27679
83.84081 72.09880 58.41493
3.69285 23.46194 54.06986
53.60595 58.34617 7.85653
19.03463 36.73375 63.52517
62.91202 99.68312 54.39887
18.77996 29.39117 21.13214
46.16262 77.36623 24.33965
65.52838 8.34395 68.79185
97.01475 53.07911 58.25509
23.55565 98.04600 79.35285
49.98006 40.77089 19.68117
49.88908 45.61056 55.24055
90.25665 88.18809 2.29422
83.33314 47.62968 49.35975
23.38656 32.01443 94.13022
82.55922 81.92120 13.38047
58.98379 80.99771 32.78515
22.26278 46.04765 30.98643
54.76621 81.31516 69.04845
98.01131 1.94456 23.91442
80.17316 74.90510 50.61603
24.90537 70.49826 5.79894
22.06975 74.73464 15.13289
2.62111 28.82753 53.29597
25.89640 96.46214 75.26061
52.37575 76.26143 36.13143
74.78341 39.81116 91.71777
48.46369 34.09759 16.32470
71.09305 52.22101 48.68323
1.62354 9.93488 98.14654
90.81853 9.60574 70.28833
3.96418 10.03403 89.42516
55.83731 36.35157 73.03080
28.70584 5.95192 10.08704
46.50413 30.66271 91.66737
19.90101 19.87207 81.96534
86.45255 71.85294 46.12033
23.53635 45.61753 49.26091
92.36863 64.76672 28.96344
66.53227 34.21942 11.71292
59.86633 5.54680 79.81162
37.32780 90.23062 9.23000
72.25763 35.34629 94.85970
60.33146 46.77839 19.96455
74.36954 51.91945 22.00625
8.77505 36.80012 60.38299
11.73478 92.66613 26.24644
47.12242 47.55685 65.81219
92.56806 6.38306 69.83228
19.61100 16.47104 39.92267
87.08848 7.83755 89.61012
44.22820 68.58707 85.43792
18.21842 49.14803 87.90586
85.52723 55.31712 97.11958
36.72293 96.80550 88.77099
56.41336 45.10040 65.87287
82.45021 54.82380 98.11358
94.56174 92.92969 6.59861
78.69210 67.12741 41.13304
90.82662 85.31430 68.52779
79.29607 65.47932 63.82477
48.37904 48.22634 48.88047
94.56445 93.39884 78.90431
36.19571 34.41964 7.28610
57.27548 36.94149 85.75635
82.31159 28.65423 90.74756
47.93910 24.41306 34.26879
68.03509 86.29177 38.80236
4.74531 16.16489 77.90364
94.12329 19.43920 91.24915
22.04559 90.17524 3.83885
23.71298 77.80864 6.37949
27.10734 36.69750 62.50691
70.90650 89.10418 36.50729
73.95618 3.67409 56.21486
27.81829 2.24783 36.71951
89.52365 24.42411 82.02195
46.95741 63.25173 40.49361
71.63097 45.44020 31.98099
80.30836 76.56827 54.16500
99.92091 78.86553 51.74834
67.92722 85.15334 80.72603
46.33411 94.86455 5.55002
37.63263 77.60043 73.52841
24.90616 89.24794 37.12645
25.98095 68.64351 83.94171
16.69765 40.78998 81.05533
64.82552 57.60691 2.26950
41.15741 16.41545 55.83855
71.72115 42.15820 31.91363
62.29759 20.13330 54.35436
2.65064 22.15965 79.90936
92.14391 99.49895 39.14223
62.04324 34.00795 59.69885
78.48170 69.43799 8.13212
46.60529 56.33743 22.44394
4.36317 78.25695 98.54010
89.81259 72.82585 14.32803
88.34650 27.96749 26.84423
33.54106 88.53542 36.04670
40.92594 49.24241 12.59933
5.86766 47.69119 71.92176
52.51810 68.80302 2.59070
42.29691 34.39656 63.62989
10.95922 91.75358 80.18324
92.33672 57.95205 88.96702
76.42185 13.21925 45.30574
65.66357 56.14034 78.16687
73.54735 27.21207 5.27731
35.04801 62.22001 94.93232
59.91294 86.58275 25.78982
97.47198 15.68340 87.82942
15.95132 50.85705 68.36943
73.92743 86.14182 74.79806
14.96716 14.31411 38.19650
68.40356 47.70655 55.25071
43.46306 16.86084 49.15048
93.96972 16.29301 36.42925
81.94168 23.41125 92.58218
30.67909 61.43918 63.11015
13.31356 88.74391 17.38023
6.74201 86.33224 92.81034
71.93250 29.12276 1.25645
23.65314 10.20962 69.47284
48.19948 11.04943 77.83766
68.24815 26.94614 9.22719
69.70237 53.16851 45.17580
89.02011 62.85465 81.96095
89.26687 29.67802 51.82657
57.61503 40.45921 71.53351
43.59637 34.83429 18.11484
84.62431 6.40311 9.49886
15.25721 52.98390 37.14273
23.76965 89.60624 63.56604
89.69858 40.90893 91.77297
19.65347 93.15573 3.60544
73.76258 64.74895 41.84899
82.22327 7.22737 60.91253
43.44156 44.12197 55.12332
12.23090 33.88509 15.62576
70.30113 14.49138 69.99141
33.59464 44.03727 22.31504
80.52400 26.99323 30.40157
43.84633 93.88493 9.31453
65.14801 42.46050 59.48092
10.39478 15.01089 12.37282
22.58032 26.66625 56.13456
87.82639 51.82527 62.22869
2.04559 75.81594 44.86760
35.65445 26.74454 13.39779
62.53054 97.63088 59.55764
35.29561 16.81597 65.29065
52.78096 51.65626 81.46508
50.94815 49.41060 47.15899
91.10007 88.10311 91.16293
67.22614 68.73977 22.69300
37.09175 80.27411 84.90135
48.26028 20.83852 34.27787
92.35680 31.62323 77.02126
84.04077 49.34412 16.81645
14.59486 93.56835 19.70848
24.43319 2.82831 8.03510
72.90329 97.97291 46.78700
19.38694 96.55884 9.00296
69.37879 55.39502 92.70817
52.57616 19.69785 3.80461
4.06274 38.05369 25.75059
74.38743 51.25929 30.34759
94.95067 93.55532 66.59609
14.93330 97.39381 69.46092
61.25526 36.83860 56.81811
17.73110 53.29683 57.76105
34.40107 62.25375 87.04334
48.13345 71.10775 39.10357
55.25998 44.11789 19.93572
23.94823 81.67324 7.25262
52.16035 58.78374 68.78859
50.50197 97.70350 44.08621
63.29670 15.81638 97.38688
12.11307 84.29955 3.16663
71.94695 19.29712 34.12826
56.72973 20.95193 49.06288
27.42448 83.55270 10.08029
12.21081 55.11954 33.55463
80.38319 70.46215 58.20571
25.06427 8.02503 10.02358
81.28624 6.60015 9.11799
54.79458 10.17130 91.41842
5.27286 38.90922 67.15892
35.38272 71.79152 38.52184
10.70720 76.41222 71.66004
38.72844 75.63572 90.21399
56.86418 84.29265 75.53766
26.89337 29.71093 58.98604
56.67725 50.03197 5.54049
97.06369 37.72824 70.31585
42.25979 56.78877 96.16445
11.72555 5.82365 92.01335
10.98570 85.38656 51.65191
7.28096 44.23258 89.89469
77.09086 6.62751 3.91327
82.42432 40.85690 33.88975
82.93767 67.07694 12.76152
50.61294 24.10950 41.28537
17.68253 81.00993 66.83648
22.09905 26.83492 1.55068
93.38077 85.92195 36.95131
48.75778 69.07454 18.30111
72.21228 29.65627 91.92151
92.32019 56.76803 99.77720
1.15872 15.20837 4.01586
67.42096 97.88502 90.36101
29.15326 28.44079 71.73851
7.44648 1.84146 66.25668
10.04170 43.91332 44.79018
56.62844 69.46766 31.28241
90.57381 24.28777 21.98636
98.55875 87.81942 58.74088
72.26110 64.61409 97.49024
29.45969 28.87998 28.91641
17.75612 71.08763 56.88652
57.66404 30.27158 57.56002
51.60828 35.70355 33.05319
64.68508 14.15960 83.00866
96.44298 24.12602 87.73789
36.15856 39.01121 98.02862
6.13710 86.20408 21.76066
13.97033 26.58785 86.45440
88.15477 53.25952 51.51033
89.09251 5.06846 75.21152
45.16661 48.62725 3.79673
6.93813 89.97238 33.91998
56.17084 57.17875 2.10201
4.71254 50.92036 44.99932
1.42716 50.02849 36.67552
28.57971 88.23092 87.86580
43.25859 58.00687 35.88275
84.28864 29.69506 84.70381
46.58994 83.19450 32.31031
37.08214 52.39023 22.60407
60.35205 3.50185 16.47945
87.89756 8.26474 75.17920
33.05830 55.21284 6.03014
61.98509 64.26351 31.80237
10.98649 15.78067 13.28114
12.06954 33.16650 40.51295
64.75633 91.28753 66.18052
65.00636 28.00863 78.24538
77.59804 11.36596 36.43001
44.22920 39.27525 41.90661
44.30815 66.83079 54.28750
77.18737 44.14258 15.38164
68.20826 32.34026 47.69243
22.28930 28.59488 95.23462
57.07646 95.68128 66.58457
83.74747 55.02058 85.15282
94.90744 98.07553 39.65599
20.19530 34.95378 55.37565
67.18790 65.20540 27.09290
11.79263 5.84175 22.88354
62.22041 45.41350 15.40863
50.18980 32.52645 51.90802
91.46644 52.76185 72.94795
20.63992 13.07224 50.84719
98.59913 73.48094 35.20465
66.02173 40.46603 85.44304
69.15302 89.31840 4.32152
85.56059 37.75513 17.62865
16.79875 22.96640 61.94422
42.21777 10.34966 81.83179
2.89683 11.45232 49.68798
54.49620 56.64936 2.57270
48.78088 14.68048 9.75776
21.62242 93.14028 54.51254
38.73583 91.91724 59.21630
99.13016 38.02048 36.38437
37.43632 99.67354 95.05720
63.93116 13.55513 36.04173
38.06302 86.46374 68.02058
55.22882 81.20439 68.33920
77.99699 84.73598 94.07613
26.03200 65.43746 10.56690
69.89523 29.05806 42.50192
99.07319 72.81518 49.16373
17.51227 53.82971 27.17841
90.18249 74.64573 16.07862
54.91387 1.84099 10.96075
93.07827 81.96421 40.93168
1.51670 32.84621 51.18349
42.29023 30.66674 46.94300
4.99827 93.92938 31.59134
49.34263 47.20760 2.03744
88.07874 41.43596 56.39466
95.78597 50.57592 22.40812
74.73936 50.53676 8.75800
96.06193 47.75597 44.44059
73.70488 81.13313 3.28512
96.10486 23.84636 10.26560
51.19405 82.31348 98.74623
56.40385 85.12659 13.14811
77.28855 47.49057 32.84876
76.96097 92.77043 62.18539
56.56905 12.89720 84.64541
80.39666 41.99862 95.34719
38.04411 71.62986 6.67689
50.46416 19.94177 36.25543
80.37050 77.68695 59.25207
95.81619 73.77760 73.90642
85.69711 97.74480 50.53016
16.12316 40.91740 63.34953
14.11141 41.28703 6.52458
11.51911 41.41653 9.68794
23.68177 79.91356 12.13899
52.40705 74.36049 61.87532
74.68434 19.82567 33.38964
39.15526 94.55253 65.44095
1.05580 59.00707 74.79894
4.99873 44.89122 46.36890
77.14250 98.57482 19.89289
31.17440 94.81076 28.41284
66.03946 28.90372 33.20717
16.51511 69.37099 18.31715
42.50885 65.22945 56.97164
12.17868 97.32204 53.83433
87.19866 69.14696 75.59133
45.82511 78.07100 69.49492
91.11904 46.88846 9.80603
13.05556 66.50895 11.29202
49.00652 57.01027 98.83462
49.71245 8.61281 37.87623
77.73924 2.49413 35.21186
10.40111 9.61190 89.87348
73.77706 60.46022 24.86899
59.68030 54.28711 20.92970
18.60476 69.38797 7.16418
79.28535 32.48338 11.66666
39.33737 39.10662 70.50546
4.70099 92.00421 6.75633
95.68196 34.20916 27.34490
59.45491 47.79934 47.88344
95.68694 66.44682 47.87479
12.98484 30.80802 19.57254
35.52709 12.23259 6.46683
23.18614 43.69301 65.73837
84.08053 44.53790 71.67637
97.90173 37.53025 57.03884
81.75207 65.17696 74.80321
6.13457 35.92867 97.24875
24.96052 13.70210 82.85733
39.94925 90.62908 67.23287
65.36707 74.85028 39.39838
77.57652 76.41292 53.21156
75.16547 81.57981 45.36076
77.19720 87.43334 9.39676
24.21920 20.30935 77.59661
69.13462 97.09862 45.97288
35.56606 3.31164 92.19151
91.67297 2.14124 7.88385
67.84707 87.93931 1.34860
45.51086 35.73303 32.28988
31.78349 72.10353 4.82722
55.88013 8.04344 20.94347
91.25660 49.23491 28.00574
23.76179 46.46444 46.70845
75.46459 60.40146 43.00467
52.78060 1.48344 2.19624
51.07716 30.33063 2.78160
76.92951 50.73462 20.18576
15.52419 46.28471 36.80425
75.20230 58.98504 44.28558
50.80896 92.92743 26.27208
77.55900 41.02100 87.90991
4.23599 36.23793 60.14168
17.83678 99.32657 68.25253
75.28744 75.53195 72.25776
77.37555 65.93852 20.12365
35.90359 23.07541 25.30682
28.63301 15.54883 61.72540
69.18511 96.98040 61.18925
52.72862 9.79943 87.90516
49.23977 36.13858 44.51966
49.80871 43.84826 98.66699
19.57713 39.66121 91.67937
58.07125 94.93791 23.09300
48.13274 31.24285 29.82591
80.16430 57.98365 4.43876
20.44838 81.15026 22.64870
21.79727 80.59976 5.53856
66.26012 90.68701 14.28901
28.20664 84.64584 12.63662
25.05074 62.05616 47.32680
51.08150 92.13933 11.25523
11.91294 25.02755 2.62062
88.80092 1.62015 70.78068
44.55551 10.35225 64.56766
60.96937 86.85141 5.39829
78.31579 56.07200 27.58058
2.86051 52.29539 10.67123
7.80051 90.24213 13.88147
50.58762 76.00407 84.19655
12.22487 52.76449 45.58843
9.77533 40.93302 55.67499
36.30355 69.44965 30.28404
64.15498 37.18569 2.70938
40.10790 78.79863 80.40011
89.15828 8.07568 61.60601
98.95848 23.48601 78.43179
95.67751 9.91136 5.73902
71.38728 76.02662 35.22433
79.55871 76.97880 68.21232
22.89352 70.45819 82.05645
51.04563 18.93199 29.82276
54.82585 65.10403 94.44944
16.30501 41.88299 2.39242
77.85644 36.51529 26.35870
64.86069 65.76565 50.27211
4.64271 84.80024 58.47667
22.42575 1.38047 19.97188
47.46607 15.60513 47.17336
40.30863 10.98277 89.31427
78.25741 17.44593 90.03273
42.48099 28.74234 69.13176
82.81345 23.28037 31.58077
46.47965 16.39976 29.48968
22.30845 58.37793 1.23743
22.11925 84.87120 71.35876
98.56603 8.98627 88.64645
15.75266 32.71458 3.87992
17.67401 4.97278 59.47971
32.71494 4.93279 53.43780
44.25337 77.72506 28.42548
22.46320 24.81025 71.21785
11.58133 57.65031 98.29502
75.30725 94.40139 96.98596
98.24786 79.97283 83.14595
56.78601 2.12761 57.85866
9.12492 95.72069 21.88632
9.76323 42.06748 11.20573
28.51965 97.45847 82.88048
57.36155 21.98419 16.28849
89.56815 80.47187 70.08223
83.20409 44.37757 21.98493
69.82388 45.05918 92.98773
44.63630 95.40774 36.19504
23.60810 17.14483 12.17075
67.86273 38.33113 91.83099
92.79660 47.44325 39.83880
80.64181 6.80806 94.60689
33.09346 27.04979 16.42437
99.49354 23.97913 71.13511
50.49128 71.01064 41.68467
36.39316 70.35010 27.01670
17.40496 73.65630 17.85969
16.62195 52.31936 58.85685
18.35622 27.55851 53.77814
85.57517 5.07728 78.10699
43.05482 56.29431 1.26844
63.05720 71.03650 72.89476
97.85258 99.30154 29.97324
24.11756 47.20792 33.01789
43.27535 70.16244 29.52287
6.28973 82.83398 81.32582
55.46276 39.64100 36.73784
50.43317 38.12362 15.06271
21.35773 42.09520 24.76818
26.37615 59.32553 55.00800
18.17167 90.99237 35.00026
20.20135 22.84793 10.67611
62.56964 22.45155 44.41926
23.42723 65.93082 37.30933
75.64662 79.57601 62.35386
20.81378 90.16217 42.76008
1.58266 44.16989 48.18661
56.80856 58.09969 63.99370
32.03145 57.21782 27.94872
21.25427 99.48767 95.34756
8.77031 9.13562 98.29937
2.46312 95.09607 84.58435
40.89012 80.52987 48.66330
59.01619 19.99979 18.77750
51.05178 95.95907 20.48256
25.77835 95.78983 55.95262
73.81807 59.88227 97.88635
5.90863 31.01493 59.68994
85.18797 62.95242 80.61203
86.68720 71.12402 50.14435
7.68155 1.31111 70.08891
55.76920 87.36709 49.10742
60.17259 89.11903 99.50454
88.28904 4.22267 65.17350
26.06479 84.91085 54.39620
38.04063 85.78982 3.73319
62.68222 4.79011 83.26103
85.90887 29.07252 72.38437
88.44485 9.12744 7.32692
69.73940 85.67883 21.85300
26.10059 17.23551 24.59257
95.07788 62.43176 89.68038
82.13377 45.67834 92.59312
64.21546 2.96628 48.37233
54.15307 72.02057 41.77088
2.05939 97.43277 28.97056
64.50670 58.78954 99.16826
28.83059 57.36877 58.30710
82.76149 65.22120 31.99795
5.94248 21.96940 61.23614
4.99984 1.28776 80.64000
38.81671 31.97454 10.03634
36.59728 10.77209 61.78884
18.25314 25.96019 55.00493
80.58830 61.86791 75.04225
36.29909 97.22723 82.24770
82.44253 71.02232 42.40074
95.53318 96.24686 24.53354
50.69457 98.16717 84.25200
33.01532 24.28892 82.42197
26.22383 38.09811 85.08085
42.38526 4.34082 80.18519
82.44929 15.45882 4.63805
65.17772 17.66322 28.07770
91.75886 90.21589 53.59241
24.26893 67.53522 82.75146
40.70418 37.17072 1.93889
3.22574 8.82416 83.23378
62.93367 7.63793 42.04540
88.77883 86.51632 73.43577
74.51720 76.22319 13.29755
75.67542 12.15798 49.42888
64.71877 29.87444 23.09394
24.19578 87.48921 68.28710
59.53253 23.76264 34.74269
43.47109 81.52677 7.02805
87.20907 16.03307 5.73151
77.15904 11.73885 50.30916
46.27785 15.57462 41.31065
56.14718 46.43069 65.07356
91.13430 37.61314 79.84145
57.90341 90.13889 5.64873
4.70558 60.97392 66.72377
47.13710 63.13872 69.97840
20.92139 37.09038 50.79771
45.72681 47.48972 66.31814
58.12800 26.00921 79.40867
75.06855 67.30608 19.16019
29.88237 23.28806 78.11853
2.46140 69.87005 92.25224
64.28965 10.27667 21.38683
14.12449 44.29834 62.95332
35.79925 18.91733 77.89386
80.16719 17.32554 25.78575
84.36929 12.60604 17.40561
56.98700 38.01373 43.61392
87.83876 85.62210 87.34955
88.32981 98.57104 47.42846
96.65415 58.36397 80.74200
15.23098 81.67333 72.29695
36.06847 54.06086 67.76190
27.17403 93.59245 15.18915
2.06600 33.03869 84.15794
57.44353 47.93676 56.19587
73.89794 84.08131 70.02440
88.36430 59.21374 88.22250
65.15510 51.93417 95.70360
54.17365 86.29558 8.27585
90.05748 36.41490 76.59323
74.71860 75.52755 56.20301
48.74765 71.80255 73.54878
38.14741 88.15228 74.93774
9.78508 48.79254 58.96015
26.55886 85.94917 46.17333
64.16266 11.85550 18.23424
96.37704 21.45876 26.47965
38.54072 7.60944 54.27702
94.66009 4.43874 17.40390
89.53974 69.96373 58.90064
42.50383 33.69503 82.76298
58.78711 20.67314 87.62142
29.90239 36.76427 80.74191
30.71112 47.05584 78.96047
6.61471 10.45931 7.43990
76.59879 65.30304 95.58644
69.20199 2.30950 44.76893
8.73358 26.47336 23.92462
56.23231 19.16590 2.76533
56.42458 22.67757 73.18238
47.90467 48.96037 76.40853
30.57096 97.70013 19.29851
57.31480 65.24090 70.00252
11.73648 58.18030 95.94473
97.67314 42.81460 26.53212
71.18020 46.55906 56.73716
5.85198 78.74267 36.63759
76.07724 35.77473 33.02362
63.08538 48.77787 84.30826
71.90570 76.28448 35.05852
76.77230 72.18387 56.62493
42.26043 52.87444 32.95319
60.32108 34.34823 39.46971
78.61961 87.89109 27.41909
67.26246 84.60336 45.57223
48.17528 12.51902 25.94073
66.65630 11.37956 76.12912
3.26328 64.62436 82.49008
24.70107 9.06446 81.66622
42.32755 70.80181 60.63650
97.49591 75.35965 23.06760
32.38693 56.29801 34.67546
62.50004 85.49571 5.21157
29.73413 4.21022 81.47446
88.81113 74.70304 50.63101
98.34883 98.82027 4.17175
66.47203 28.60226 40.07051
21.72057 62.98565 79.65410
2.32627 37.42003 28.72756
85.58260 43.89218 88.84266
26.28887 79.47300 57.16826
90.52393 82.18023 82.87840
52.51189 52.31451 5.71479
7.37176 38.96398 64.88100
20.53890 26.90765 85.71454
80.84292 59.80752 24.61492
74.77349 81.26565 18.74853
37.37827 6.92958 60.67017
25.43749 10.71724 39.83289
17.70587 43.67239 52.60399
46.50028 20.50508 27.88112
20.85290 92.56796 22.60348
72.42594 60.13594 76.32490
67.64090 65.99441 8.18053
49.41279 59.62957 9.59140
59.48283 20.07291 49.00064
32.38825 58.59605 48.20456
13.01400 90.65649 99.37536
36.90924 61.55008 78.63645
27.49340 91.80680 40.86733
66.48870 4.59379 19.98454
95.23552 88.69964 4.61240
88.02639 42.18563 8.22088
29.49652 62.43291 39.28734
76.22495 86.83047 64.90616
81.40595 23.37590 87.32298
74.16516 92.48564 93.54985
59.96158 38.82160 22.13703
16.17121 62.32749 48.96937
59.38510 64.46588 62.39011
33.49515 92.65089 93.93465
68.58462 30.50899 23.73636
58.36075 48.85234 25.79934
61.43118 40.49381 23.81426
32.93038 40.06831 91.77770
65.53614 59.02693 16.93093
19.21310 25.09675 50.02812
17.34405 28.33974 21.05427
78.91423 8.79513 13.07029
22.29878 57.72418 34.29012
20.41628 23.57890 34.66440
10.22297 33.57344 1.74583
9.47439 78.58552 50.24156
28.91704 88.26601 41.69532
28.34379 48.16684 81.74726
82.52187 23.67206 69.61352
69.96394 79.13555 50.34299
73.40879 22.03506 11.13013
45.45831 58.55258 61.88394
88.70708 23.85321 62.03292
72.30701 51.26812 79.90860
80.99644 65.04861 6.52021
63.52212 16.52229 88.90881
49.57319 68.88024 88.81592
92.28100 50.19904 9.72666
99.83151 70.72873 36.12454
27.01619 88.27323 7.03644
49.15515 59.58614 44.98196
39.13671 27.81236 70.32758
70.38388 42.83650 26.07488
25.58867 12.57971 7.89443
75.83962 44.72856 77.44416
80.92444 22.22149 89.75965
42.31314 88.37679 9.99061
1.84170 31.15644 7.29595
74.42503 51.10609 70.62695
41.04724 31.33444 61.69152
46.07747 41.47106 31.65294
30.62915 34.81671 95.60464
62.76355 94.94094 77.08686
11.60081 67.72291 15.43965
95.11371 46.80701 15.23278
23.78505 99.48868 55.72504
45.73851 40.21660 36.94595
8.35851 68.72886 33.40479
25.70318 32.23802 84.44701
71.28472 40.38391 33.87156
87.99016 34.50639 1.87492
44.22378 47.84452 62.91598
48.49689 16.45719 26.10136
78.36905 69.91072 76.11753
16.80256 44.87054 91.09951
92.02718 10.71118 37.15483
33.13462 69.34414 66.17525
83.43907 16.46585 13.41090
94.44947 51.18422 43.50093
60.58001 39.06702 75.79926
56.86842 18.38142 10.40428
60.54677 23.26195 21.14697
16.30314 67.13854 91.84020
26.59554 47.26237 4.07832
29.23940 61.38374 3.68442
8.24289 16.70916 99.74123
68.63840 76.03742 15.29525
53.50800 48.27721 62.56941
33.06918 90.03842 52.92509
88.14475 20.25777 20.11878
56.57848 6.15262 86.92010
78.30700 34.72999 56.69186
20.55551 55.06228 5.99127
81.75384 63.54152 76.35673
36.77046 62.81307 71.12451
48.59902 97.08611 11.45273
5.46171 53.47433 43.96639
40.64982 74.19449 58.49752
35.36020 32.86147 7.94431
52.01968 90.92090 69.63678
13.42569 79.14576 72.97929
51.62270 8.86636 59.71089
11.48631 1.57291 42.98757
39.96999 35.21831 91.59706
88.72902 65.79593 8.40712
31.22502 11.04085 17.67690
60.63001 71.98240 20.72080
76.55059 2.75317 26.71864
55.51802 99.67767 56.05163
92.69155 33.42628 57.02519
83.30899 39.28652 60.54779
89.24541 62.43529 28.10397
30.04996 59.93308 93.45156
14.69812 9.20301 15.36931
13.58748 41.76665 77.62786
73.55402 10.77826 82.61476
26.23208 56.68160 57.88145
73.50543 29.12384 45.14604
56.52819 33.75754 89.88455
79.92086 47.65223 26.15934
44.05303 70.94564 14.17397
20.16738 43.11926 9.26942
64.52860 51.85135 80.90845
99.06935 38.38303 31.98793
87.13700 49.23681 32.09159
19.26071 69.36315 63.86354
23.26935 4.03746 31.81024
57.26798 41.07271 35.26552
46.24028 72.39201 27.39571
18.55526 80.97474 45.21273
11.01614 6.54166 99.41483
62.08445 21.79338 24.64397
66.22003 2.48666 63.06566
58.64744 37.55925 55.93224
72.16585 80.60982 50.91378
47.05032 89.31481 90.24772
47.60640 87.71915 30.30845
41.31563 20.20354 35.71779
99.79370 49.77581 66.67020
99.29524 52.90102 48.43528
5.47765 78.95766 37.62805
88.90640 11.05327 48.95375
23.23283 46.42188 8.42412
12.59494 62.49011 93.88251
69.12044 81.65249 35.21511
30.81782 2.52951 92.75274
59.90849 17.76526 48.58982
34.87953 25.67259 28.96440
99.90471 41.64447 56.48595
11.16029 9.86307 89.37876
46.99353 44.03179 76.10354
80.63481 48.51955 23.85274
60.34429 77.12258 46.88697
89.18882 34.70707 21.46771
37.02738 91.81889 6.60384
78.06728 73.12868 78.60061
44.57131 63.59527 25.46389
40.20935 85.39895 98.17827
64.59346 15.38590 30.58462
3.93455 16.93800 55.94817
91.03537 99.47397 54.36698
71.66680 61.28605 17.82968
64.33999 16.55281 22.91247
44.85951 47.53945 76.31669
43.80504 94.85127 39.40685
11.40463 19.25982 21.65872
67.15944 94.64152 61.46358
27.20984 8.74103 75.06858
56.79792 60.23001 15.11218
21.26132 40.83735 12.18458
41.99141 71.50952 22.64258
74.01014 84.79253 56.36679
43.00601 76.96761 41.23390
83.08181 68.40624 26.54342
90.84620 57.06170 17.11168
38.72452 76.58164 33.98863
25.92975 3.53176 59.35309
25.36065 11.01512 9.64810
96.06883 90.26130 15.45193
80.01361 64.28019 49.40197
28.86823 49.29389 5.82851
41.58253 48.46181 8.75523
20.56569 82.28662 1.84766
36.88683 5.75218 12.94083
77.57108 93.90477 22.27723
83.21511 26.40064 5.68157
59.41803 67.94000 69.19448
11.91093 49.82795 99.38779
52.46276 61.41493 37.94164
8.07584 45.02799 93.09370
73.72178 88.59523 61.48341
58.13852 52.97493 84.69422
53.25812 92.52132 54.38614
18.23937 68.46547 68.27362
55.57313 18.78976 85.66269
42.07674 27.36411 66.26477
99.84020 94.05168 19.71952
75.00177 53.35839 89.27087
97.81439 28.98504 55.77265
17.52068 52.31359 11.67736
24.99709 89.50232 61.47528
1.16990 42.92036 85.44249
22.86646 94.68556 60.93470
17.63372 52.58199 74.62884
33.40238 94.98628 77.65189
54.14243 2.85876 62.88917
91.46025 3.37041 75.39295
58.22407 47.47204 73.08519
63.03449 8.63616 53.29565
17.19764 25.07003 2.72961
75.30534 4.93928 90.02966
90.27936 74.31568 59.13263
3.52363 6.09421 57.69413
17.25807 26.05934 23.63145
69.81647 7.88647 69.48649
54.17673 25.54687 13.80942
26.62586 50.61353 91.09221
96.11539 38.47668 67.82403
75.41889 86.59374 61.91053
97.06601 73.89471 39.92964
76.34271 45.10175 28.19779
10.96229 29.54700 10.82053
45.55944 10.48157 93.87219
19.82371 61.66432 55.36764
21.10763 34.10895 75.63889
65.05842 69.12226 85.52260
54.77815 81.12564 36.03360
66.37057 69.84916 68.29593
69.74710 58.01618 91.00937
86.19354 19.42198 25.54375
12.34641 61.26142 91.02010
79.34725 62.48552 60.18862
79.60511 58.45100 26.27388
27.67452 73.14299 70.58847
75.51832 77.85880 76.71180
38.00007 83.04801 11.49996
25.00825 98.68429 68.20411
40.38428 9.95697 66.22247
87.19596 61.01329 7.40446
64.33450 66.05619 58.69415
87.06294 21.99471 41.42001
37.01941 25.01405 94.55152
40.41066 21.81498 6.96387
52.96096 56.93469 48.72083
32.19160 69.60221 82.54859
23.27576 62.50029 33.22310
52.24131 18.99560 6.40597
6.20308 91.36010 28.60717
56.38584 1.87448 64.36662
28.51319 7.96061 76.53242
5.81372 6.83168 15.08097
64.72434 72.13606 32.67026
57.89593 32.55698 47.28636
25.53741 95.95498 35.20818
83.44375 5.33864 39.64082
87.29529 26.70842 99.75266
53.55340 67.01944 39.67627
84.51862 97.72111 59.73902
98.43189 44.07725 2.16728
57.13397 42.70236 92.26439
13.81397 75.67060 1.20282
72.44719 44.55769 3.82247
1.63807 57.87605 34.19104
13.36538 39.50001 80.48731
92.78338 22.05530 26.85609
78.62791 12.69324 69.82364
64.99982 34.07465 89.58113
51.97566 84.90216 44.16722
4.28521 23.56176 32.13962
78.83450 25.83430 18.37627
87.04995 42.98875 13.97101
83.98931 5.44875 57.32617
79.44073 50.94280 77.88673
13.25755 81.61828 63.00190
52.52813 41.49315 51.88681
58.34669 84.73324 43.37262
3.72656 52.37989 89.74872
15.74520 28.08939 12.32725
36.53331 67.38192 43.45624
37.16281 70.19683 31.19401
61.63121 65.80459 85.28924
32.78630 88.10928 24.97117
73.33868 38.99507 90.37446
50.64953 16.35690 12.41975
60.40441 80.79876 78.87463
28.09928 11.36939 1.13497
40.77531 59.78449 34.03169
27.68758 31.33633 86.15861
70.02485 70.18636 17.86775
25.59364 24.04911 16.87447
66.04159 54.66597 15.23808
83.94506 84.00446 45.79447
85.83366 96.29623 77.54525
28.23903 80.73968 15.43444
8.63894 45.23253 87.08450
14.38405 76.35995 47.77669
21.84164 52.60265 76.74593
56.50488 7.09313 17.87159
97.60654 7.95170 74.93670
19.31712 10.52155 26.27603
25.34330 13.07213 72.37444
92.91068 97.40400 62.95701
43.07404 43.02687 58.35398
48.50162 29.91641 47.82170
1.98885 19.80869 69.56013
32.85222 36.45885 8.63289
35.15242 48.14383 50.42590
82.17345 33.45445 25.64578
18.23477 60.68036 37.12330
76.92957 8.48011 27.43842
20.12990 96.47244 5.44707
17.02293 56.64269 64.91146
33.43156 9.77638 95.64145
72.26164 56.35244 57.76499
23.91691 77.55805 58.44995
90.17862 19.23300 10.58647
27.41969 92.68401 84.10207
82.80117 94.43680 51.35274
72.45755 81.28717 8.97091
60.03856 88.48744 13.66386
1.90380 25.45158 85.76552
64.78471 19.71300 2.09350
76.96980 23.51365 34.47129
52.20085 15.98382 81.60549
18.25986 19.09960 77.24370
82.15733 78.48735 93.06419
58.59214 94.35490 67.55991
16.49368 4.83483 33.89134
55.68320 46.75805 17.63704
12.73998 45.64293 69.36075
56.88175 87.64043 95.19444
73.32031 28.01643 32.02853
42.86153 38.95863 6.02433
9.24974 77.96480 67.34969
78.99461 34.73195 14.02275
42.99509 91.55499 81.98550
9.18620 45.15272 83.57201
93.48142 97.58254 84.78754
1.71087 21.96926 7.95801
95.03732 37.13306 68.96289
55.55772 15.77573 99.98236
67.74846 39.51893 35.06830
99.07963 14.06524 42.84049
32.37271 25.26474 81.41120
7.92607 29.17725 56.50536
40.39003 73.36030 78.35186
8.15641 44.06213 87.31061
60.48408 71.35793 95.72388
61.53708 88.83808 24.40636
18.06377 45.11553 70.68193
13.38943 31.34433 23.73634
52.66687 39.41336 37.20427
28.35632 75.35438 93.80726
1.56546 38.31092 73.03035
42.57884 60.76612 96.02619
56.58275 90.30182 64.10436
34.86075 54.70616 82.70795
3.89282 18.72681 3.23666
51.39428 83.18469 93.50124
47.73563 93.31770 79.15877
99.20500 31.52497 17.54093
4.88929 55.90466 7.80793
36.57160 70.13501 79.84195
93.83872 32.56590 64.56428
89.29385 48.02174 5.84902
74.39572 94.60448 67.07698
34.24945 97.87331 59.92710
81.02200 9.42055 1.72840
24.54432 49.45099 83.64450
74.96950 16.46659 11.64136
77.52274 4.35400 59.54817
87.46477 41.31582 39.81219
3.72587 78.90885 22.21364
81.41164 45.42833 27.70427
34.68145 55.61494 69.41558
67.85031 60.56611 87.88181
57.42814 41.20275 62.98087
28.26232 46.25367 80.13144
73.25790 34.94939 77.81755
13.58415 30.71316 96.73977
37.83586 27.33955 52.40153
27.02378 59.34530 79.99178
17.96917 54.78676 37.23818
59.45765 72.56164 48.03613
81.10578 16.31682 48.97668
20.59969 57.90294 20.63747
68.20969 60.13678 90.05841
26.23182 99.93792 43.79120
6.92229 45.12461 45.75965
59.27383 38.29579 93.98844
2.05964 64.69055 82.37960
80.57947 9.12762 69.62198
8.79006 69.60964 88.88305
45.52339 14.97057 71.12224
63.01776 25.72226 79.77146
36.07837 92.03917 69.01015
71.41116 70.40248 75.17128
28.51793 84.63078 58.11635
55.24050 45.33301 49.98282
46.75218 65.46894 53.27682
98.01367 14.00919 28.50197
86.40634 28.51732 15.49591
43.15778 4.03800 86.80489
62.10979 10.27746 52.44651
30.10230 84.39264 23.15050
6.50919 63.05865 17.71699
88.17178 87.12534 3.61604
29.97511 8.25456 32.72185
50.44543 54.00825 24.31503
46.02153 16.98275 47.42599
80.93327 98.44013 11.15393
38.86220 96.87461 16.50019
17.71620 10.41096 82.16282
43.41373 96.61371 48.21714
3.94967 5.47989 39.06122
72.54293 68.78100 55.76830
66.22399 29.84783 68.86720
57.84327 46.00992 71.05733
20.08891 97.06610 88.49771
32.24862 26.77913 63.55653
88.66398 5.36120 46.37779
16.43668 39.51339 21.47146
26.02989 98.71767 12.63182
18.95556 57.58911 44.57779
6.19874 68.77686 93.03720
94.29538 41.55855 20.95182
56.06063 42.30184 46.71677
18.73727 64.77044 5.47062
80.27626 35.82360 22.63897
68.10243 73.05364 14.73912
22.51503 90.04058 9.85683
67.12557 71.00747 77.59661
16.80663 83.79720 55.37517
48.51256 39.25199 25.77605
32.48926 39.11588 16.13768
11.98114 75.14208 49.30817
22.22875 59.60944 98.98003
38.40046 37.10763 66.63152
93.72599 81.79577 40.13438
54.28069 23.97485 28.48444
40.45329 26.64199 80.99980
85.91972 71.90200 59.75455
20.82063 88.98018 12.67537
80.26824 41.11049 53.00295
94.93203 21.22375 32.91083
51.92910 66.80989 33.86736
48.97209 97.69293 45.80244
56.30818 54.70277 19.48585
16.44884 75.89893 5.39773
64.97586 51.46473 74.46014
14.43279 11.31117 71.95663
20.48559 53.83128 86.04563
73.86750 33.97183 54.83615
99.58056 18.67410 52.66193
79.06148 75.34443 89.64414
48.81493 34.62798 88.83809
30.34623 15.70860 8.23637
54.98795 24.69745 80.94866
52.00016 87.92463 69.07332
25.05657 18.15676 64.94616
21.62841 78.13756 59.43677
74.20270 82.65166 7.60351
91.09906 28.37865 8.98753
18.93747 10.90352 82.91243
17.68190 10.16091 77.50005
70.82514 80.95602 80.01501
20.35676 60.94660 75.02746
76.45512 54.05910 39.07039
45.55832 62.32516 85.01438
45.01658 11.16791 52.64690
14.53394 41.93092 37.49451
65.70871 96.75087 22.86248
32.23389 31.68744 85.40086
5.17292 95.97642 19.01300
77.40688 14.86639 54.55076
81.13538 17.66978 13.14840
72.49144 88.66156 86.41816
17.47288 47.01175 70.69384
15.43071 92.83992 78.78627
37.13975 7.06829 76.76234
13.15979 36.11607 18.69335
43.04149 94.75216 53.12383
85.53683 87.26417 31.36096
24.64591 79.75198 59.61813
37.85562 62.81094 41.10735
57.38943 88.92771 63.86207
83.40735 45.93336 4.16952
32.41082 11.16055 58.03073
27.40879 94.24465 11.38279
69.49565 63.89087 14.70958
18.88136 53.49209 67.73151
38.18186 64.84473 74.15588
47.05351 45.21381 31.31005
55.42908 14.13417 43.35885
64.85818 33.51482 56.87552
26.35494 1.22250 64.35210
38.87370 61.58536 29.61651
9.38726 12.00872 8.14369
37.37050 92.09740 29.08688
18.14195 54.18723 21.54403
47.54627 70.13465 53.15120
52.38876 80.30854 91.61973
58.23871 35.06689 51.27202
30.05955 62.43780 93.44108
24.94033 15.55549 57.70125
32.49493 39.59326 28.88201
4.05772 35.28905 75.73803
4.11966 60.06918 71.12111
54.35066 98.41771 26.30998
32.53480 26.58489 5.49507
10.29108 8.30130 11.36502
45.36930 65.84868 13.37702
2.34400 64.97202 21.53110
37.24102 92.19161 75.40952
89.17958 40.28132 59.67971
58.28038 33.74052 32.05739
18.32519 43.62355 52.09281
10.52326 84.29377 23.29282
61.02308 12.61951 10.05417
4.07199 74.71905 17.12098
23.29877 5.93179 27.54123
70.16381 46.61965 34.12448
6.90653 18.39030 96.21236
40.75757 34.83133 51.32906
41.74514 28.34189 64.42256
36.21156 58.45164 60.76742
68.39357 7.85187 72.58201
4.79842 30.53647 49.54474
20.18852 12.91989 9.67917
22.75749 12.05379 94.99035
21.29447 91.24162 97.31387
10.23061 71.77979 18.81587
29.92956 31.89479 26.35050
45.86970 69.53036 16.40526
21.57382 42.92313 82.94489
39.30823 19.57849 66.08356
79.88395 29.43573 66.61563
59.95692 38.38478 33.03843
57.08220 36.20998 82.48616
61.14139 24.71794 72.48633
11.41694 90.84346 91.45407
23.37505 38.98536 54.81350
33.18258 38.02953 12.33411
78.78312 80.75751 64.17277
8.63398 80.04278 23.76168
97.67728 80.84828 99.83023
6.60460 94.07383 4.66683
47.97339 35.07020 1.14138
13.24083 56.27398 99.14898
94.06607 56.57145 32.77639
66.24344 38.29684 42.23675
93.70942 30.43622 10.01402
74.44549 44.07561 48.68829
89.89671 81.22883 74.94221
77.31006 97.40508 73.77597
47.85282 82.75410 3.47415
50.99595 92.20306 96.67499
5.14491 21.40500 5.53720
19.93839 78.83036 91.44093
40.68186 51.91636 65.13648
14.25985 36.01151 62.34578
27.08273 70.08074 28.05608
92.62926 82.49782 49.20313
74.53568 41.85119 96.00333
62.47719 94.53029 6.45138
97.09796 88.54815 26.41092
34.93354 86.54308 89.75706
65.68670 11.38711 45.43043
72.89580 47.19914 74.73595
27.74072 43.99576 79.36395
