100.00000 100.00000 100.00000
10.15552 79.33372 92.59911
81.32018 73.68301 70.92766
70.35846 74.69329 93.48269
29.43147 90.73975 79.75384
55.01829 67.37556 65.71629
99.04410 89.89305 31.61466
74.41593 94.01273 72.67261
79.14401 86.08318 87.67626
94.18639 5.67291 66.78466
80.39882 64.56641 54.24859
16.34521 26.26356 23.00169
87.20931 67.30861 1.76055
87.13754 79.38024 57.21099
79.95147 39.40915 80.02581
20.46211 84.24917 97.20295
54.98802 67.40813 83.08758
72.06044 83.82973 21.01685
53.92874 60.92141 82.23784
98.17655 78.73814 66.49223
78.28839 68.07955 99.63214
32.81138 98.12982 94.38113
23.59925 27.27352 19.55643
55.23150 88.21741 55.01802
85.00107 73.37639 87.66782
62.22550 75.71629 60.42338
88.04012 64.70008 67.70284
99.54785 88.69419 68.70321
55.63679 66.63869 66.70057
99.40434 66.15395 89.19270
8.10670 18.20670 31.89403
78.41934 72.69407 97.16616
71.09492 79.59268 70.11765
98.53811 77.93894 34.07807
41.45399 79.63170 79.04198
91.13281 76.23051 49.82840
53.22940 71.93742 67.76097
92.99384 64.77064 87.23123
75.86762 12.14928 70.20071
73.06628 85.76192 90.44683
63.27159 99.12649 98.00418
99.55438 80.39205 67.94607
35.45266 90.69095 72.50202
69.74459 61.83375 80.04652
89.52179 87.83757 60.57951
10.68983 81.13122 89.44096
75.71258 94.62884 31.73096
36.29486 8.40569 37.22758
68.17596 91.87509 50.31712
16.73514 87.07439 70.02717
92.90131 69.71441 44.02979
42.10380 2.62328 43.84329
88.29142 8.75401 93.06585
7.26158 72.95641 84.35849
78.05364 58.36344 59.86329
86.62492 93.31434 51.70480
1.45973 26.86098 9.53960
1.98542 96.53491 94.75619
64.92223 82.04102 68.95155
78.29219 69.53096 68.21033
68.77304 62.58708 76.19306
89.72737 70.89146 95.52272
82.54349 85.29054 35.57714
85.61991 57.43314 64.71064
98.10449 48.52687 77.43214
97.97678 79.83300 57.41564
56.86717 57.23827 66.06759
94.20125 93.33708 9.77726
65.01976 89.24629 61.97179
94.59868 52.94772 58.39700
98.91784 49.02009 90.50949
88.66985 97.33951 19.36250
63.19806 92.16340 68.62306
74.37837 60.13061 67.66955
1.07981 76.42844 86.78024
23.51568 38.52337 29.50043
83.95280 86.01149 53.04500
50.66552 75.26005 87.68075
64.85601 58.04097 98.45613
47.12721 7.11896 17.64529
13.05597 74.34039 74.87084
65.68703 59.63263 60.47805
59.70331 85.39237 71.90453
34.07548 36.35036 43.89876
93.88955 67.08367 51.06587
85.99250 33.39442 98.04556
57.92475 55.67353 79.55380
75.57557 88.93387 90.92372
95.86039 72.92229 57.85195
95.88621 80.04223 78.47542
74.18351 92.69426 51.52735
31.62811 42.03099 10.73660
51.88659 59.58940 72.30517
90.36810 69.14588 96.87494
94.17332 82.94069 50.55508
77.08055 92.26839 64.80092
89.46864 58.76315 98.95596
91.36293 59.14201 91.40165
31.69322 18.55656 15.45053
19.40818 37.45211 27.58949
51.53412 51.15894 67.71290
96.93490 82.01385 61.54385
77.94433 63.25277 98.61018
79.65628 85.27204 1.54185
98.03169 52.95728 83.24924
3.78668 83.92422 85.53737
95.84083 81.55803 79.62824
25.30981 30.87147 47.52214
67.38088 88.54609 13.10132
49.75118 16.15423 22.87578
60.57486 93.16187 93.64287
94.87153 20.61376 73.92696
59.79269 94.88181 64.49086
72.25807 66.27332 72.23865
28.99162 78.60810 93.07345
74.21030 76.61598 52.19179
88.51428 93.92210 28.76917
56.40795 58.11437 82.55118
51.72984 81.46688 82.67680
65.76008 50.54525 94.33968
79.82842 10.26453 90.09779
76.32510 28.59818 76.47266
99.92214 80.27414 65.48499
90.77409 74.21236 5.66105
61.17549 64.66828 89.22475
99.28228 94.20108 82.31529
51.27892 91.95818 55.35093
46.53679 37.62600 20.53828
67.25787 65.79977 83.37315
88.46326 50.36946 73.40523
97.75763 97.98704 52.44579
95.84451 69.49394 20.92992
81.17788 62.50976 76.61437
99.91683 89.72651 72.85272
69.57416 81.34465 12.60903
99.48880 83.44718 76.32780
52.20190 94.30918 77.09390
82.37865 94.77658 61.70652
72.49922 82.75460 59.37430
75.34592 61.31503 78.46191
66.70868 62.59809 94.00139
73.35359 36.74027 91.37284
87.74728 78.97928 75.45062
56.44285 84.15229 71.65543
97.82669 80.00197 15.34147
91.37440 8.51121 76.69291
82.13926 34.64225 78.92781
98.13235 72.80774 52.02619
55.00613 52.96555 52.66372
72.34879 76.86916 72.18423
60.85423 84.68864 96.34498
44.71055 29.69725 31.35320
73.10715 10.10942 85.15336
78.29387 98.07514 73.24120
86.77422 77.91777 87.62181
46.70408 25.97739 6.74355
77.14389 64.96714 76.80410
76.80863 84.23251 21.51572
78.13618 6.38111 85.13142
78.77106 73.24549 61.61394
92.97795 15.87510 75.98058
82.78130 37.92713 89.93374
71.80817 13.79604 83.77905
57.30895 78.57202 73.19219
93.70599 76.42023 15.50725
37.66781 40.71689 23.23810
95.68949 77.32064 5.98407
70.05763 50.52700 83.16976
81.93606 25.61335 77.99646
15.35610 74.70794 85.24942
90.18204 85.22039 18.68330
9.58481 71.54822 91.19566
39.28115 5.56630 11.09998
59.49065 74.30208 76.61550
84.90939 58.02718 54.14651
98.26164 62.42361 68.33082
61.20665 84.77810 99.68387
71.79906 81.59036 85.87333
85.08198 94.87297 14.80847
68.84239 19.46098 92.14979
24.64542 98.52819 74.64563
90.22736 93.89788 59.52453
53.82419 98.98873 96.92702
34.40277 40.11645 33.70698
55.71317 62.56740 83.29010
77.37535 71.75171 12.73904
53.46171 94.62232 65.43105
79.86153 57.80614 61.05393
59.09416 85.92404 75.62723
80.35461 99.77001 99.59640
72.50287 91.65789 78.08926
76.46579 84.57822 80.10159
27.71277 3.24291 5.60589
85.72516 73.92860 20.39262
72.80978 68.28845 12.23763
65.94606 67.82864 65.14332
9.95319 81.40845 74.03653
46.17441 86.32818 91.27558
64.76141 63.52768 52.73049
15.43311 95.99609 86.14975
99.68969 20.85016 74.08624
87.50258 53.24698 92.81399
70.67206 77.69933 30.29207
61.91372 96.72440 63.90666
63.77624 88.64103 71.08068
81.55607 63.11402 64.88180
85.88640 74.91175 59.66018
35.93596 17.88261 38.15705
61.42597 77.75540 74.03485
57.90792 76.01009 79.27766
99.34938 59.58147 88.93684
65.26626 89.24511 55.87914
93.35915 53.45812 77.58712
10.67735 92.03772 70.95018
4.70161 75.19857 98.57814
21.97473 49.94985 8.29405
89.17759 16.21052 79.12732
52.35416 58.92027 75.63129
76.51020 83.40700 67.16273
82.78216 65.31115 67.58779
52.32931 68.88894 52.54585
58.70266 70.06315 98.36212
79.41788 15.81582 70.28121
69.02421 74.29536 24.27760
89.45120 92.00044 62.13077
69.69484 85.84319 93.02238
92.50749 14.42936 73.85442
30.71937 68.19971 68.91038
62.02444 95.50925 50.44414
14.09387 11.78728 41.00187
44.65434 99.11145 80.33467
88.94064 69.03617 93.67515
51.02458 61.20638 83.79832
73.64904 98.74946 59.46801
43.27917 99.45966 97.07028
68.74460 69.95389 83.89247
73.77904 76.02122 35.75207
61.40081 51.64626 71.26063
65.49256 68.42915 84.29410
87.96745 49.27361 78.42763
69.97262 58.61534 83.93591
39.78861 75.52665 72.19669
92.04412 7.59546 93.62455
50.63220 54.36802 99.55163
86.15781 84.01062 89.24523
81.34713 91.22619 55.39318
29.08436 87.23839 97.99275
19.16816 21.16544 44.62328
58.38690 92.25925 55.84579
78.77158 68.80119 52.22732
60.48045 76.36915 54.92248
51.83299 72.10927 82.22587
66.82206 34.40740 76.44928
60.18447 58.48672 68.46641
68.16880 78.61896 66.27533
71.55193 96.45839 18.45673
96.99605 96.24730 21.29423
47.66579 84.95356 85.84245
75.06883 64.62439 86.01186
75.17068 91.60795 99.61360
61.35225 74.31958 60.91912
98.19162 63.09469 88.40927
59.02981 76.97331 56.27973
42.47779 45.68397 20.90538
96.66897 52.99291 61.86426
61.65364 93.76093 63.07133
82.86773 49.86384 93.51902
2.32187 81.31364 83.62764
89.65138 98.44228 77.28473
92.77951 74.16198 75.98020
16.89617 27.47713 7.01702
52.29904 66.60998 68.29626
55.34373 58.20303 76.63828
70.60324 81.82262 8.95027
80.45541 56.16465 76.54466
32.16941 69.44604 85.51651
56.72299 86.01807 75.66258
69.83733 88.89105 98.98979
57.69796 68.40247 67.70205
12.98086 78.62112 80.67605
97.19053 20.20247 82.83085
85.62278 65.04457 68.46536
64.66161 95.43727 90.29778
56.87537 62.56720 76.65634
90.80876 89.99068 40.37359
71.28481 21.61867 71.51703
84.59827 76.84067 75.68853
66.69245 99.82079 95.03315
63.30108 73.72652 92.01505
2.67467 69.53989 72.29644
51.82770 50.91053 63.98641
44.88087 71.01400 75.82070
23.13992 96.13912 83.69656
70.45181 92.28289 20.08829
92.99791 71.14962 68.68867
52.96593 52.80119 60.82430
99.46339 67.31257 72.74820
83.65977 58.45179 82.54841
84.97258 54.22353 96.01160
63.75584 90.01765 51.87046
57.10281 85.72589 93.78192
66.81803 78.31705 72.74503
76.12574 80.86241 80.17779
96.95824 75.21633 69.01949
96.39940 87.86375 98.55167
62.57016 96.57512 96.21044
24.41553 29.76358 22.20621
95.19463 60.76442 64.99655
22.11885 84.60940 83.13666
91.17825 55.41049 71.06384
88.78094 73.17335 72.35610
59.31709 77.55441 57.32112
62.75237 63.17625 51.73460
85.07053 71.29892 89.67686
29.36209 78.21626 73.68914
55.88706 73.08088 97.40346
97.44281 78.95487 4.13114
91.62057 93.50505 52.56701
92.57551 63.37177 84.06248
52.18281 85.44997 85.08350
76.62963 52.24989 83.18954
20.53463 26.91002 38.75987
67.17167 96.64100 92.85736
86.91663 77.66306 62.46361
86.96007 68.25773 80.34312
24.64058 8.18050 31.85565
70.38030 76.59403 56.72819
91.67394 1.46689 76.47818
5.62760 82.69306 69.38153
99.13628 86.53508 99.41175
51.42511 52.14090 65.22159
63.06062 78.37195 92.23619
58.43849 95.45023 81.97647
54.58604 98.22682 85.27807
34.27877 10.22909 45.30098
8.25477 2.34656 35.61946
73.35314 61.71051 95.76060
77.97476 20.41190 85.50318
73.98792 68.52645 82.70035
50.69051 65.87264 93.50238
93.39071 49.04837 77.17356
76.09438 27.05465 67.83603
60.24343 74.80370 86.96125
95.11694 26.00824 82.88494
75.56517 38.54663 88.34676
76.78167 89.76463 78.84378
75.97966 56.87770 87.19270
47.94529 28.17898 44.49663
71.51212 65.27442 82.45320
34.12164 69.12683 67.03519
88.15921 94.08003 33.43203
32.05628 77.55057 73.17658
88.87593 97.47148 58.91502
92.68236 69.91491 77.34864
64.02450 82.80902 52.88116
96.12446 95.66319 88.35548
24.09483 27.86821 29.58009
18.77082 81.46345 98.97271
84.91475 85.62504 21.94526
72.68745 55.08959 50.15068
83.20769 75.76584 78.32481
26.19158 76.40791 72.90524
62.04297 58.13368 66.21454
84.11338 81.50671 81.64198
37.40771 27.39264 33.92492
73.99323 86.62449 61.94996
73.39671 62.98123 81.50954
77.19222 92.01206 61.04265
81.54824 94.00959 70.72595
84.90692 87.48912 41.40898
78.90760 80.49213 95.65146
74.12321 60.49628 94.85091
89.04123 71.61310 89.35700
72.70076 87.86308 64.06441
72.80199 92.07602 63.61637
69.63237 71.04522 64.62397
86.03899 44.57084 81.17854
92.97184 98.22195 58.38366
77.79565 56.87071 55.90095
76.46697 97.48967 83.87560
70.47452 70.87428 82.28858
49.67211 69.86006 76.07885
13.46549 25.09390 40.41984
73.41158 86.75109 75.18761
69.25120 77.84306 63.95233
91.97613 87.38097 74.89043
89.40788 52.12786 65.40402
91.26904 60.97915 57.26062
14.86787 68.32978 90.11266
69.75089 82.19247 79.74382
70.97591 95.83971 19.55910
74.68557 91.20684 77.02655
76.56017 88.81077 65.32101
84.75373 91.04507 56.33540
3.67021 26.26604 25.03631
69.20366 90.74469 61.77897
89.57377 62.01733 88.02572
71.27537 59.62125 80.07474
58.11708 62.29354 97.87408
68.66245 89.30900 93.68767
89.47026 89.29440 88.79313
96.58724 96.63082 52.45878
88.30590 99.16693 89.72122
41.96611 74.69781 86.88334
75.78085 64.21152 64.89574
52.02671 79.69276 66.79119
77.34563 94.97931 63.32231
15.38860 98.18943 77.26679
54.45697 97.70769 54.48314
46.27533 3.94377 20.24614
93.52629 17.50823 94.34817
59.92907 83.29568 87.29933
4.97924 16.89902 17.08130
76.83940 53.57892 84.43343
67.26713 86.47242 20.55812
60.11435 77.32296 63.62057
84.61499 39.80039 94.44122
45.81276 89.55473 89.17400
50.84786 73.39304 62.28298
71.95843 13.52867 71.94393
81.20412 58.09661 90.21276
95.42469 90.03311 77.76402
80.93958 80.04746 96.40543
94.41775 69.32758 64.10000
82.32943 53.49315 81.81376
41.37454 16.77995 30.29055
82.40476 44.41429 84.49778
67.99550 78.67173 91.70389
65.60553 50.02930 54.01546
72.89452 98.24750 28.29446
71.43165 56.81266 82.92407
46.59284 35.33381 9.92780
51.05223 92.78019 88.80674
69.30272 19.68705 76.29213
86.30327 79.14389 64.90564
10.24172 68.81453 88.22887
79.31129 96.21638 82.12685
79.13794 99.54417 80.95198
44.54300 49.04373 5.11735
83.21121 85.64349 81.69312
46.27160 71.37127 81.86408
54.00696 94.48516 59.28907
84.10214 59.74688 75.36721
70.68162 75.33105 90.78318
70.75823 58.51389 75.74965
72.27361 59.27333 63.55365
71.75811 43.64738 94.47399
71.33487 70.16152 44.85700
81.20665 73.48989 67.86035
83.76301 90.41172 78.35407
81.65268 76.23536 98.94842
70.29645 53.23666 64.71151
44.80645 95.63394 72.26044
79.02626 80.20184 22.58109
68.54998 91.53338 38.49263
52.65746 71.76429 52.80417
93.87982 69.75513 7.39658
86.17389 91.08101 67.98792
67.02896 79.60231 60.10234
92.15164 50.70788 89.83488
85.71201 79.07027 54.65039
62.23731 69.13148 70.34155
97.83288 90.96049 89.58042
69.62504 55.72527 83.64689
28.18260 91.57251 68.80572
36.63825 42.61395 11.80823
75.31159 99.98669 76.23442
30.24103 7.59617 34.69989
94.73217 95.22594 48.61853
64.82623 54.20076 56.40288
73.14661 73.94024 85.25593
63.30972 60.74591 64.32364
98.95040 94.93606 78.02462
86.86666 89.15705 59.17163
96.74770 26.66325 88.67326
56.96553 83.01462 57.83209
63.39341 64.07287 67.96059
92.69966 39.07312 81.50706
79.42598 76.77553 89.95804
93.35501 15.11961 92.74722
73.90985 73.67417 12.29971
91.89721 69.97416 46.30327
75.59725 59.91005 68.34685
72.34217 74.86529 55.00753
65.76334 50.88498 52.47149
83.78149 17.72512 98.10574
78.32269 84.67629 69.73037
86.36546 84.60226 54.33077
66.40794 51.97073 77.08405
69.48988 73.70437 38.03860
95.88336 2.72540 78.38425
88.69214 83.81942 93.71347
3.21947 13.06038 18.86225
50.56950 76.31168 51.62103
72.47964 81.51030 57.35723
51.85933 95.71750 74.82551
43.49508 23.40151 33.96498
45.92196 25.60998 4.00545
96.92533 91.34846 52.84441
32.86788 77.63696 78.69395
50.88990 58.81391 70.92126
