100.00000 100.00000 100.00000
34.15615 2.63233 43.68520
33.23084 98.00988 78.41138
14.25725 38.39578 1.01120
73.97113 42.47717 80.63537
2.48865 29.89840 17.17755
97.96891 88.46521 64.91779
15.89211 47.59235 19.28868
71.64616 29.40640 72.16154
30.53836 46.41566 45.17132
90.87928 22.31765 68.74072
24.46950 20.83346 7.73150
24.75250 25.85685 22.93415
83.99114 65.64136 76.01501
19.40955 39.49010 41.29281
31.38479 4.42941 16.24170
71.94177 81.75478 37.46008
45.70812 33.36602 12.62551
86.62590 28.10084 90.43723
5.68600 23.75260 12.83685
24.71760 38.92060 1.86553
39.14959 84.01188 91.95579
84.17907 68.84174 36.21769
13.07237 30.74288 15.25758
59.66371 63.43241 85.80452
75.87589 43.75748 82.88132
38.64994 41.90241 13.79042
78.76723 28.62925 97.19970
87.78393 97.41011 82.74070
16.14132 69.83473 79.28802
5.55773 43.17058 36.76606
44.03443 13.61373 8.36845
26.12939 39.46564 40.91215
71.12597 85.01643 99.94979
49.78729 6.34979 25.85864
14.18998 90.29726 73.42215
2.05090 43.27084 18.42690
78.84210 77.18342 30.53763
16.14627 34.40975 25.98998
4.01994 32.84902 19.49459
47.85733 45.64027 16.48681
73.19785 99.82005 35.69622
23.08129 20.97035 20.14023
29.23630 17.76687 36.42108
78.51064 80.05500 89.70234
37.91185 15.21824 22.23402
90.85724 15.86107 77.27586
19.45528 79.01229 86.37326
13.08723 17.22224 36.94376
92.08945 80.96777 45.91893
91.65300 54.79439 64.53320
17.76634 16.03608 25.09344
6.55588 19.13502 37.90726
45.53871 5.40284 20.70980
44.73619 13.70641 28.43298
60.46854 98.53797 61.75039
80.23978 10.24332 72.97342
32.99468 17.15221 2.94808
28.53454 38.87989 36.10552
16.81713 26.48601 48.51734
82.66241 71.35584 47.46922
65.11824 61.30355 81.86099
46.44516 24.78347 40.10266
18.27631 35.17804 29.30206
41.13054 39.49439 20.63641
48.37515 28.96775 40.11001
88.88995 92.20139 69.25014
40.25522 28.79842 8.38492
31.24661 2.66444 26.05541
99.01972 93.38492 41.52885
5.33138 32.09185 48.13498
1.21172 33.87106 42.95747
2.91758 17.97926 49.38635
79.63277 90.42152 90.67427
75.37792 67.31452 18.12788
67.56433 73.14529 7.20290
39.83532 12.83226 33.03409
2.72002 47.63819 37.14551
48.20665 80.88686 91.69238
14.13881 40.83844 24.38024
42.44101 21.00141 49.09668
6.93795 69.73476 77.64085
47.66529 44.68872 43.92545
23.14855 23.14100 41.65184
6.41122 40.42888 24.05401
27.62270 30.26809 22.83673
31.61978 26.41576 39.64291
43.88489 14.66501 27.43497
29.31149 44.18881 45.19965
27.09190 26.89740 5.63395
35.15100 16.83354 19.46307
22.24448 34.12668 13.22806
43.67442 9.01567 18.08228
95.40204 42.92070 94.36616
47.88943 9.20769 10.51736
46.58269 14.93117 30.98441
34.00217 21.85636 43.97751
9.88983 72.21757 98.09366
38.24518 40.94077 25.96504
1.26913 16.21933 20.64905
25.42457 34.29832 17.30003
10.26130 98.58721 86.23230
38.26130 2.55403 17.87066
17.30598 36.70496 5.09707
44.28426 73.55789 94.00822
36.74087 35.23957 39.20484
80.55125 72.27223 4.52827
68.18671 97.84871 43.83284
48.20955 40.08920 42.31799
30.93666 12.03262 40.68095
26.28677 14.56483 45.91394
14.20598 22.06427 19.39486
46.77426 93.10242 80.62273
8.52581 41.58387 18.31217
41.54885 3.89326 20.26424
20.63783 49.03670 10.53488
9.28689 42.13712 17.91674
22.04852 48.05097 34.99429
49.26553 13.21170 10.53276
12.99767 20.42648 16.58801
87.78702 84.93709 2.30190
92.46715 89.10236 45.89204
50.45669 71.32461 63.88266
38.77531 5.58061 15.89518
24.07837 12.73607 45.24749
70.25639 90.57206 24.96828
15.97953 24.29299 34.21048
66.73827 92.45846 72.00003
93.60174 78.09868 7.52450
49.72323 84.61234 71.98720
7.09540 11.53885 43.18681
89.29571 71.86991 35.00151
75.53317 92.70828 17.21819
49.51406 33.52582 4.09150
74.58085 39.06144 69.31976
91.08892 97.13875 48.64862
70.23207 90.32877 56.77115
34.96861 83.37086 84.52813
1.05694 74.01582 87.18133
99.42755 88.69894 62.88656
7.53191 84.22983 84.11461
24.33930 7.61698 49.83548
35.03956 80.43897 97.30420
69.87974 79.91912 79.82327
3.57473 14.87240 22.36164
3.63514 8.14882 2.51377
16.08494 7.75700 47.19520
82.22691 84.00316 62.80845
8.30049 24.30320 10.47216
2.75647 85.80618 99.82339
38.43541 11.40974 19.42183
96.56698 93.42843 85.60756
8.80898 34.87312 37.11240
14.95682 13.93145 34.90769
36.09997 49.30832 19.54359
68.82836 28.00052 92.32981
14.26471 22.96077 1.72159
39.46531 34.25906 23.25533
2.84785 25.80705 34.99368
10.62392 42.30530 44.55518
87.46363 76.78411 10.00020
88.99749 1.31885 82.57923
48.31699 42.92188 2.29496
92.24249 90.58959 45.42468
57.07832 93.20749 59.67513
24.50064 8.39999 23.62593
41.60739 33.39288 16.16591
98.14119 96.86543 99.47840
33.49125 35.67532 30.69611
22.58404 4.93109 36.27189
74.48458 88.22070 3.73976
38.39696 48.98256 13.42278
26.51232 16.87173 5.13782
40.20513 44.04409 5.85986
46.28192 18.08157 2.37628
33.60224 12.65212 23.16679
13.42852 13.73743 15.78964
81.37233 35.25143 93.49874
38.65170 5.97601 44.46332
24.15275 13.99191 7.73665
74.43595 69.08170 35.55706
79.67031 67.34128 8.47365
69.33891 45.66378 74.76331
74.92159 77.20811 67.04900
19.49979 22.23000 6.59120
46.53603 8.98536 31.36070
71.43688 28.04375 87.25004
42.88762 9.76542 29.54728
57.40674 53.65456 68.04818
6.53637 93.82101 75.81552
15.18603 69.89418 98.16937
7.24537 48.87607 47.88252
11.01994 32.27377 27.32020
2.35326 72.15626 72.65484
41.25187 26.06233 21.27512
39.73961 32.30320 18.64269
79.52823 97.90242 18.53831
79.97252 13.96128 99.92614
94.28129 73.80223 32.25815
24.11672 11.89690 20.48864
13.19543 84.97289 96.62281
6.25408 33.31205 38.74595
90.73219 73.00027 11.01000
59.81966 77.43114 88.75311
39.70355 12.04212 17.97358
14.57684 92.40652 94.57832
89.76793 83.51049 31.87507
98.28947 76.83720 38.74230
76.84660 24.28889 92.60025
97.59713 62.43419 67.76701
32.98870 68.41583 79.77177
36.34325 22.72847 32.37829
77.41674 77.03293 49.59312
46.08812 4.57784 29.89780
88.88183 16.81560 74.01264
99.92087 73.28192 48.25115
28.23216 23.61443 34.81939
47.57046 22.60647 5.33480
29.18427 39.50016 14.62581
10.75218 83.40843 90.80590
47.32970 25.08035 13.53584
11.76200 22.99014 18.32213
85.28484 21.71889 98.54878
77.11719 50.81318 91.80734
30.02821 14.84123 29.95835
40.50801 13.23897 21.57872
94.86522 68.00171 93.94782
49.34642 46.53183 30.05034
45.69074 28.97615 9.09546
7.42855 18.72817 48.91429
7.12195 15.61282 42.11615
50.26580 78.64515 73.76706
91.30424 23.83257 68.61580
29.10307 96.50751 69.82752
29.94380 23.51688 49.15205
5.91586 37.35531 17.87327
15.32082 33.48845 7.54431
37.17932 1.10534 34.02540
9.70905 43.77534 28.89744
34.59349 25.29790 43.97118
8.08279 17.05405 4.96818
34.70952 89.23831 74.80911
30.37588 25.77183 15.23639
25.17255 49.36561 6.63820
14.03304 30.43643 47.77327
8.52855 46.50285 11.62957
17.42100 44.96273 16.67274
18.39212 44.33488 26.20160
98.75827 98.34735 30.74924
39.77683 1.30218 9.15092
16.68406 25.03936 39.66498
90.96413 66.63327 91.96265
2.96115 3.74066 7.39146
30.80680 1.75030 33.65079
29.50948 18.22478 30.23959
10.60348 31.21993 13.52319
3.45248 21.98041 2.93226
34.81658 19.45791 18.51158
39.50771 48.48893 36.77288
20.87306 2.51251 5.20001
40.08589 78.79102 88.59869
71.06533 74.16106 8.84243
22.55332 84.49679 69.80672
39.32021 71.83318 67.12190
20.74207 16.49712 19.98793
87.10559 15.35918 78.10829
38.96667 32.70128 41.05844
11.73502 13.89836 29.65830
45.60873 15.41359 14.16375
39.99961 90.30086 89.80928
43.80288 8.48160 14.72250
6.51589 21.11640 24.52801
30.01161 9.35791 20.75036
24.80402 35.48946 37.83028
37.25168 41.16570 31.62677
17.51192 46.47119 7.99422
25.11330 22.41384 30.82487
41.74902 45.44681 10.19852
92.66659 79.53766 69.73809
76.87042 71.39578 26.14072
7.62691 32.80057 20.50037
42.39792 82.19796 76.61005
23.55906 35.24982 11.19572
30.95914 14.27196 17.77890
14.73892 32.61146 15.79334
94.64757 32.28937 67.27675
68.50898 5.70938 78.18748
97.82203 36.75637 80.84638
71.83277 66.18371 73.23784
3.12051 37.69788 21.38678
15.14593 33.05690 32.97600
7.25055 98.69739 82.42300
96.13332 13.82280 76.21427
26.05863 9.18399 12.93066
71.65799 92.06523 48.59927
33.85309 43.05137 24.20178
19.82089 88.08964 93.41252
29.78207 8.03261 36.77028
90.27996 88.44125 21.75458
27.66681 34.58425 33.92317
2.46128 10.03172 32.57982
31.48997 49.63400 8.42420
94.98265 88.05590 12.13398
5.61767 41.63823 21.88633
15.77470 23.78335 23.40336
13.31984 14.13449 23.99326
69.57965 32.43203 93.22384
11.67187 44.50638 1.83882
10.66169 4.12818 7.69277
99.65635 71.96727 67.41983
7.17265 94.96205 90.36011
48.58087 31.51419 43.05727
3.04138 39.64690 36.00896
49.03413 1.13004 25.67705
86.10344 16.14815 83.05385
24.68570 13.66522 26.83357
16.08190 8.39813 9.72232
85.71875 79.14712 66.52004
87.02849 3.98475 83.13514
74.89197 95.30370 85.99620
41.77798 71.19631 98.86290
25.72865 86.72345 73.62185
66.81848 79.21806 49.95863
46.40278 43.23255 7.38730
35.95563 36.35195 4.86678
59.44233 84.59649 57.17235
4.26654 34.98717 18.22995
1.52094 9.10637 31.04274
23.52703 6.49023 9.72010
94.02762 41.28795 68.49675
21.27996 46.11795 42.63801
22.62210 45.64386 15.39010
75.46173 71.61812 26.50950
23.83430 19.93148 28.09781
96.83990 11.69203 67.33184
42.19604 1.66486 15.17393
67.50480 63.24926 99.83615
32.04033 87.93546 94.81096
28.89950 41.74817 29.06221
1.27556 20.44549 39.80332
34.79012 4.18506 23.95599
74.65697 68.88921 97.83531
27.76795 16.87356 12.91403
90.10151 19.77547 82.53517
78.24075 99.06347 50.16151
10.10945 29.17421 47.14471
19.35688 9.28410 27.05421
6.13249 45.52504 44.77141
83.11775 46.06578 99.00593
42.06355 66.98828 94.99339
12.99094 5.48764 3.76789
56.52541 79.01040 67.94119
73.72777 21.40402 79.10572
46.32068 88.19975 98.09306
38.13217 32.21726 41.59829
22.19959 37.67685 3.96511
38.96929 43.90033 12.94642
22.21537 41.53181 8.08530
73.34837 13.73503 76.53189
4.81369 14.97916 29.63939
77.44107 85.77763 1.65133
48.10982 18.57993 15.94816
90.44680 79.28801 5.88433
68.55968 28.81258 69.74213
96.22017 69.49074 61.70053
10.03597 18.02903 9.70354
45.10269 3.42250 5.58707
82.92870 81.28139 82.22787
40.60525 46.18894 18.28589
48.40267 41.01109 46.08707
39.51228 25.07736 3.95922
44.75062 47.48748 37.09641
30.69285 48.88916 30.51052
97.44385 13.15011 85.94832
49.25343 44.38840 49.47589
29.54311 5.82834 43.97396
5.45216 34.40169 45.05395
67.00907 71.46803 85.76075
6.56174 27.56864 24.99566
84.40372 33.50829 89.92684
9.43638 7.29395 40.39336
18.01696 15.58729 29.10653
19.44687 7.96637 1.02440
78.43461 61.91260 83.39452
78.52854 71.87018 87.39356
7.76604 18.59910 29.30275
20.67908 41.58839 20.93900
6.51104 29.07442 23.35486
87.75793 53.08990 69.28677
4.83999 90.14194 74.77709
43.35151 31.67344 49.67445
97.03351 95.22916 77.87182
80.57486 37.56241 78.15075
37.58010 8.39183 22.04267
37.14552 22.48000 39.08276
26.94403 42.85416 41.43331
46.66895 13.49028 45.58281
18.06717 44.39472 29.03888
39.25626 23.75447 11.54251
1.51926 35.39933 25.33483
14.45544 2.96280 10.70983
79.28002 10.46460 69.53067
22.80643 27.57519 47.76131
47.42777 20.74737 10.41218
9.65117 17.45309 35.57151
95.89145 78.42094 56.35819
31.30846 5.79251 9.91858
76.06985 40.95192 67.22263
59.35897 94.93245 63.89154
27.39389 36.99308 15.19073
36.57217 11.52713 18.66543
7.64822 14.33548 8.53119
14.36889 11.86098 47.22554
71.09144 32.16949 75.37145
81.28854 96.20265 5.98058
13.46873 38.72962 15.35358
1.41347 81.13051 84.21989
30.67062 27.22603 32.90783
23.87675 1.32038 21.05209
81.64180 69.01318 22.22288
48.12752 39.06188 25.46712
1.12374 16.02650 40.66443
98.70252 11.50715 75.09728
48.67970 47.28062 2.74982
39.74247 12.21836 15.48066
97.65838 84.36178 38.67847
29.84351 40.98748 16.66423
82.90729 93.02794 39.73060
33.02815 24.50245 26.14276
98.42694 82.89746 34.69129
23.47304 35.79614 11.78593
2.38523 31.68431 45.18844
43.43529 95.89024 88.77008
42.68067 41.66169 28.41470
7.49047 30.26377 15.30289
47.65749 31.68692 28.43586
1.97012 19.66123 14.86787
3.82807 23.29916 14.15184
30.78864 16.13330 33.08131
14.76693 41.20773 7.61915
26.74538 89.61344 93.46777
57.81611 87.06706 85.29259
45.82057 5.98827 48.46570
34.63767 34.21777 9.95543
88.07840 85.88015 26.72226
6.14973 87.86560 72.94545
96.90608 73.53996 27.91598
90.29887 25.21275 87.93127
17.44215 40.80527 35.63114
14.35276 10.52635 46.83444
95.67610 82.17223 21.13077
84.09449 77.73883 19.02236
18.01510 20.88587 3.77185
23.02546 10.63999 16.29892
25.58711 8.26117 28.03392
3.24221 42.31410 11.10308
30.51830 81.06891 69.57041
17.71615 17.39683 45.51491
90.87992 20.04801 67.70735
2.35564 74.53838 73.57403
79.25563 27.53060 69.50350
8.12314 34.85732 25.96406
5.66815 11.37456 37.15062
6.46519 19.48303 31.87308
12.70460 96.38401 76.30095
4.50205 4.32339 24.03439
19.40625 32.16265 16.61898
28.97936 3.40915 3.11704
36.66639 43.75874 41.28742
89.52659 71.67638 93.24438
38.75773 2.30659 33.93976
76.74683 49.64184 68.99141
5.27677 31.91055 2.07176
33.84388 3.77315 40.41592
24.69979 23.30998 26.81748
69.18690 82.09630 77.66389
1.88288 84.48371 97.07939
88.30381 99.18659 78.01133
34.76413 35.89651 14.49230
67.02234 95.19710 1.93016
82.60618 74.30281 77.55119
47.62108 97.19558 81.72229
9.53678 42.49025 24.66173
26.24004 29.15631 5.01167
22.85004 9.69144 34.27621
79.77475 72.28163 41.94732
27.17729 14.74462 7.98828
27.39332 41.23881 42.15517
49.28645 33.38075 23.71358
13.81753 23.30354 22.26422
46.10739 24.71929 44.05587
58.88029 63.19105 62.97104
19.37318 28.70551 4.20925
25.06251 27.51872 19.58334
72.75274 11.64378 80.86841
80.04066 96.92933 23.87503
25.80960 27.97220 48.08835
22.15886 91.71350 90.50342
32.08827 74.50588 86.64014
36.97973 47.94647 25.08395
71.95637 58.79852 71.73909
33.59889 45.95314 48.47544
3.81885 45.77335 28.65903
60.60289 85.93028 91.32744
1.48555 49.55191 9.33819
29.66017 26.70913 26.47563
25.96962 9.34311 36.42160
38.19727 37.80705 15.05607
69.80150 48.65406 80.31789
4.89378 43.72305 40.22535
46.93375 29.15664 17.30773
95.89054 79.98696 2.02002
76.81997 39.22770 88.76004
87.61392 97.40517 80.57711
6.27002 33.29507 18.27637
2.79295 33.35283 1.08491
3.08131 19.55554 27.04873
1.67118 29.56298 7.58109
48.04642 22.33043 46.33707
1.05866 37.65856 31.60971
25.79868 75.62453 89.08865
36.26287 42.71568 22.36744
61.32843 80.66457 94.46671
17.25819 89.47037 68.55665
32.13789 78.55710 92.79202
13.96934 89.36744 84.50951
66.88973 81.41313 27.45309
99.44530 79.21969 6.06614
9.09989 5.66770 11.09285
36.60782 7.33934 28.02311
33.38337 25.73840 39.09473
99.08350 71.19894 4.90447
96.60517 98.89777 94.02080
24.19820 27.53403 34.42361
35.01791 32.75179 9.38708
27.19087 35.30151 14.31849
71.82749 98.50086 79.32758
27.03825 85.53277 89.57034
47.08614 44.76690 41.88819
13.57568 20.38104 21.29816
13.47750 24.07986 41.71302
66.88606 38.21368 91.84780
66.41247 94.64458 79.30518
38.07459 17.47384 35.49335
3.25959 46.33174 15.56990
32.70082 69.04184 82.55116
7.36046 6.24492 1.52941
28.36755 90.79559 76.65720
37.51502 84.94757 97.16322
49.49873 75.29335 84.18886
15.17737 36.54320 2.54521
18.98000 39.54595 33.51312
3.45708 28.95481 21.19802
78.78595 36.19976 75.35974
5.55770 26.97053 26.29639
59.53004 81.91457 56.20823
20.97680 44.59113 15.66591
99.93894 70.49815 7.18244
2.84915 34.72755 41.72598
20.95918 2.63036 47.44616
88.75887 68.18968 61.64940
49.75249 25.00601 32.47553
12.94090 49.09264 24.13690
44.73194 8.34033 36.88625
77.51907 77.26527 47.53001
70.37388 87.15359 33.09977
26.09443 8.53955 41.45831
25.98311 11.96473 22.39782
79.82796 72.83607 3.16047
16.80487 15.79071 25.88926
79.41087 73.18105 27.73873
82.51703 60.05042 90.72314
27.26923 29.43478 16.41122
7.88864 19.43033 24.96006
34.08309 45.30599 41.71024
39.74702 21.01099 45.44506
15.95528 10.28060 19.43514
40.58735 21.82872 20.00657
9.87159 82.47718 75.81184
4.09491 48.39889 31.98955
45.71409 27.34588 12.88271
74.40976 92.47662 33.48706
31.05596 36.08638 42.43744
41.34865 18.55855 17.32463
22.75411 7.24006 48.46582
93.72545 97.57499 11.19630
32.37443 46.54852 11.46211
33.84724 82.39239 83.17969
7.65059 27.65159 29.36971
91.76374 10.33204 80.52676
12.25948 18.70739 33.00372
99.26654 96.21052 78.60678
67.50280 6.73581 97.76857
26.71170 12.13669 41.28865
49.19091 18.08373 21.54794
26.43765 17.34452 21.35127
67.75266 68.76671 84.58325
78.74036 31.72285 88.27634
18.72701 70.86312 87.84184
88.96993 30.93884 81.24229
37.58771 68.03261 67.73187
23.06375 4.33186 17.25333
42.57927 48.94903 6.82923
48.18626 17.81954 2.14082
8.73556 26.34687 17.37513
74.46919 10.48280 68.40027
93.22054 19.24077 86.80135
76.27958 67.73224 63.83513
37.16075 22.42337 16.31565
74.54875 38.83158 77.33741
91.24375 28.55962 66.71594
41.05504 29.61016 44.71250
38.73077 14.72826 42.35636
1.04175 13.45073 39.84802
80.55410 81.57276 9.96454
8.52112 78.79095 93.62427
32.34360 8.73820 40.01102
40.44708 20.96354 31.41097
38.84339 19.71500 33.39478
32.65361 38.22876 37.23645
10.99986 48.90975 2.15433
66.83301 92.49073 22.19964
49.72896 95.62647 99.51863
17.09902 34.25788 23.98634
77.56943 78.46467 28.57359
43.87273 19.43820 1.39199
11.93934 78.31694 93.64464
42.36557 47.89006 33.44162
91.56296 21.03536 97.27237
72.98481 51.61035 78.28251
28.14519 6.58780 36.07792
14.31997 12.50113 29.53172
41.82284 24.24504 21.12297
29.70322 14.76632 25.68817
78.68301 29.47514 75.34090
28.64824 9.22477 23.56171
90.67298 79.10891 55.66707
40.98129 38.26181 29.54589
11.06094 14.75403 42.90529
7.53170 47.67612 2.69064
3.43446 39.11943 42.54960
67.10774 85.70156 6.30681
25.64522 91.83526 93.71641
14.86554 12.45366 24.15164
7.11458 43.05253 13.36389
42.08148 29.01807 46.16318
2.57450 37.52472 41.14363
40.83339 33.51168 41.93542
1.00920 29.74614 48.63115
68.54716 6.07930 94.08660
98.88047 69.36257 20.27127
82.69004 89.98811 40.21271
41.21769 12.37631 4.94241
45.16692 13.17233 39.34514
28.90646 25.67034 49.45866
2.98895 28.02239 29.58727
43.31248 4.23527 25.83454
21.98533 9.40391 38.00674
14.89410 37.84926 2.30766
36.47417 33.12738 44.48500
68.02998 73.20110 52.48953
20.65968 23.87381 6.11449
98.06955 77.46001 15.46623
33.38224 27.18816 25.78742
11.98841 35.92201 32.87500
75.06845 90.65317 52.11258
7.59040 35.59207 3.89937
5.77774 1.92467 42.53581
19.61655 28.31832 36.66715
5.08010 37.73621 16.04919
20.72700 49.47474 41.46482
41.98711 30.25048 39.94604
12.81548 34.80305 46.07402
98.41359 15.24087 92.56640
71.76242 68.57691 40.42111
17.45053 11.69042 42.78711
76.86269 2.11465 81.81455
35.76510 77.29186 97.85612
37.36366 3.26842 17.32822
17.57756 14.60397 16.37237
14.40321 12.28621 12.20261
80.79775 81.30869 47.37802
27.97422 47.77943 48.26064
17.71013 39.51274 25.69272
83.45028 70.18026 16.98212
40.14256 91.18440 81.45931
88.89227 42.01282 92.02197
20.02720 90.58802 77.43441
20.90684 22.46725 28.30230
91.81368 85.76216 36.00097
17.41363 8.43900 9.91698
80.23787 41.37786 80.10785
35.15400 81.34511 80.21946
9.78801 18.81338 11.52172
90.26213 46.92537 93.24546
29.25219 10.40443 3.82568
46.41507 6.04678 17.49959
2.48796 80.81020 78.67147
86.13874 45.93216 73.22838
62.84873 73.95713 83.31355
72.08080 94.20744 11.13905
45.43191 34.20391 37.16075
19.72051 36.98029 3.15323
44.63066 28.56498 12.27450
3.86165 36.82996 22.62548
2.22384 31.66469 17.21397
43.20077 22.57549 11.90242
73.18186 89.30557 7.26139
68.01373 81.57298 38.25145
43.02116 41.39500 19.49376
85.40250 67.95160 64.60858
41.95674 6.08587 6.66024
78.53624 9.18099 87.02854
62.19113 94.47999 57.32386
18.55413 23.17911 18.67402
42.21142 28.66579 4.64373
12.20907 29.68246 24.41045
74.38115 78.04380 14.33512
29.39399 83.63489 94.03073
32.51790 2.27237 5.87968
12.78106 29.17587 36.41760
26.94200 34.11464 39.50509
86.99776 72.98305 48.72410
26.18311 46.46888 32.80613
6.61948 27.23209 11.37892
5.34871 36.28108 49.06700
36.67403 43.51076 14.80985
12.41951 9.35757 1.18037
64.06695 66.72763 99.75187
60.19419 57.89772 72.86392
2.67118 42.22752 37.75077
39.72799 32.46233 15.04417
2.73888 24.85882 32.21739
40.02929 13.07546 31.07528
84.20312 46.70568 89.25582
31.59247 13.79920 2.94667
34.13204 93.00455 73.65895
32.76210 22.85406 7.72561
39.96452 21.60723 45.49231
34.22688 71.25300 93.95264
27.82543 40.62503 26.20276
19.69182 1.47192 46.98501
18.85490 36.53165 35.30592
10.08601 80.22081 87.93457
27.61797 23.76552 18.15279
75.80797 72.37735 47.22785
21.70938 46.90682 49.66097
22.77301 76.50744 85.54403
5.12337 4.37870 33.20110
74.18040 97.75419 50.15663
2.85385 37.32022 26.67499
1.61493 38.80529 41.78892
43.90019 20.67790 24.56044
74.29123 28.15632 94.74200
76.99735 41.13388 69.26932
2.97303 32.35806 17.18016
16.41284 45.04098 37.15167
1.65461 7.17023 49.58563
44.56584 74.69714 69.31183
30.74654 31.78234 24.86806
44.03882 16.07140 28.34435
28.26782 4.24687 24.37618
90.54260 88.16217 55.22498
14.49498 5.87140 21.39573
89.28225 4.81863 83.63860
40.63446 23.79234 29.79724
9.06378 5.50686 25.44833
17.26826 15.78310 6.69533
69.64696 88.37242 43.72274
47.54641 41.67335 12.56982
36.08272 19.43135 4.63766
88.92710 40.33715 80.69937
78.31373 46.72356 82.81401
78.43263 46.31820 86.23850
22.63633 49.89606 24.87823
30.73901 35.43120 42.19200
15.23517 18.09007 38.86556
49.53993 27.03509 35.54569
6.08828 8.75669 44.29509
96.43038 42.23793 73.34941
17.67628 17.55323 25.75762
3.55780 4.02868 33.17288
5.88655 41.12629 44.55207
46.46828 83.42677 70.24953
27.31417 17.12803 28.22714
25.69640 31.42780 21.73749
78.92333 98.50194 25.07403
72.52480 11.25024 79.37263
36.08099 19.15528 11.20315
26.43648 12.31036 35.56741
7.09229 49.60255 19.71966
21.25849 28.56562 29.23629
79.59201 44.09974 82.94548
2.02694 72.19393 67.94381
9.43775 36.44944 36.80603
23.73156 5.47377 17.32685
34.21035 12.46027 23.91093
46.77211 17.83816 40.45650
73.65859 83.13277 2.40911
38.87103 47.50945 5.85034
91.18517 88.30926 51.92850
40.39481 87.35273 87.99715
16.87260 21.76684 13.27925
95.48721 73.78557 77.84940
18.89611 85.98436 78.84607
48.61565 4.57189 49.82307
31.27850 78.29167 79.24176
85.45636 73.36359 13.97062
15.13999 17.15878 15.01995
78.46959 74.80772 9.53271
47.50075 3.22314 28.01235
92.99750 90.35459 50.06123
76.20783 70.58391 31.48031
27.01528 42.96197 31.13721
45.63515 5.01480 32.78763
10.50298 13.88001 45.75671
49.42817 5.13617 7.71667
29.31069 13.52811 34.87952
49.17669 92.40049 98.71520
21.66837 44.94459 1.04736
31.82836 72.46225 71.61547
37.46243 42.10170 6.26907
68.05012 16.79275 94.85788
70.17899 70.75670 48.65216
46.78795 30.08295 42.01098
43.46461 25.81573 49.94940
3.50216 45.58428 27.75700
26.64681 7.99448 13.01925
7.74582 21.66676 48.14008
38.93938 41.68419 47.47610
27.22637 33.99087 28.91546
37.48112 2.46025 26.35460
9.61543 17.13525 2.25900
7.15490 76.44991 68.79006
28.73407 2.17890 7.54651
42.90387 29.30512 48.11431
23.19190 1.97440 11.51412
84.83549 54.37425 60.56305
31.44818 30.58235 16.46973
42.14399 5.92862 7.69215
26.61201 66.82995 98.54216
3.52901 30.08932 48.38470
67.92961 45.60832 70.24106
13.98328 11.01841 6.54377
1.59076 8.61212 42.46606
39.73639 25.50805 9.51421
9.61958 36.80686 34.91934
95.29809 80.99019 3.28012
47.17709 47.52489 34.98161
85.12088 16.26820 73.77619
57.40694 84.48432 54.47706
37.41356 8.61835 19.94596
21.06935 16.40115 31.35272
95.81035 99.19639 74.82111
27.20440 32.69248 23.11927
34.04658 35.00133 22.27311
28.60704 66.69560 73.77424
22.98406 6.26267 40.22717
15.83702 8.65721 20.71254
3.20314 10.39862 44.12877
49.12669 15.57634 19.51078
95.51315 57.03311 99.25421
14.14436 36.07495 45.41447
94.54577 49.77267 99.66202
39.69198 14.76888 42.39063
30.70816 37.72636 41.71985
37.55794 83.57870 77.19154
8.03364 22.65691 42.09861
98.66338 79.76120 35.45321
8.35905 6.41174 21.18016
7.18961 6.29457 16.17048
20.96028 5.69502 13.93071
3.84554 35.77151 5.15228
15.31386 13.64673 29.12429
79.84981 50.87543 53.10970
78.40940 39.12020 72.18080
10.98561 13.84866 15.90530
42.85456 9.14913 20.22789
40.77639 1.17445 13.56828
75.17635 73.63023 42.29011
96.28049 45.89542 85.54229
79.79933 75.97687 54.51853
7.01062 45.25748 30.65302
21.11749 88.42929 68.41371
29.54824 1.57585 7.56088
47.85066 27.38282 35.10336
79.87677 95.54778 57.53599
48.52566 6.86915 39.93918
45.47129 9.23142 16.45598
18.55396 43.81152 31.28998
57.04704 53.45680 94.12879
32.97830 35.54655 15.32075
40.14849 89.41660 89.07759
46.03903 4.95310 9.15105
42.16999 4.61069 47.95505
33.45155 22.47647 40.00672
91.96018 99.00407 97.75290
37.05216 4.21403 2.88704
6.48555 97.91383 71.17541
72.92838 20.66778 80.29576
60.78076 92.16950 62.26356
17.67659 3.52497 25.25601
49.12990 17.45977 7.05856
2.32449 1.67696 19.31367
22.49452 10.04116 16.95661
86.27689 85.93840 61.52682
18.43312 31.14684 2.39955
40.10898 11.52456 26.36468
10.08351 9.99528 12.75734
25.97071 2.44507 13.32002
77.15357 16.02013 94.79492
73.66683 20.21967 72.18670
49.55783 6.87380 6.19885
1.80459 89.60260 92.30808
10.59079 76.76200 83.93297
86.63568 99.50436 94.53938
23.81238 3.60652 38.29860
76.01718 78.76129 28.72063
16.55136 12.12834 5.04741
92.61163 15.43440 72.95100
40.75954 92.42702 99.72116
3.97017 44.36048 39.00676
32.50164 81.43495 91.88910
34.98064 70.90471 84.05288
70.26297 98.86653 36.48353
75.46941 20.52424 70.94499
55.35527 79.56584 57.23986
75.04491 86.74798 43.65444
21.56193 43.37848 37.98121
84.94460 87.25988 13.52104
66.85443 88.10622 72.15702
6.15380 40.57411 48.36096
78.23121 33.29249 88.73813
23.53759 3.62790 30.15552
32.35647 21.42929 34.64448
30.37955 28.12642 3.72817
91.15799 68.79474 4.03709
16.45700 31.25344 35.30966
34.68455 17.92668 14.76161
15.28364 27.38288 36.49544
44.04088 7.62078 9.87296
43.48658 28.52590 10.47325
47.06345 68.30292 70.79057
25.04591 95.87823 95.02017
19.50929 35.96853 34.70558
22.88101 9.95141 47.25855
2.13643 27.16120 38.49957
96.47267 18.28553 97.14588
85.73407 16.64095 66.75569
38.00615 97.17116 99.47518
40.08169 5.04967 2.47098
3.64511 21.37876 40.20213
19.52156 33.74725 49.82153
34.74735 43.62085 27.07467
47.01217 35.17110 29.57467
14.30135 47.75040 40.81299
41.06788 14.33982 23.50398
28.59222 11.47525 46.48160
69.51718 72.11316 31.90145
76.12818 24.12131 88.38425
43.18415 76.19779 98.18294
17.08070 96.52607 80.31873
92.94065 72.44123 30.83997
97.81108 78.52494 49.37684
45.45936 6.08619 46.57978
7.52805 3.05384 12.03073
18.47197 70.78386 85.86303
20.98379 29.14502 42.52877
17.38548 46.66899 21.63825
39.05545 38.76136 26.34174
47.77840 20.61919 37.43031
14.52023 16.72344 42.92502
21.95835 31.51398 47.32256
13.83493 44.12027 43.77869
77.03109 97.10529 2.06576
87.34028 45.46929 83.01860
31.14143 24.30796 43.93228
24.04230 6.31365 35.13586
44.64959 23.33859 47.58911
19.94521 30.33593 19.93217
1.36669 14.74876 21.42585
46.20560 47.44851 20.21461
25.04880 45.76993 8.73890
21.93836 43.55077 11.64425
3.58515 4.00873 11.14200
37.14241 38.88771 33.92717
26.88103 11.46275 30.11706
18.39258 42.07197 28.33062
26.92685 27.24510 36.38771
21.15229 26.68477 43.22229
36.56919 5.76685 18.19375
26.85014 38.75327 29.73820
16.81935 4.65093 15.73260
8.39983 13.55216 3.30148
17.88152 14.66247 21.43648
28.87172 49.53692 11.47054
69.67640 96.28908 37.55192
34.84699 78.64925 91.74534
76.26053 78.38314 34.00608
20.36817 8.59172 20.18157
70.96030 81.11382 68.20701
11.55111 21.69053 4.97878
21.73028 34.45661 4.18989
48.41686 21.63914 35.11540
91.50878 92.05395 23.11422
3.99607 33.28200 31.03871
6.02967 28.88101 20.73402
34.12277 67.14464 89.23758
8.75225 28.53661 30.31163
1.78624 16.29818 19.90999
3.51303 42.76541 8.85138
67.88521 89.37256 48.11499
90.03208 37.85049 82.43116
78.37079 40.65901 68.09220
76.83720 80.65651 56.09387
40.88509 8.35300 48.61720
10.91058 42.91736 21.94799
94.08640 38.56079 68.94035
45.43242 81.32908 81.21374
39.33265 25.16683 29.44904
47.42687 37.86709 38.76937
23.81727 99.82429 99.61510
46.55843 48.26919 12.20631
60.80666 64.74864 86.61226
69.87293 8.85103 88.82785
90.47854 45.78874 89.78433
30.71459 6.64501 16.41337
46.60546 29.80324 39.17913
49.49568 34.62859 8.41087
47.10444 76.50217 75.79350
38.03873 47.26276 12.39454
58.47851 75.64884 60.76619
30.27158 2.58377 4.07219
25.40846 21.50022 36.97669
72.45670 74.15978 3.11270
14.01893 18.06981 48.44692
87.53483 70.61290 39.40884
5.18900 17.18236 20.66660
6.81156 21.64981 25.63976
95.25448 96.52503 6.51268
21.69158 33.06753 9.89847
35.80146 9.68473 25.21434
88.53697 46.44022 77.30680
83.56204 78.32879 54.67633
32.78839 20.87216 14.19650
93.94712 33.26946 79.23563
21.69084 93.06319 72.70240
6.78355 35.01963 10.66731
38.91418 13.91495 28.83346
5.48215 21.81429 32.23884
44.54558 3.33218 42.36389
92.43344 66.17624 64.11269
14.76125 74.46270 89.85440
97.19307 13.25659 96.14981
42.99463 5.43402 22.06088
43.45726 18.97726 17.69147
23.37369 14.74273 9.66287
71.67250 24.17140 87.31255
17.64130 16.88432 28.22258
76.07878 69.47361 36.41787
14.99028 5.13780 29.11430
17.93771 45.02592 40.67133
5.17229 45.97825 23.38405
40.59531 46.92713 17.41940
13.72054 28.55004 13.71576
40.48223 7.36146 49.20088
25.65071 48.83916 1.89149
46.96832 23.07546 43.16536
85.23367 71.37218 62.16928
79.40917 6.04383 87.55388
88.69615 82.51805 70.87417
80.06664 85.16786 55.36570
66.57600 54.96521 77.04851
44.64559 25.14523 25.27917
13.06961 79.23963 87.41265
72.68741 88.96842 31.54974
45.81353 28.32638 39.39066
7.19937 24.94476 49.10797
25.86577 4.77792 41.96885
68.28986 87.91877 4.17437
8.24049 47.41999 18.84944
97.30879 6.05884 67.98481
21.21916 9.53067 10.19514
45.33144 4.31511 25.05357
49.35288 6.00100 49.43492
9.97494 29.44753 12.35212
34.30686 9.68231 40.23325
46.96169 8.99906 36.45532
11.41261 46.85473 33.44517
2.65501 19.49745 21.73863
44.54348 7.19684 17.38385
42.12301 13.96164 19.91272
25.72545 6.11244 41.41134
42.20711 2.51084 48.06849
66.69759 62.12879 80.14670
44.62071 16.30828 46.87474
34.79326 25.99870 49.89885
34.02933 7.12422 41.12960
22.12779 20.53646 32.52011
81.14744 79.72221 10.63396
48.57349 77.30106 91.64995
28.19411 16.76694 20.57732
1.92792 34.73467 45.78920
24.34000 32.40604 25.56187
30.86642 69.77161 88.33852
79.90953 69.53779 27.50179
54.85564 93.28190 79.73280
83.70187 81.26893 1.17460
10.42441 16.58577 42.54354
82.50634 77.43405 64.96991
9.08419 23.67626 7.83799
27.66770 19.08892 42.83428
25.13756 86.46468 71.55999
79.31013 92.37680 15.07883
43.86668 18.61110 34.85891
17.52157 27.03460 30.86459
43.94520 19.43663 7.40538
42.81964 13.86499 3.31875
19.10147 24.17242 22.19298
32.78433 43.72720 2.33865
84.46661 81.81556 53.63012
20.02770 16.76595 32.03916
7.62897 21.29076 44.03662
34.01686 12.43118 1.10141
2.09543 34.03336 19.94034
36.94434 23.37729 10.01237
37.60581 96.82869 85.38903
73.29599 5.92637 87.55049
96.58564 43.69542 67.40713
68.43189 99.75455 44.03912
45.02879 25.65140 49.48914
87.63534 19.64261 90.91090
14.67241 10.00939 30.60181
4.71528 6.07716 1.26053
39.00558 25.91679 14.16388
6.66930 20.47156 21.85164
28.30037 17.88445 41.42644
9.25930 14.54777 47.77216
44.42042 4.17387 26.98842
87.76050 1.55048 97.59032
18.12561 5.34433 21.76346
61.30974 55.59122 91.29635
5.40546 83.97041 96.57002
23.05947 6.81494 36.05028
17.86344 4.66916 30.97618
59.21144 89.92096 62.15082
10.84737 6.64026 31.23456
44.57066 14.73320 30.41524
40.74985 38.23552 31.13261
66.68316 7.89475 78.97506
35.79951 37.02642 41.52812
70.73925 14.58908 80.64513
95.99446 31.96466 99.40502
31.12705 7.51261 22.86144
31.88088 8.13664 12.59835
73.16516 98.84574 59.93141
5.37908 82.56499 86.36408
97.64608 69.10928 22.24961
14.44980 24.29113 27.62040
40.11314 41.92208 44.86253
78.77336 33.99611 71.93133
16.91702 41.76112 28.53595
19.48461 8.92954 49.87875
99.26768 4.10103 69.76147
44.51863 3.93719 26.22189
10.60507 34.57256 30.75675
69.85547 83.60878 93.74597
30.13742 1.56160 1.29196
49.81505 40.72632 17.89693
98.67514 81.60198 73.63883
47.71318 31.26908 31.15674
49.04614 13.85219 25.77057
36.57460 11.24537 12.58704
85.73125 74.76237 84.25621
47.16748 6.19971 33.08478
19.90197 21.09505 33.21028
28.03723 4.13093 34.03338
16.36139 18.84263 10.25349
83.98223 95.92392 9.48951
43.36921 19.84356 45.06018
22.07847 45.64451 4.25160
48.08712 42.55564 11.47894
49.86559 3.46814 43.86441
38.17442 9.01586 18.35892
81.16958 58.69146 52.11051
22.75192 13.74772 18.37097
18.84775 27.54116 30.81747
83.18884 84.24111 28.26862
39.88325 15.22804 29.11915
12.96566 41.42534 32.42724
21.55672 34.66585 23.22878
58.44924 53.49385 83.95265
8.44082 32.50474 44.20346
33.80587 20.82979 29.31172
43.47887 9.09382 34.52699
66.95904 38.10206 94.58286
33.87053 21.34201 9.45740
38.14789 83.08085 66.68351
44.56366 17.86546 7.44718
45.65778 38.91457 19.40558
46.02774 84.98729 98.57555
13.66269 18.28128 46.83888
37.69827 11.17941 3.93271
81.93352 20.78222 96.74508
46.51165 12.99934 3.76525
13.45461 30.40960 19.77273
12.85276 3.86362 45.23716
2.00118 27.54360 47.96324
77.42047 47.15394 75.09230
96.26099 95.41252 88.58030
39.99579 49.33179 9.63437
6.16643 68.98149 86.55853
43.81078 85.80993 99.57038
77.21840 69.35915 32.74395
78.51152 86.00439 73.04378
3.26634 31.98722 2.49441
36.50574 30.88959 14.40924
24.68361 1.73967 22.32524
85.51042 68.32523 13.45551
86.62809 8.52685 87.30797
98.35128 50.46934 97.01189
1.43101 27.86845 43.61929
11.26720 37.22696 7.80888
79.09669 84.55364 44.44415
90.62568 84.11605 34.19249
25.87108 98.91024 95.77038
15.88218 47.72716 21.98315
19.25794 20.96684 23.77169
43.30799 12.89173 36.36282
25.64783 6.49958 3.54580
83.15579 10.47038 93.08304
93.99020 29.94909 70.79675
60.55291 98.74195 95.08633
46.42386 24.20861 42.77861
97.97318 9.90421 98.56203
4.84504 11.07929 18.37550
32.84178 35.51430 11.03266
18.63339 11.01998 25.78614
32.76617 22.56868 48.28899
26.87268 23.64712 11.59353
31.44334 4.94612 1.35848
25.38749 17.61464 30.98692
48.30016 18.30413 43.42216
67.67907 72.30529 31.97633
13.80118 15.10383 8.21761
25.43887 6.98349 37.27677
54.86732 82.85644 82.07865
98.21885 74.27484 38.72592
22.01430 86.76515 92.21290
97.10813 92.60258 47.37559
60.70549 87.30929 58.70159
10.30151 80.64769 92.78087
96.38792 77.13620 37.17505
41.82949 2.89164 14.61372
73.56303 69.87717 11.45976
65.67550 95.24201 75.19748
85.99674 84.16409 23.99429
32.90049 27.07478 41.18542
44.56859 20.70105 10.82222
48.98358 31.04391 5.72953
10.05427 24.38289 22.61548
67.62567 77.75419 90.25323
15.49993 77.95936 87.87977
33.53062 18.85841 6.86541
40.93659 46.86275 23.36600
28.75272 20.51391 32.72201
32.37062 22.90891 39.69695
38.56446 96.14299 76.52025
20.59927 39.19859 20.97079
33.47364 30.65651 46.76993
35.61979 13.20600 7.10480
62.42373 69.63739 57.04662
86.10445 33.29556 89.09102
34.46468 27.38346 29.43335
48.81426 32.59018 20.90237
83.81666 81.04136 24.47267
19.73055 42.60096 18.51031
13.62473 44.22555 27.46536
81.79549 39.39657 93.60133
30.35541 36.31036 13.34513
32.26926 46.98227 12.93166
36.41696 99.66767 98.88067
32.97944 38.44986 40.88445
31.64173 11.99494 43.11263
88.22170 94.35683 56.18824
40.64634 24.49737 34.77941
76.18942 76.60579 49.84701
93.35988 19.84396 96.30709
32.75936 6.67700 46.93048
22.49411 14.25463 12.57442
1.62931 37.58091 8.67601
61.66584 81.25464 67.15274
50.79008 71.24653 59.47395
74.78722 54.25831 71.50287
1.59818 3.05103 6.18366
7.41394 3.62263 29.99449
90.15994 47.97906 98.44096
12.26900 33.08480 28.89159
10.70580 38.56511 46.91869
49.44552 6.73222 9.46026
23.61434 38.95263 13.39204
25.55805 15.29835 2.19946
86.78343 90.11800 58.17038
25.85781 31.50093 34.47491
20.09762 43.88957 1.95086
12.71807 47.73329 22.95964
22.25904 26.43087 44.82938
45.08839 9.92828 47.41624
88.93214 5.04076 84.46004
94.16104 92.87532 18.70182
26.62653 25.98827 28.70074
41.76115 78.53850 94.70932
35.64984 39.23008 14.62096
19.13730 17.18341 48.68365
13.25415 7.52427 19.89504
3.39300 80.66742 78.40294
17.50920 1.58876 34.45761
2.37251 43.01726 14.63273
30.65852 27.84243 3.44859
62.45607 99.07850 87.07847
17.75597 44.01999 20.65786
76.54818 24.57031 99.41891
67.99695 50.73000 68.96598
84.20925 59.48188 68.32751
19.91968 6.92562 42.43901
47.46638 2.09027 20.43744
8.40723 23.52645 44.38218
41.60430 4.76972 2.49946
18.63796 18.98972 28.10083
50.67461 96.77496 98.27839
77.20449 89.39672 30.96765
97.49043 45.23153 91.33813
9.64268 10.81537 39.75500
85.82440 81.05567 18.42343
5.44899 19.66266 21.28332
72.84457 75.66933 15.25712
38.37390 1.04731 18.50703
25.62648 13.95569 9.54436
7.46672 13.03074 18.95262
81.67504 69.57185 20.28481
76.86828 68.87816 30.56432
27.17198 28.65909 46.65695
87.72266 85.04965 26.47563
48.01828 13.17703 2.42315
24.13962 32.51616 18.71263
58.79667 75.04764 54.63307
88.57516 80.94958 20.08796
49.28864 11.24391 32.63111
21.83088 49.77885 14.59527
2.64297 37.72165 48.01172
18.18524 18.36173 6.00979
42.42816 40.33958 43.80199
10.65731 23.76901 42.30274
26.10147 97.03523 81.06331
27.26921 4.58701 26.12416
73.56577 15.15244 70.94756
30.67181 79.45279 86.39382
91.81038 27.57585 93.68064
47.88533 10.14461 15.65134
48.06438 41.97567 24.94732
50.26807 53.84436 63.06006
28.35518 15.51120 17.16303
83.73728 37.72877 94.96792
29.16285 10.52472 10.25832
49.60748 23.22139 9.10655
27.35530 48.56495 48.65194
41.28929 21.07074 7.15371
21.65340 7.12891 14.13766
32.47814 91.97051 92.97081
23.41740 42.66816 46.46962
85.20059 76.76091 98.01568
38.17167 15.39494 6.85547
12.60294 2.22580 25.53938
43.39268 7.37687 4.60751
43.11441 29.84103 34.40387
74.33717 22.70357 68.30087
80.01215 31.01527 81.83584
59.33198 65.13100 62.87211
25.25796 3.23837 31.68402
31.48737 81.40639 99.43462
37.68397 72.38812 87.56968
79.23609 90.98630 75.60759
18.98131 21.99747 40.76135
48.90246 47.48505 22.77915
41.21517 7.53612 22.14199
72.57222 98.92411 31.39955
36.98741 8.47483 6.03303
46.30107 82.05371 78.01124
95.11659 17.99266 66.70400
16.20782 45.38672 15.10194
81.68504 31.29317 72.58529
98.65435 4.96893 69.61074
20.95566 18.30264 39.35351
4.78839 91.62927 75.50994
6.14993 15.86393 49.16837
15.25713 71.94900 94.16592
41.09364 94.99706 93.27331
22.76165 40.50382 34.66450
28.19070 32.79028 47.53584
27.74293 22.90442 33.70600
74.62613 7.58550 84.99176
40.08449 43.11470 25.79109
52.31589 83.77420 53.85718
49.57720 4.83646 18.72071
41.99285 38.55548 39.74546
68.78407 69.66040 18.26644
28.63630 20.50284 20.73693
96.20879 88.94741 16.01325
89.97729 91.50178 57.18043
13.05292 32.34758 47.58381
95.64159 67.76877 70.27487
10.31131 43.30163 34.52971
86.65207 84.72136 23.30285
19.83940 44.11629 19.35514
6.86878 7.29412 17.60896
46.71988 18.95760 47.67786
97.52669 79.40203 62.29722
28.69409 66.87857 81.46278
35.95990 44.99725 13.85670
99.05938 92.39643 39.18701
44.84815 31.17369 6.80439
88.06288 71.06927 45.98764
2.30038 17.23376 33.46076
27.22974 21.25205 48.35383
48.70442 28.13442 20.65372
18.33741 23.43003 47.02474
10.10294 26.09585 12.84275
77.59795 79.40662 62.78387
46.47974 90.93600 68.59961
22.06147 8.24838 48.82281
39.64210 38.27238 31.45018
66.79379 83.12788 23.37902
11.84359 15.15418 36.47994
13.65237 31.99838 37.63000
56.32888 65.74933 53.87827
5.64444 23.03425 26.03211
5.91897 12.38149 33.22542
18.34575 16.46421 17.72378
89.72665 21.79640 89.42683
47.42412 35.41565 33.33362
74.84317 44.39756 75.80414
48.68365 86.60462 73.18548
4.08861 17.49306 37.34613
12.59064 14.00253 29.85069
29.67068 9.11584 12.11467
5.11275 26.46563 11.66066
48.08184 1.44716 35.57736
82.37822 74.12939 15.75086
43.96899 90.77108 97.22444
35.46489 44.14397 23.50444
47.01482 25.46678 24.89096
34.60105 44.34813 6.08819
90.17439 43.13407 75.59471
44.63260 37.86683 1.52796
18.74936 88.66696 68.97615
10.50732 73.06418 99.53267
95.28942 43.28278 76.76627
15.96067 47.12379 20.42383
14.87237 23.55596 40.27676
35.64636 7.55546 46.42602
48.98393 69.32953 73.30311
80.27363 75.13971 83.93831
67.96088 36.84502 87.01594
74.73384 22.10395 83.71456
78.91268 32.08774 81.96840
6.26481 11.35748 18.31160
29.73251 73.69689 79.43285
27.50397 8.12427 20.42972
35.58670 26.80610 23.46652
95.16652 5.49023 73.17095
37.14819 36.06225 4.39189
53.07644 73.95615 85.84256
16.29898 81.20076 96.76957
41.55934 27.25981 4.33582
76.86160 29.47797 91.73983
40.51671 48.07197 22.02202
78.54303 48.19159 85.57326
44.58938 26.88498 3.40952
38.98501 20.74602 2.55039
27.87443 41.83726 16.03353
38.38243 89.96752 78.82572
37.85091 6.41056 31.42439
11.78544 2.37231 8.80048
38.12458 28.60122 14.87198
97.34896 85.31444 57.60867
14.23775 42.74058 31.72915
9.31571 33.69829 15.03124
81.08349 81.51535 79.01675
12.14593 36.41510 46.02712
42.46155 7.36445 44.37979
20.89718 23.79198 48.01456
47.25921 27.12553 25.87975
30.81898 43.05449 33.39434
92.00243 75.51025 97.87416
6.16944 37.33754 19.32442
75.15028 26.06268 77.44210
43.98619 43.17816 32.47877
81.39563 15.36964 74.37683
4.31531 31.67499 36.20613
78.94260 9.40164 85.05406
23.72833 37.65048 28.34359
68.80083 84.42239 17.46735
93.24262 92.21780 43.16394
81.86395 43.13272 79.38059
9.03209 19.64041 25.21193
97.00750 46.59520 82.61334
81.05316 91.14559 34.07938
49.02791 48.58535 31.24453
95.82067 42.73501 93.01754
21.89785 36.09425 13.51789
64.81731 55.20271 89.88804
86.98843 33.95114 85.17362
88.04447 32.97367 92.18369
26.26936 14.95406 38.00935
93.56643 45.35849 73.26424
11.20723 93.25753 98.12065
76.15443 86.89535 83.08882
25.80188 85.23516 98.52967
48.74347 36.02320 45.53695
18.22025 36.82961 20.34356
17.14893 26.18962 11.77690
10.38009 16.33293 10.84833
16.18781 41.84258 12.86349
78.72229 7.60140 88.51874
57.24781 78.34319 91.08072
85.34988 68.64958 36.78610
53.55085 78.50146 67.40983
33.38847 46.59005 5.70635
8.66572 48.69516 1.05508
69.86586 25.91859 71.13435
15.37235 98.65239 93.08836
19.40135 90.82358 81.48357
26.25204 24.08142 40.52480
33.69812 27.89085 42.72557
98.75644 49.34375 81.58523
9.84037 9.12138 46.41604
22.82835 16.84714 39.93972
44.14241 18.16384 43.68628
29.55272 41.77488 30.56543
18.21546 25.46542 9.76425
85.49139 7.00054 68.69522
72.32453 30.99043 70.65323
95.99742 16.60694 71.37203
9.21333 38.93223 6.85207
97.37198 9.08146 98.11462
19.30862 7.77838 14.21177
40.48320 34.78431 25.29224
4.27595 40.87598 36.48496
21.66779 12.83717 44.98658
75.49414 88.82526 5.50299
95.42642 15.93293 87.23323
73.93820 19.94256 90.22722
45.16235 40.79156 21.95232
92.77311 18.92896 97.89869
5.35344 13.50456 37.33144
4.72773 9.36524 6.97992
25.14487 30.99169 8.82066
45.74089 9.63774 31.30216
39.12226 22.94312 11.21175
48.36138 11.55107 37.44330
30.04244 23.97654 45.92526
23.85532 31.54419 12.92819
16.90025 49.43224 28.04277
94.08778 56.31455 96.07806
78.05746 74.95724 17.90642
5.08098 91.07430 76.28107
35.89060 28.59786 34.28960
96.37589 42.33185 68.54584
67.74791 40.84679 76.04873
34.85672 13.09208 27.04016
27.05311 49.44839 30.76035
9.74262 11.71992 47.68642
97.85383 11.61043 84.79215
79.50425 86.21433 23.93315
18.25040 40.54887 13.91540
20.65707 49.87762 29.99303
93.21271 88.38972 3.57830
36.58122 12.37711 42.57121
3.30238 29.62097 14.75105
36.24495 47.37587 8.09849
30.11381 1.49127 27.51489
24.68220 29.24751 44.58078
80.22519 81.42608 4.76750
81.98067 2.69814 84.06858
27.98897 6.26409 27.77149
30.62557 48.02262 17.43863
66.82390 87.07570 10.08552
21.09636 98.84608 74.40347
6.54316 33.42403 30.88839
19.27881 77.74160 70.60801
24.74583 24.61589 33.48823
23.38127 22.62227 15.26718
14.22557 32.48517 8.67856
97.33009 29.90806 74.24759
37.58038 25.00102 15.27583
26.54347 3.33232 36.96258
5.64537 10.23263 36.68169
23.15997 18.03205 36.66366
2.06563 42.20079 17.71914
47.49362 39.65008 19.67135
20.67905 98.61103 79.57088
59.72713 99.12016 64.27140
20.06071 35.02114 25.71202
73.36732 11.58214 98.67342
5.96537 34.98177 12.16867
86.94706 24.02414 92.08334
67.85542 19.83870 82.88876
84.64361 72.96871 28.58289
43.84398 38.88204 22.24493
52.88291 99.69151 51.04973
11.52198 12.24610 23.47727
38.37704 3.88027 47.82620
85.00757 89.77705 17.28141
18.42747 15.84959 24.80328
72.45027 14.48297 78.10526
4.96164 67.01298 94.71372
32.11193 46.56756 38.33001
1.67953 12.63067 33.91789
7.78377 18.99039 35.06195
57.31122 84.14391 61.84722
49.92453 34.17984 49.06821
41.24398 7.98915 12.67506
30.77780 41.67723 37.42487
22.00187 10.22460 4.62039
13.39446 38.14563 42.00362
20.14516 18.26143 7.77489
32.75393 12.92050 7.68027
35.33627 4.34060 14.82069
33.41835 70.77251 93.64553
83.99957 58.60999 52.46565
17.78440 77.73322 91.23909
12.90049 5.91525 24.68173
32.58054 73.64534 90.57715
42.13677 40.86570 10.65395
8.02777 33.18987 25.54997
71.59838 74.34215 82.29804
49.03940 5.89491 12.48914
13.60803 29.75382 30.48480
75.76044 3.08154 85.49444
45.61149 49.19661 36.82811
67.30797 58.54673 57.85705
59.46606 76.37875 74.11736
29.41722 7.03564 35.71281
32.98041 43.30767 3.68046
20.80177 8.84113 39.36192
78.89747 20.57740 94.45038
9.46602 30.96584 35.96660
1.87525 86.38143 96.54457
49.56328 27.75288 14.52614
74.70028 96.27619 37.79937
32.41108 9.51151 22.04173
51.44793 86.43663 78.23861
73.95829 33.76249 85.34122
89.73395 26.06661 66.76910
86.68696 91.35414 17.08408
13.95311 89.15499 90.84309
96.44930 98.74581 48.41402
97.09362 27.57846 97.21673
25.15845 88.29767 87.80144
9.06163 47.64769 26.56241
16.17069 36.02955 39.90200
36.92066 36.29145 14.35044
67.83441 40.17889 69.98139
17.96196 3.63678 42.77900
11.75516 22.49499 7.15872
29.58065 24.54622 48.94430
20.41117 18.97153 27.61382
46.28823 34.65766 37.59418
84.14058 76.30575 36.90331
86.03059 92.39371 29.01570
42.99778 4.13203 38.34996
44.52681 70.37193 90.08733
93.72890 72.92302 20.94397
76.36792 11.83458 67.66635
44.01823 2.92934 32.35733
30.10990 83.53947 70.67766
28.92036 90.53081 77.08491
95.84218 33.38067 93.85404
2.42032 19.53927 20.60295
11.65655 84.10750 68.04820
46.99588 20.96899 3.34440
17.97265 44.00451 13.90095
44.87156 22.39235 43.83743
9.91985 46.48616 33.24019
31.73511 1.60981 29.66230
5.42485 5.89906 3.93959
12.71911 40.34803 19.98974
96.14890 18.96066 89.52783
17.61358 45.84798 23.95820
92.15027 71.43011 35.90310
19.37506 37.24614 10.37482
56.47076 84.13033 55.78161
80.47382 86.83212 99.44970
29.00409 1.79404 27.25742
18.89456 21.19691 34.81426
43.65562 38.62668 44.28925
78.66478 98.33182 69.30282
4.37091 23.23700 27.92351
38.00837 48.61607 49.22050
40.74422 11.43330 19.92879
12.19277 3.76733 13.00107
85.80067 98.75605 15.02835
26.44959 36.18176 44.92940
70.41165 67.79731 12.55645
34.60338 46.88300 23.99427
21.35559 3.96941 49.60600
81.99970 42.47560 92.18897
14.24418 47.40004 30.94726
22.60070 31.19011 29.54954
16.42611 9.08946 27.95441
47.25940 21.88593 16.06815
4.52426 33.49617 18.15861
27.43811 42.24460 43.09135
46.30393 29.71800 46.31153
6.11201 42.69359 19.69295
78.18430 85.44267 10.10958
1.16195 67.84928 94.78280
21.59994 96.22243 76.94784
8.48692 5.99887 28.55524
77.10187 85.14138 17.10236
19.05624 84.09718 95.49571
42.38797 22.35865 36.41383
4.70020 41.39684 23.18350
11.41129 2.10202 11.14288
45.72589 39.02100 24.26647
12.80339 5.40642 40.56541
32.45024 7.90810 23.30814
38.16801 19.90086 35.98926
34.50755 31.81857 37.10016
95.98114 49.95287 67.76538
37.79737 22.22563 29.88484
45.05368 7.11994 17.11481
1.31624 20.58708 2.91459
86.18371 95.02684 32.72903
83.38120 61.93389 61.60606
30.41212 46.14954 31.26644
7.08166 22.99361 30.90007
43.22715 38.63070 45.14388
15.87060 24.15447 16.29888
63.95258 56.33619 88.88019
48.12456 29.02061 27.65401
47.36399 22.74305 33.22053
9.76407 8.16862 7.24093
88.23703 52.48895 69.75325
32.74379 10.60942 27.44744
38.65911 34.48198 9.83745
77.76002 89.15330 72.31712
8.22709 77.63740 71.08996
96.30322 99.32891 17.12145
26.26319 35.52081 47.85675
9.96401 12.01769 15.82841
13.86559 18.21456 17.76102
83.35047 93.83846 10.96657
68.17873 85.66150 20.58093
21.53306 22.59888 19.40450
38.32372 13.17062 39.02774
44.89540 37.75628 48.18444
89.78399 36.64970 69.95850
24.13238 38.52586 9.46029
48.04517 25.91574 38.00462
79.36715 41.88232 71.01786
97.76179 25.85617 83.94780
42.38969 27.55035 49.46828
28.16231 1.58543 15.24570
28.00697 32.62345 49.84500
24.52752 22.42495 40.65654
28.26718 26.70242 14.87501
2.17193 94.90201 86.00626
21.59630 37.96745 11.85590
33.90912 12.44391 29.58164
27.71082 37.52051 14.35122
7.44594 82.51305 73.89575
87.05392 89.39497 14.61882
29.46181 44.77788 39.13703
68.41939 73.38859 45.64967
80.17933 34.76903 78.82832
21.51895 93.08704 69.08225
70.16797 24.92239 67.86566
42.73208 85.66138 68.42126
81.83467 90.22307 21.94557
45.74513 20.40401 30.10842
15.26220 39.58764 48.94324
18.14707 7.22901 29.68449
46.27284 97.48475 74.90717
32.62202 16.92624 23.33609
10.73233 9.03558 48.61241
20.71797 30.99392 17.81245
9.46168 17.06364 9.24045
69.53725 93.12083 13.04160
46.24162 16.50664 37.32496
44.36754 32.17333 41.79432
84.72753 81.74083 44.10619
4.27572 6.68307 30.51111
35.47894 4.22604 27.86023
4.10489 23.73616 42.64173
43.25486 75.64440 90.06362
40.49385 35.86673 18.00749
34.38474 24.79876 8.45016
20.51755 3.85491 18.10949
4.76909 13.88035 6.62670
10.10159 27.65489 37.27183
27.23115 43.68630 26.61387
48.87614 30.45948 17.95588
26.03964 19.96679 33.67698
66.81489 90.81326 3.02042
36.63346 33.60299 27.04121
47.26643 4.10707 33.69277
97.71509 30.07423 68.41306
17.99801 38.96375 36.36463
43.72143 75.21417 97.69135
39.25894 27.36428 43.30281
38.19674 71.95666 91.10014
54.23068 58.27498 55.93270
43.68552 44.84939 12.97199
22.43517 89.68101 90.18840
88.83643 33.27409 86.69464
12.58390 11.54992 42.84079
25.73759 20.58289 40.08381
49.96244 10.87810 6.18193
31.75124 5.65121 46.33294
45.42600 21.56068 22.25103
25.16087 11.72891 31.88787
39.43894 8.38373 19.65507
30.33580 18.41031 29.89594
9.77338 38.86993 39.64187
70.24371 71.90907 4.34701
29.11907 9.87876 30.22438
34.63311 87.55970 89.80579
4.01592 33.79228 46.48023
5.95361 17.10501 48.90450
36.69837 68.88740 83.23366
44.09381 19.07585 42.85278
47.88118 74.98372 93.39633
69.12031 91.65608 12.67133
7.42539 18.65029 38.81528
79.65369 68.56107 67.85417
28.45464 75.42681 75.97394
96.91170 78.26135 66.66300
32.66045 44.25023 26.29718
43.84514 39.56691 46.46117
77.10168 55.22894 90.58856
22.91864 3.63355 22.72899
89.68912 75.49208 48.03109
13.73409 1.10114 32.09118
44.75870 14.91707 14.18152
21.90798 36.72973 32.36080
2.82623 11.24186 10.43581
34.93216 23.94348 9.43973
11.62754 43.64466 43.89743
5.22054 7.79276 6.32092
25.62754 39.58466 17.78100
64.09065 76.00630 50.26585
86.24706 76.64149 14.48274
29.77899 31.12877 27.59799
20.81545 21.09635 29.97442
76.35477 39.51516 86.31374
6.92530 80.95945 72.84431
34.03758 36.06658 34.61890
85.77610 96.65986 46.09649
17.30555 4.14795 37.83882
15.30180 19.77077 29.06823
37.94049 38.75567 7.88297
23.64233 19.68658 22.25789
88.36020 45.90196 75.84135
14.20471 22.61499 47.22311
76.48665 42.64457 77.68904
9.25126 11.61761 19.13623
71.93396 66.57538 59.90410
1.43476 42.64148 14.75403
3.17255 7.87771 48.24839
19.41914 21.13054 5.30790
13.80861 3.12425 34.78064
23.29764 1.00236 38.16337
3.27667 23.46250 38.85356
28.72004 8.60613 41.01709
19.42986 16.48338 4.03151
33.78349 38.96638 7.82077
25.73643 10.52458 46.35127
4.40502 38.21634 15.10448
59.06679 97.24074 86.21213
99.72704 29.56180 74.66994
9.09935 97.84029 76.85738
38.28162 16.24681 45.80243
12.38661 35.18975 8.04210
3.38809 19.97067 33.06062
78.03937 84.99572 19.63413
46.55389 30.93515 33.01197
12.59535 46.04298 40.07576
72.47652 81.54822 76.92442
17.00690 26.53133 11.45949
9.90962 36.57376 29.06788
29.86544 18.64671 8.42257
32.86195 49.98063 46.07407
47.79187 46.94313 9.50166
43.07786 34.60490 22.15570
49.12564 33.47462 14.51044
68.55502 75.47040 91.05843
48.77325 28.12115 28.80012
80.74538 91.74334 53.52252
14.17033 35.85327 9.61523
41.57964 30.96820 13.08619
42.91114 39.00183 45.75787
81.48077 90.03352 68.57030
35.54616 30.78780 12.33397
73.24009 83.80554 48.51441
26.66743 83.25155 94.84726
94.38099 3.70955 95.50419
21.83472 2.29089 38.77312
44.21969 33.55890 39.76843
96.96417 91.96999 20.01873
89.82779 76.28814 67.34106
48.11991 10.67008 41.48530
72.83811 26.53668 82.28876
43.40481 17.52975 9.81820
16.60333 7.55781 31.71236
14.17004 36.46510 4.95961
73.15395 6.18067 80.85392
45.20006 19.85901 10.06383
14.95756 97.08064 81.07104
38.86563 14.21910 30.86528
9.00301 44.05478 33.69404
51.44718 92.18626 61.03438
2.59263 40.36176 33.46379
68.67714 90.95738 82.29299
80.41847 14.10286 88.96457
12.03016 47.22781 7.66182
79.40428 96.85088 45.19138
40.69070 21.84682 1.19963
72.58519 95.20159 57.63542
19.09997 67.27317 73.84752
20.28026 1.14839 22.43791
27.79133 45.57778 29.19761
40.64961 4.11353 37.10462
6.81704 24.77000 2.27829
70.16563 2.14910 88.10975
6.21561 7.85427 8.50172
12.62961 20.97615 49.58002
13.59787 20.68256 19.24428
2.40443 99.10135 86.85518
19.09304 27.64998 29.18651
31.73491 4.02010 11.59608
25.89902 15.82550 21.08061
55.23375 83.30843 94.81056
29.74210 48.35917 34.48561
89.31535 33.53327 86.91072
13.35134 22.75640 4.47496
48.11465 18.67528 2.52475
48.00751 38.87523 42.20091
34.04745 74.04345 74.48485
80.68067 99.04459 49.74301
50.59018 52.22013 81.89069
30.73365 70.80782 71.68413
30.54099 47.80639 18.65197
91.73492 82.31280 49.34435
20.57238 37.74627 4.73210
5.80856 26.97296 18.61029
92.71655 11.88629 77.59799
4.73189 1.48052 24.63633
26.23943 37.82076 29.59975
5.19043 35.91277 39.83230
37.67939 72.35152 80.06206
40.42427 46.06886 1.11561
13.15806 43.90401 30.11070
7.11990 36.13126 27.10840
1.40514 10.67652 5.28166
35.77265 24.10560 18.05601
69.12153 2.94582 88.16670
58.54657 74.95386 80.04973
28.26690 6.25788 27.59338
97.67063 78.29079 59.92978
74.72318 17.67733 70.65220
72.65582 8.77739 68.18461
27.76032 19.55970 25.52463
96.48384 30.98145 68.91039
32.92891 94.05727 90.83686
47.31251 35.24023 5.48001
18.61092 42.74377 46.54406
10.76112 17.51106 30.99723
14.38966 30.94787 13.34615
28.28930 29.64708 11.98861
30.06928 29.83596 35.35284
7.73752 40.46739 18.47969
38.49470 13.18205 9.19082
45.04455 7.11640 37.36084
9.65079 83.69402 95.71298
4.64235 9.29779 44.26409
43.83966 16.07715 41.56157
92.75379 29.72184 72.31209
16.77232 22.89038 24.68626
33.63461 22.12815 8.60697
39.12578 46.02198 42.68936
55.06575 86.71829 98.64678
67.39350 93.23176 72.46123
96.11566 85.92079 89.01627
4.22972 78.34901 79.64027
26.07418 20.49364 12.16203
77.84903 49.21617 91.02398
77.84357 80.37025 15.26165
99.11886 83.12996 19.76688
95.83055 84.37489 38.65900
96.52876 73.43817 59.70247
