100.00000 100.00000 100.00000
74.20109 44.74901 93.67893
22.17015 29.37785 6.70115
2.77456 70.96285 99.54193
5.82033 89.35612 80.19018
23.86195 96.13268 86.04444
11.09056 84.44806 85.32808
70.66787 24.99919 69.45313
15.40177 84.81399 90.54297
29.73993 85.73591 83.03998
13.73637 91.56895 69.84082
4.00145 88.41022 91.11566
84.94102 33.85128 92.13371
20.08944 74.29461 93.98957
7.93110 90.61258 74.21721
89.99362 92.46033 86.78793
18.03021 92.38153 92.93192
48.33060 98.66297 85.29089
83.84085 71.76001 41.88613
70.82615 33.56545 90.55066
41.06035 5.25178 18.66985
9.27436 11.67637 10.90536
88.41007 86.34892 33.11104
23.88278 96.74237 73.58496
72.02596 41.07693 77.74103
11.08247 93.35778 75.40982
10.35241 81.28431 91.29019
15.82873 76.79390 94.22154
42.46566 67.83677 78.16662
35.64989 28.18741 20.90417
3.56829 89.69793 87.42723
21.16790 78.34639 73.40609
4.80311 68.76449 88.87210
44.67697 77.65427 81.53116
4.95695 30.92596 9.71395
66.56036 64.36931 71.22433
7.14572 27.87681 33.98695
38.11021 66.80957 89.00177
26.05111 72.65711 99.14797
21.61810 76.67185 92.15714
96.62363 91.16523 29.57615
29.65437 98.46052 71.14009
29.12905 73.29878 85.33670
69.02423 78.78830 9.56958
31.65584 81.91410 81.68360
68.32984 44.09200 82.24959
79.08133 70.41659 49.71375
30.01060 75.25753 85.81856
69.46910 78.98880 22.03910
32.82367 85.70187 94.46255
93.35213 80.60408 31.39997
20.21899 71.80413 75.15224
38.91902 89.68844 91.77974
47.56480 81.79021 82.08156
35.84461 95.22658 99.96472
34.67909 81.72856 94.21548
42.78472 99.86719 98.65865
5.68083 72.56608 85.14773
13.33271 98.69381 85.59358
75.31287 3.63158 73.60705
21.91034 70.33075 73.25570
45.10394 70.75348 92.91776
28.20621 76.54800 89.29841
72.81929 2.73770 92.70010
29.49650 86.33569 67.64888
95.28215 39.06092 92.89181
97.44385 90.61413 29.02407
25.93270 98.09062 87.19824
82.52200 67.42028 95.62808
85.93371 83.84147 63.75901
12.37785 76.24109 86.85517
42.26620 80.50304 86.03244
1.86284 96.09449 67.51946
30.25736 92.90041 96.18378
34.59033 97.60448 74.07740
3.81841 71.69792 84.87794
44.39867 83.32650 77.53951
37.97441 97.96727 76.84464
25.94873 89.02128 69.04318
86.50249 79.06215 19.16728
69.43014 92.10654 49.79316
31.54556 88.08854 80.23338
25.73712 79.88888 89.94584
32.99249 92.09956 83.79345
92.63832 83.15616 14.11981
67.20714 38.48657 75.56990
38.50606 72.03474 99.02496
93.55438 74.75965 11.73662
21.40847 77.77316 99.56089
24.55150 92.92416 68.28832
23.82645 92.91088 95.90999
11.93559 69.96877 85.65638
45.36388 92.85951 73.87364
72.25114 77.48141 16.07861
49.50642 85.39320 69.24246
43.58218 24.29792 41.95167
89.03540 80.63890 3.18271
1.34547 78.76421 84.07114
26.93489 79.08115 95.47755
70.93583 2.47828 71.87044
38.60016 75.19009 99.14921
22.46724 83.23849 87.47167
21.63344 78.89913 97.99933
34.58839 83.57614 99.99371
80.96023 88.51000 18.44352
15.67170 81.42966 84.59616
12.71184 78.89625 72.76347
8.48376 90.78462 81.51754
36.88494 66.92319 96.96629
88.19192 86.78381 15.71567
81.05603 76.83711 43.65112
77.57635 94.85567 64.87326
35.49622 75.48566 69.10986
44.09448 84.38992 77.31826
34.42078 86.22123 84.67800
78.60633 75.56895 19.47522
80.32059 17.01056 78.52453
92.24144 74.38362 4.40832
33.93492 90.52235 77.83337
76.31186 81.28166 7.75078
27.32747 67.89718 98.92346
19.46651 72.74238 82.02433
84.56911 40.03040 87.08369
77.93868 91.49733 99.48825
54.09237 93.06492 54.47432
90.19839 96.34835 10.10082
49.21181 85.08644 81.50304
81.30090 69.14278 17.01305
15.41910 89.68294 83.81653
33.94803 72.53859 68.67871
35.88519 86.77388 91.00184
68.29721 89.82757 10.42130
45.00879 69.62062 84.35356
64.73745 50.23283 80.84232
26.41249 77.55544 94.84892
5.25191 79.85818 77.53450
11.13894 98.18166 96.37347
1.82966 71.02790 96.07612
78.45918 74.24249 34.74582
88.06431 92.45976 22.36517
14.85679 97.81068 78.90781
45.92968 76.92229 72.19654
44.62787 43.84855 28.30764
10.86915 69.20278 69.55869
85.31757 91.48425 68.25130
50.02059 90.77816 78.11723
92.72212 37.66169 89.93868
6.64507 81.01500 94.10699
96.38617 68.03179 1.54386
47.80521 95.29879 69.49443
3.31909 70.63752 92.00133
25.35988 82.03485 72.80122
42.21791 67.99499 69.58334
90.47498 36.46919 89.77366
7.61537 99.60652 68.56534
73.58425 69.62155 98.03118
75.01121 79.45310 8.65303
95.30470 40.95044 78.86406
82.45257 86.52810 60.33363
32.53084 85.01904 77.71432
24.31407 1.48454 31.78118
67.86862 87.03407 52.31412
15.99538 86.19857 70.65394
22.10049 82.55002 94.57588
15.67541 76.66005 86.66439
8.90146 71.89410 86.86719
15.59706 91.32866 91.89036
86.99540 6.61374 87.55423
48.41581 41.01646 48.10947
92.33700 29.97650 73.08587
22.89225 73.86040 90.74011
42.82490 86.45017 95.92848
24.74880 78.12879 86.17295
23.76574 18.46091 42.92957
8.80796 92.89108 78.68658
17.59926 80.95964 88.58037
7.53476 80.09870 89.70615
40.08908 67.16736 99.42197
38.94128 88.28454 68.91130
24.39173 79.71120 89.15560
19.65047 73.28943 99.23750
28.08275 32.12505 44.47012
24.60467 66.75678 86.18878
7.90859 93.69582 88.27540
8.85732 26.25728 19.62104
81.18831 29.33295 80.34730
72.25188 79.40614 28.38266
18.63800 91.27912 72.10770
28.47028 13.57278 28.01156
52.01922 76.83551 71.11987
92.72056 86.86675 56.29151
67.84379 5.30270 80.54724
27.96761 90.21900 77.10011
19.46930 74.94258 75.78519
76.82382 90.31959 1.60100
89.26680 93.71385 11.22009
33.18234 86.79141 78.33962
44.49841 81.12672 98.78180
39.28319 91.38949 96.73288
18.09625 31.84597 9.14284
5.11636 77.13544 68.29165
37.67264 12.74710 17.66653
11.13478 69.28247 89.31983
14.16524 93.28546 70.87701
15.83678 93.27957 82.27197
42.95779 86.08502 82.36106
1.51410 91.24156 67.88577
98.89286 80.18150 74.14454
93.59758 99.20721 23.79835
38.46236 71.87917 73.82570
20.51173 89.93411 89.66502
23.94878 69.52674 91.94066
16.82282 89.94572 79.86420
35.85911 46.49603 36.18157
70.43356 39.29925 95.79642
90.80289 72.91017 15.70773
82.46399 69.38221 44.26408
72.62790 86.83988 2.57538
66.43572 80.30254 92.79865
40.66597 67.48039 69.66035
11.12815 69.40808 74.94438
47.64781 89.54835 94.89690
48.30529 99.30795 75.96962
21.20357 80.60695 74.91039
21.69225 80.93482 94.79937
45.66694 13.56309 33.69012
12.76983 74.04740 72.60719
8.28513 90.15748 73.90152
95.67100 42.87990 85.95237
68.55612 67.65226 4.82486
58.47590 69.49887 64.68160
42.76207 94.14851 67.34870
45.56111 93.82178 87.01326
47.80227 67.32843 83.11185
49.56188 82.51674 69.22099
25.43371 73.48216 66.92389
95.17337 67.40934 13.08881
10.48430 44.97442 3.57361
95.94128 79.24127 42.58375
5.72300 87.44530 73.26883
11.29520 84.21626 98.78468
12.42012 67.53544 91.67195
51.41628 91.77874 57.32813
49.08401 78.91608 77.08430
37.24726 76.59870 87.46484
21.95612 84.83329 88.52537
29.69415 78.88560 73.26836
35.88152 80.95147 82.07251
84.26562 44.39390 90.53362
61.09887 96.61782 70.00533
40.36595 91.35865 89.54378
35.45383 83.29970 82.45270
42.68737 93.05742 95.13714
31.93172 86.01842 85.10179
20.47280 95.37077 99.36840
8.51213 74.38200 88.20307
24.14225 94.54324 81.55807
55.73198 68.52779 82.37698
39.96862 96.78089 91.43178
11.45373 78.34777 85.79877
48.76136 91.43980 84.04248
22.56883 93.26670 67.98588
83.13425 95.71978 26.63786
13.05299 68.25708 67.89382
31.71313 93.36632 70.74682
37.48994 98.41272 98.03605
20.40028 99.68963 73.84114
44.19579 78.96521 67.33834
20.60123 91.07802 79.64139
32.06840 79.28876 69.39675
78.79942 37.24621 82.95060
12.85175 82.07905 76.88044
80.35749 79.97338 64.36847
72.97974 81.65734 2.72217
47.62534 85.02682 74.81892
1.64592 88.24539 79.05595
67.63482 75.19697 58.05110
28.30621 82.80627 70.19635
29.22122 89.65835 94.69434
34.56603 85.37280 87.99836
36.01437 75.56698 66.97146
24.84162 89.57308 68.43810
60.38754 62.97940 52.19657
44.28684 25.99867 49.17260
95.79775 72.59122 1.73266
48.46497 81.08072 88.46962
34.86394 92.35271 75.94293
4.20727 70.84032 72.61603
4.99454 72.38075 85.96818
63.72597 62.43348 87.17662
9.52518 29.21379 32.15962
31.02060 86.11670 89.23885
21.66521 73.45327 77.85209
29.94315 84.34533 83.36814
22.87861 89.40150 78.73252
41.91761 93.75543 97.87368
87.81852 31.75591 97.97309
3.78255 73.82637 81.68175
86.33381 47.29825 70.28961
12.35765 44.78700 27.72879
11.00638 67.15997 69.28791
43.05273 88.43009 75.32187
5.12682 76.85856 93.23966
47.30372 74.46405 81.54447
13.11126 75.34115 91.25407
46.70322 96.40980 86.07729
17.05859 71.82513 77.37646
91.82444 37.14253 69.45431
15.95077 90.93035 78.10646
71.29417 47.60988 76.80351
25.62410 31.57961 8.95024
70.04727 79.76216 3.12518
29.06462 85.86051 99.97332
23.65332 83.03717 72.00659
46.14491 71.10635 71.09821
20.86013 77.51371 86.39065
77.76745 99.29335 47.23812
4.37488 67.58184 87.67928
86.42355 69.78880 37.20152
70.17496 22.13127 99.67493
21.44602 83.54524 94.17910
58.69534 78.63263 85.64795
23.20604 89.64360 97.05382
5.38373 85.41648 74.70195
23.39147 80.16142 72.81396
93.73476 82.30788 16.03176
86.86510 67.09047 13.98111
26.16397 74.99222 80.77167
11.93781 83.55896 76.28908
20.89486 91.84431 94.50563
35.15225 79.50499 91.66754
20.41162 88.65595 88.24877
79.34816 31.61382 78.41407
69.47365 75.30767 40.34037
7.63688 74.68575 89.51052
47.02140 90.65292 81.38739
67.37273 33.77653 68.42672
19.24525 85.22220 93.93692
16.48981 92.25977 92.12966
38.55091 95.77643 97.67484
48.62894 91.12905 85.57632
79.35539 29.09506 98.00400
11.32554 70.68101 88.66696
93.85715 75.32604 45.76724
29.20274 68.55611 89.28752
9.86514 70.43605 87.16252
24.84500 77.10276 99.63143
68.64051 94.49116 72.53438
83.87352 71.03225 14.47296
49.65308 78.45393 69.91119
72.77394 66.14712 83.48286
25.44612 85.13635 87.96549
67.45052 72.52108 29.93307
5.33811 77.20999 77.32575
36.63251 68.03647 74.78299
21.73843 66.73320 74.39921
37.00674 92.18567 82.49505
25.74705 77.92623 82.81076
14.68694 78.10610 68.53412
70.57253 67.63257 16.10200
85.72534 70.83521 23.91181
40.54543 68.52974 68.28603
44.90825 86.14808 99.34229
68.96531 19.02429 78.91806
42.74721 99.21608 81.06575
70.43070 71.10507 93.17356
3.35556 84.42216 92.33739
87.22418 79.34318 26.29886
5.01400 98.35264 99.20910
38.06579 18.38513 17.75212
44.89967 88.09691 72.36334
55.71487 66.51884 55.86860
17.00234 3.80508 28.43629
40.77887 96.95171 90.65692
97.55435 90.32686 34.47079
32.28077 70.98289 72.94243
5.75473 86.33242 77.62148
3.57097 36.72635 1.43895
15.92672 99.64940 74.70676
56.60662 79.70906 66.12269
25.78032 90.12444 77.13134
16.06980 94.12991 79.20255
26.07944 66.95355 95.17240
16.54039 68.30035 72.15499
34.03471 92.01854 96.03834
17.50950 88.67269 97.77882
41.99487 72.97316 76.68192
77.87703 1.53357 84.54342
82.06287 28.52904 75.73637
47.85931 85.63737 90.00701
74.48077 87.12524 32.72908
94.07261 97.35565 64.96254
36.10518 90.69974 78.16712
97.99913 8.69305 75.82423
67.14383 66.95712 47.25711
13.58131 38.00616 22.28126
73.68716 81.14000 28.31012
94.45215 13.21324 72.34288
7.30232 82.88043 79.10711
98.70877 15.86515 98.86389
11.65564 67.58913 95.15257
12.68355 92.80037 94.20837
94.36273 72.14772 34.90343
28.70739 12.66091 10.48551
34.02735 89.72764 71.67045
5.52087 91.81106 89.65224
39.53277 98.06505 90.40129
41.99630 94.71724 77.32911
13.30648 97.34087 96.84413
31.29578 29.00346 30.77607
5.50198 88.73289 83.80423
40.49222 75.29991 88.29139
4.62516 76.35274 93.64148
33.36619 92.47311 70.50050
11.10126 79.06253 84.69391
43.33692 95.49864 93.80781
31.79300 78.04401 68.92132
84.07830 23.21464 87.16224
6.40515 83.47738 91.43336
58.24076 55.39853 89.93863
66.13499 82.84946 62.81672
93.38303 79.11879 66.84451
6.21701 68.56484 80.64576
15.30947 18.83111 11.00546
78.75765 91.34366 4.17306
5.11465 99.62236 98.00045
43.54867 76.03721 92.40414
30.04446 90.13521 90.48633
30.15353 44.28220 26.77124
41.60190 70.50579 78.71916
19.26544 79.33769 76.74616
42.94948 36.83019 28.61226
59.36454 83.98078 93.82114
27.99220 87.70446 77.75742
44.62266 76.38877 89.92465
17.37144 73.00060 91.27445
23.45353 21.99504 49.36931
37.56325 92.99482 88.69630
48.07681 75.33566 83.53807
33.96904 7.94384 45.01798
28.76571 78.87610 97.28045
80.06508 85.17167 36.94749
89.16792 37.46626 94.56795
37.25873 86.46841 73.63680
16.23972 96.69033 80.53531
91.80062 71.03213 10.24095
47.29367 3.10223 42.15041
31.67582 78.51190 82.83103
34.93507 94.15955 99.55951
33.94066 95.84069 99.92276
30.95208 76.74112 93.35639
89.51935 82.03199 38.82149
8.48694 45.08489 9.12845
11.67620 4.63911 31.20478
33.70094 66.73950 89.61537
16.74170 41.49667 15.90325
14.67575 97.25871 82.27869
92.80385 75.07455 16.10872
4.21168 99.18922 98.91885
26.48032 85.27383 91.17011
9.18184 98.45895 74.34354
57.65721 97.39304 83.50419
19.66181 77.99405 85.82617
18.92097 69.45228 71.18938
78.98012 72.67083 24.19114
34.65198 77.47668 75.54778
57.94149 98.90756 84.81160
39.89058 38.61006 32.66507
28.74682 88.28444 80.73988
71.68873 99.68069 3.65891
47.69357 10.02509 41.84230
22.33119 91.27051 78.52883
39.75558 84.33482 95.98492
46.79351 35.81995 10.52966
34.85834 99.46440 74.29677
70.85562 93.26432 65.00598
27.61843 92.97236 72.51608
71.17456 63.38085 77.72120
47.43142 90.01784 95.90373
47.77717 73.64965 94.03118
21.07517 81.55293 66.99975
22.19922 90.34100 84.98259
93.88530 85.02054 75.04143
95.75337 45.08667 90.08808
28.94184 99.48396 66.79200
87.83712 72.36519 30.63658
90.38408 73.27810 12.29830
30.48760 68.92950 81.60590
39.63613 79.46794 78.43416
30.06335 90.71528 69.21480
20.01304 96.36048 78.47265
8.21185 82.74937 91.95954
68.84816 51.17576 97.40613
22.99176 94.42264 85.47971
37.24579 83.41008 98.22476
25.07084 77.52468 81.92936
69.05950 97.19837 2.20520
23.32399 97.38397 72.48699
27.53226 90.38080 87.43643
72.24956 21.92975 89.00759
39.87402 88.72301 84.27341
