40.00000 40.00000 40.00000
21.62364 2.70332 6.13539
25.47536 7.90391 7.00906
3.35443 29.72834 15.00072
34.58559 6.17693 33.46750
9.84210 14.54925 26.09150
28.84676 34.72085 26.17280
9.40832 12.74308 27.76932
32.20183 11.50941 18.33590
10.83697 32.88493 21.21990
5.59504 3.92310 7.48458
21.91856 30.61463 25.31223
20.01714 31.64957 31.95360
7.71353 10.25492 34.52033
30.01277 7.63358 34.69651
1.22537 1.67171 16.27433
18.92638 29.24939 26.54172
5.01507 18.78408 17.24924
21.50704 25.16637 18.37241
32.41556 9.09340 31.77536
9.32708 24.34313 6.06723
20.38999 22.86098 21.17563
18.55354 11.53961 34.58655
6.25214 29.76751 17.57478
34.09864 29.81121 30.38826
14.60530 27.40051 8.00048
6.89007 4.93957 34.83119
34.94716 1.02966 34.88649
14.87938 19.46727 12.41659
17.26151 27.48295 25.31860
27.69202 17.97300 20.46947
25.37774 21.58967 6.64830
8.69541 27.89120 11.75189
14.63763 33.15726 14.35289
25.47239 11.17110 16.80288
27.10817 28.99068 33.34949
17.24060 16.58779 29.93673
8.40597 5.66238 15.15643
9.45602 16.74019 21.80499
5.69975 34.32438 26.09966
14.88391 19.00677 22.69339
10.92416 32.61712 7.77678
7.94542 10.18844 32.91528
6.47759 4.68491 24.75824
29.15250 10.04557 5.18992
4.33671 32.74949 5.58454
14.51252 19.25954 2.10454
23.78026 12.85445 20.88352
6.03327 29.80331 28.59751
2.69155 26.57842 26.10266
28.16834 18.70363 26.37820
23.14369 30.14554 21.42366
26.71956 31.34758 10.33768
31.43446 18.35500 26.91294
2.28164 1.07496 22.09862
12.75906 21.03487 10.64697
14.64112 29.99322 28.73924
24.31944 27.15988 34.38918
27.85465 1.63324 30.70772
15.75304 24.17567 19.05257
4.25112 5.94675 14.23384
31.14194 16.09858 8.35636
3.99363 5.30197 7.08265
20.42761 11.51291 16.36978
15.75501 4.76538 17.80772
15.80209 13.40568 8.55073
26.30146 5.10020 9.82126
14.80152 32.70661 28.36217
16.76380 31.68571 10.71626
20.10389 12.82267 15.42495
29.58573 18.82591 5.19591
6.69212 20.19184 21.15289
16.40337 32.76424 30.41098
6.29750 8.86858 16.67497
3.77172 30.91294 30.55161
24.40147 32.19208 31.01216
13.73909 26.68285 3.12272
11.80785 12.87835 24.94357
4.63356 13.26990 34.84717
34.02475 23.29822 2.97824
21.57091 17.33994 18.97872
31.85395 28.79559 31.00624
17.19399 10.18197 7.26725
4.56253 11.46615 27.31699
33.62923 16.38359 33.54919
14.72671 11.65334 23.81530
31.04884 24.61228 22.93038
25.33679 24.94264 5.35026
33.20182 34.11971 21.83581
24.70009 7.04574 27.32315
30.38458 14.42751 12.53798
4.73523 25.42364 4.70522
17.41331 9.40427 7.11625
28.11941 8.83571 22.29286
30.87389 18.72008 24.81820
11.77613 23.42535 5.08761
1.17131 32.05779 10.30752
20.63441 21.73298 22.00699
31.30037 24.52773 26.35735
10.64169 5.91304 4.09474
28.48495 33.83870 13.62843
29.56369 14.38312 1.66240
4.67634 17.24932 8.88055
1.27953 2.20781 14.61659
25.79390 34.50783 3.60526
31.93572 27.04293 5.22859
8.93892 33.39547 31.10635
9.57142 7.60720 20.61694
2.87105 11.40531 16.30545
9.85809 5.76583 22.86524
17.82698 5.76197 8.51759
27.10145 32.00969 17.20722
9.28187 32.97385 1.18833
11.98401 30.40956 34.68289
12.16527 34.09132 26.80994
31.84371 10.88230 3.50688
17.85333 22.74316 13.84207
17.01868 15.95169 32.43754
15.88189 9.79499 12.71468
3.69588 24.17572 21.32458
21.62842 20.80724 28.77547
11.31718 7.52613 3.46998
22.87543 33.43322 18.85532
31.55483 1.56779 15.16769
24.25842 18.04049 15.71816
29.78540 10.13393 7.55604
32.62309 28.25308 9.85559
21.64053 13.29914 12.16050
11.99751 24.20371 13.10283
23.48807 14.44676 21.78277
33.50919 19.81919 14.25281
15.13068 6.14210 34.80754
18.90197 30.12427 18.85456
31.12552 2.12053 3.90661
8.27971 8.71313 26.48824
14.17362 11.40387 33.12172
31.21556 6.55172 5.81948
26.44869 9.39118 15.04196
1.57497 16.92012 17.00526
14.68568 31.97005 15.88801
13.08131 32.08302 2.17061
16.37818 10.18481 26.60553
6.39536 28.49890 4.31397
6.73113 3.86872 13.98803
23.12485 3.13231 22.92661
21.24980 5.29565 1.87176
22.94612 21.97015 6.60201
19.41754 17.53570 28.04610
30.42889 33.56504 20.07038
14.41163 17.82040 27.29484
2.41279 3.69784 7.91620
6.46992 5.91831 32.85200
3.70151 14.54114 9.66380
15.32318 27.74761 28.60921
5.69225 10.93576 8.99803
16.51636 25.51604 28.41768
5.24967 12.26343 26.00251
27.11032 34.08244 17.42602
7.79858 9.75257 22.24489
5.93390 25.20053 17.63045
28.34174 22.01324 8.51087
20.41631 17.17781 14.30178
23.28891 22.86726 7.28076
6.76316 28.98844 15.08498
6.82024 34.37296 5.47925
3.55728 26.20593 25.58889
14.50503 3.17603 16.83590
24.73918 21.31518 11.13672
8.94930 7.93954 25.34932
32.23760 31.03892 24.55208
28.23852 2.80330 30.84539
15.05982 17.50925 26.17233
13.10436 13.46496 27.04634
17.62413 33.38183 33.84825
24.40965 25.30803 21.14505
26.71816 9.83266 15.80174
22.16584 15.08786 23.77285
10.90068 15.86310 11.71742
24.81131 25.17716 11.15714
3.86879 20.93750 30.89891
31.78841 34.65107 15.22317
14.56784 22.85084 14.95049
4.76491 3.54067 18.21130
3.94108 8.55423 4.45654
12.97629 16.17355 18.09067
8.65835 15.13130 13.60361
5.80059 29.77918 29.21294
1.64611 32.23535 4.26962
19.53489 23.13099 32.90405
31.87673 34.51433 1.09519
17.86143 34.29450 18.39855
21.32911 20.92361 19.59111
11.68054 15.43206 23.09360
11.91575 30.55328 34.26052
13.19549 1.49017 17.88010
29.92289 13.89848 4.00578
13.93959 8.21354 2.71684
9.48745 32.81271 6.94863
34.22585 12.61420 6.76317
8.61362 9.55983 7.25743
26.31671 33.49401 32.64005
33.35980 5.48440 24.60442
17.79128 21.65225 7.72015
8.99433 14.28301 3.94931
30.03260 17.59776 11.45546
10.39817 20.06379 17.35172
16.44915 24.54317 29.70753
21.02688 34.46233 25.48665
7.91503 8.48078 18.06824
20.10055 5.86884 14.10449
26.28061 10.17688 18.26074
30.49820 30.93756 2.87628
4.59085 34.93505 9.73853
16.60997 26.24425 18.99496
4.40278 25.77800 5.38120
10.01234 24.45236 10.19531
21.12825 14.25080 11.84375
12.40010 27.21536 24.64546
26.13830 14.80717 29.59793
8.97660 3.57795 4.18746
14.41716 16.38089 31.18504
20.90363 6.95441 17.60802
28.66876 19.28253 13.15880
6.63480 19.08060 7.31312
14.85263 18.99036 16.38098
32.66294 18.34394 30.25231
21.47626 29.02907 22.55786
33.06288 1.05132 11.85372
10.91819 30.88119 10.74519
11.13119 1.97258 3.63983
13.91195 7.39453 9.13122
15.70909 20.06985 20.20418
23.74101 24.78126 20.12254
6.91779 5.44908 27.08293
28.63992 25.15206 11.50533
30.18991 7.38962 25.02496
6.84224 14.39224 30.92857
8.97974 28.22527 8.02017
22.37724 1.59522 27.50325
27.45483 11.14572 26.51427
20.72002 9.50688 16.78875
27.43474 16.58129 32.91252
9.86259 25.31012 24.00011
25.82454 23.00838 15.83934
31.40225 33.12844 17.57601
21.82745 31.15944 24.31217
30.15461 22.13012 8.57708
21.34605 11.44304 27.70130
33.68258 2.29880 3.58584
25.72441 27.44052 25.84746
10.54800 4.16649 6.59980
2.85459 16.97728 33.51888
10.27635 2.77647 28.18383
1.29435 11.56652 21.60736
23.98798 9.39062 26.50120
6.16595 2.99442 6.29237
25.53687 31.07887 6.24576
13.69010 11.37341 19.43524
3.83415 9.23880 9.14266
3.00972 14.94051 7.49196
1.83364 17.75428 2.29056
11.20813 9.12050 16.65789
12.12890 31.65246 27.36067
23.33347 8.32163 12.72699
25.82659 17.51522 34.51346
11.55968 33.12325 11.76577
16.60288 19.01190 8.43936
25.08644 27.98457 13.42759
12.98684 29.90575 10.25816
20.64902 18.67569 21.44365
34.05981 33.43556 24.41497
13.30811 5.39439 29.17434
28.42094 17.89814 3.22979
25.56855 10.50294 30.40955
25.21326 23.04069 33.16772
25.52050 34.84805 27.77697
16.43984 20.48410 13.05478
8.22437 13.27877 20.92119
16.59026 17.64966 13.81257
12.11640 31.82245 4.66219
29.34383 26.17956 18.48338
20.86787 32.16213 31.17919
12.71893 4.85969 25.02334
19.60981 13.71968 18.81775
12.45443 13.48098 34.33733
32.02584 32.81005 32.81935
4.20543 14.73074 28.56287
6.15874 21.74977 2.68453
14.41330 20.23813 31.84656
11.58864 2.97842 18.34083
20.45329 12.30471 26.22841
26.46350 19.26074 28.76162
16.31661 22.43214 26.30521
23.48106 20.23292 32.53275
3.88912 28.19155 2.76259
28.27653 22.77518 16.56304
31.14152 18.73868 24.16706
4.76416 6.19293 6.31794
15.85820 7.76678 15.86771
15.88731 4.75233 10.06620
2.85884 7.20916 31.58740
34.49110 11.48667 14.12777
18.12399 22.57106 11.99639
7.12423 21.25570 16.55943
33.56057 11.06141 7.72657
30.66258 8.22354 27.36744
7.15489 3.87665 10.84855
18.09968 17.87133 16.54357
19.04058 20.13180 9.36617
2.33480 27.11885 11.57785
10.52697 22.54785 27.90631
20.65636 16.72605 9.53358
3.52404 15.09804 13.60765
17.93458 34.38425 3.84371
13.52336 26.77713 25.91706
13.50700 33.75336 2.97162
21.56152 21.41890 1.38464
3.06655 3.14772 31.26166
24.64585 9.18621 22.26939
27.31010 22.86505 2.33148
24.64208 8.22704 7.82063
4.59656 26.87222 32.90959
6.36676 21.95794 12.11496
11.22941 12.52720 15.27706
27.98901 11.20812 15.28857
10.06329 19.69380 4.80294
7.14751 31.77654 10.83717
4.40346 22.37090 14.54132
5.86481 19.21665 19.37795
14.50956 23.20102 11.38534
24.83662 33.22381 10.66388
12.45734 7.41640 22.64570
33.63959 10.73714 31.02742
29.70630 1.88987 30.89149
7.87393 5.05312 23.37037
3.71686 30.66042 34.50246
11.75473 6.35694 32.87899
19.19527 1.18457 14.62219
2.72632 9.53684 29.73188
7.64515 2.84014 16.91838
18.74679 14.19888 5.33452
33.62858 4.76251 18.22978
31.19471 1.76766 29.29017
9.14843 29.96049 33.05201
14.64604 23.53942 14.86228
1.88980 1.17194 24.96775
12.62546 29.36127 18.96009
32.63462 4.92063 11.27313
29.04049 13.85282 9.33044
13.23792 27.33872 10.78567
20.82446 5.51349 34.04215
16.15210 11.86535 24.20423
32.79775 10.22686 3.36628
10.68292 1.62928 13.17979
30.81321 14.07867 5.54395
7.58017 33.42319 9.39002
5.90618 15.19231 11.15334
10.75083 19.45026 1.35201
14.51240 10.01711 9.67974
15.50497 34.81416 7.74024
8.07934 3.15993 20.80856
19.24897 29.93090 33.62832
10.25501 3.13048 17.34540
32.97804 31.94356 24.39205
9.41947 27.26657 11.93090
32.37157 18.29095 10.56307
30.86124 28.97920 2.37233
24.21047 29.97465 12.86219
6.56049 10.56748 34.65908
33.93869 31.08735 25.12903
28.20168 30.42869 3.50891
27.28479 8.39777 2.75617
17.31457 6.79657 25.84330
8.96681 29.80927 17.53557
13.72024 3.38263 4.89871
2.69074 28.55917 12.63105
31.59666 28.48779 28.43635
10.24874 33.07062 32.99910
29.00190 25.26164 17.05212
21.63829 15.88750 12.72714
7.85184 21.38410 21.78624
5.69610 19.79753 20.34699
23.41656 3.53405 4.30350
25.99933 13.26442 14.41971
17.05348 28.68470 24.13375
9.06963 21.30663 3.19796
23.93377 25.15132 9.40277
4.31773 22.89959 9.79511
4.88601 8.81841 34.08016
26.25508 4.24058 9.56545
23.06863 27.47532 33.59674
26.92556 31.83817 6.61412
33.23791 13.85524 17.78339
8.03078 25.02250 15.21906
34.57856 10.93805 15.50196
19.86469 21.43278 7.19173
20.61953 12.14265 2.46405
20.18925 17.24682 18.29809
5.65521 18.78606 28.84330
3.10229 1.63148 11.13421
28.55722 21.05564 13.32721
16.73593 17.43279 33.92109
19.02158 31.68146 30.08823
5.19977 33.45799 10.02146
6.40354 30.80944 20.74963
22.39441 20.11397 24.00971
23.91693 14.85904 15.18295
2.80205 2.65548 32.32479
31.29839 31.67461 12.49683
26.82616 7.65773 7.95038
1.63527 15.64161 7.88336
33.07801 2.29837 19.86729
20.03430 3.53479 17.11907
21.09592 11.67826 6.50382
15.34494 4.97845 9.39037
11.78037 34.61846 11.14408
5.18465 24.36579 8.39429
32.92970 21.24357 14.12017
6.63899 21.92178 34.90012
6.72515 7.29525 5.49234
3.75573 6.77248 24.54469
11.00142 32.49497 30.86077
6.01964 22.03328 27.62092
34.83866 2.31894 9.26243
19.37418 33.52948 8.07421
10.88277 29.18995 11.08903
28.16752 30.72891 2.30281
24.19403 32.75931 16.03021
8.19845 30.35127 34.22923
7.78036 21.69301 18.02407
3.77607 31.24205 2.73546
33.48924 18.39790 28.55023
5.19529 4.87856 13.75763
11.76740 24.30386 17.92340
24.84026 14.20500 34.24922
14.54785 20.83184 30.71418
17.31120 22.43390 10.03319
11.45639 19.64985 18.84703
15.09804 31.39804 31.01214
19.55017 34.14981 34.78747
11.83371 4.24219 32.14014
11.51614 7.95314 30.07404
10.96634 17.29301 34.00221
6.81110 24.09214 6.67869
13.24548 30.05971 15.29978
27.84327 4.61621 14.16096
24.50583 23.41063 23.52391
2.40509 31.85752 19.93939
28.94296 4.08830 24.99881
3.52936 30.65640 1.96916
13.05258 4.19550 31.50105
33.94787 18.29732 33.32825
13.76984 33.42846 8.79073
7.17771 22.23222 8.99903
34.57111 18.70335 3.69937
12.98628 16.24968 3.75827
2.69808 17.15000 27.60684
12.63685 20.85306 30.43727
9.51517 20.22261 24.39079
12.47628 6.80037 3.39222
13.64579 22.34786 12.83912
31.84199 20.69792 16.73070
29.89495 30.15948 33.99718
1.24491 13.93150 24.16433
15.39591 6.76407 17.46019
8.20926 1.44518 3.07633
21.49487 7.68814 31.60872
22.69124 6.83805 21.52091
11.34463 31.21861 8.44826
11.95739 25.16947 11.22333
27.31284 34.95158 1.44334
20.22479 29.61875 33.05621
17.91427 20.43326 30.67344
11.25781 19.62968 26.19695
12.16524 26.34106 25.81131
21.20096 19.48318 15.62845
2.60173 23.03216 8.84329
9.79654 1.41653 23.52477
34.84056 6.11534 17.48673
23.28855 20.32568 32.16019
5.31591 2.32418 31.01307
26.14369 26.30346 18.97116
21.97224 34.97345 15.07876
28.44610 2.73707 23.13900
1.42742 31.45871 33.05140
28.39142 12.57252 5.81666
25.54301 26.04187 16.31609
1.55368 17.03972 33.51104
32.70825 26.55342 7.21571
31.95885 30.07616 1.39207
18.69736 22.74565 11.35478
31.07424 19.63389 34.50861
8.61106 14.73769 28.88361
5.04903 28.93645 28.57084
27.54121 29.06127 2.11971
26.59862 3.03917 2.74690
5.52113 32.76400 13.00169
31.83363 8.21262 25.61170
3.30947 12.75405 3.52361
20.58339 11.51897 23.87053
9.73511 22.22860 29.73935
28.40928 15.05194 18.66177
17.14698 18.14529 26.21225
20.68586 18.59334 3.15581
1.56663 7.59057 31.35770
7.09536 22.66216 17.18563
30.65570 12.45523 10.87345
23.10428 5.38094 18.19595
10.14650 12.01543 28.28139
15.55192 27.49121 32.64013
29.34110 4.72214 25.89638
9.33750 18.78518 3.15548
22.77724 26.64944 17.38026
5.19858 2.18718 31.56816
19.22180 3.27767 22.74020
4.16996 22.36989 31.80313
16.98838 34.34703 8.00993
28.69202 4.05389 31.88637
6.68500 10.84129 8.02088
18.20541 27.45197 6.04552
1.36008 21.35757 12.56063
28.90495 5.12954 15.07654
1.19127 25.55423 18.49806
21.07281 21.92679 21.04658
22.47939 26.83910 4.95543
33.50664 11.88093 13.13740
7.17065 8.16534 11.90824
25.44118 34.03553 34.19141
11.05674 12.23782 12.52477
2.86961 14.16076 24.22404
11.85689 7.52024 20.36546
27.66652 18.92310 9.27795
2.57110 8.91872 34.71120
16.06864 11.53011 9.02377
27.73603 2.53745 28.84253
17.73639 1.00214 12.88025
12.75204 20.29277 22.68004
15.70378 9.46314 18.39590
11.85143 26.77783 9.81889
18.05716 29.55265 23.18974
25.89005 14.23574 25.92755
15.04019 26.87496 22.21721
16.83677 18.53496 4.03938
32.23876 20.36104 22.45326
1.78334 13.43504 33.51249
8.64516 6.26542 34.15179
1.37961 17.36833 27.83768
28.60535 12.84170 3.10698
12.93284 23.29371 23.39330
8.55417 31.99313 8.58906
21.35013 20.04053 23.76058
23.20775 22.40138 4.31687
26.04521 30.18160 27.47204
11.15526 1.49317 7.16623
26.68363 22.02356 25.32967
23.44975 4.87334 23.65246
7.52538 32.35784 34.86682
16.56222 8.08058 4.00996
28.91615 15.26678 31.03647
24.32548 32.28488 24.64548
30.59967 31.07868 7.05018
19.77992 14.40106 2.92751
28.98925 13.13155 20.31728
9.22903 13.83779 16.46656
22.80463 9.26476 3.38320
20.32039 27.74553 8.95876
16.54913 32.64794 13.71343
2.28984 16.30154 24.50840
14.01795 10.50306 33.77989
29.87475 11.23003 20.91852
3.83861 25.49602 5.05656
28.86854 22.20640 18.37050
27.13909 16.96768 16.69099
26.59122 18.78847 32.29195
11.77584 21.59085 26.67334
19.24423 27.95213 31.09016
14.48704 2.58143 19.30924
12.55300 7.31931 1.51882
3.82016 9.81728 30.09585
26.53928 9.42700 9.46703
29.29724 23.35746 28.58452
20.64547 24.88805 25.74067
13.01092 6.15336 7.16442
5.21555 21.42278 2.13296
31.79642 15.85356 8.04383
17.17573 4.64947 20.73143
24.53870 31.56452 3.32702
34.88127 14.56953 16.40465
13.28497 34.63975 25.44297
6.46665 9.90854 26.08732
15.89391 17.13300 14.67445
12.93341 25.79057 2.26873
23.56781 30.64314 5.22676
18.77435 19.01501 18.39445
10.32345 3.08828 7.67101
20.17626 20.54059 7.92951
26.62617 32.92041 14.47967
29.91732 13.66154 12.91596
30.88515 33.63358 1.47049
4.14022 31.74877 16.42156
3.57036 8.27663 19.96518
18.37519 18.91790 14.19456
11.63750 29.35441 24.60179
25.53917 4.95956 7.19815
10.35274 11.25714 17.93291
3.18903 6.56706 32.28098
15.74289 28.08050 11.59231
23.95768 7.65226 27.34299
30.26276 33.56441 29.94400
20.59330 21.07328 19.82064
12.37625 14.11417 22.93840
6.63178 17.39872 27.06462
29.82322 1.69834 4.47452
14.58307 27.89318 11.96333
15.03162 23.07191 32.09147
13.23935 5.50763 22.85480
22.34839 31.91669 29.51945
34.08699 26.00926 26.48078
17.87299 3.07411 10.49329
23.66871 30.62345 29.06431
21.81904 32.89625 18.97860
27.06693 14.34009 23.41223
8.22377 8.93241 32.95142
19.56672 31.54736 18.35402
14.36546 33.99923 29.47807
20.26310 27.12971 31.98290
32.32527 21.01340 34.69753
25.93770 14.54949 11.14590
2.63223 30.50954 14.10858
15.32545 18.71411 34.64842
25.35939 1.34689 23.02560
9.61491 13.55640 12.58962
34.23776 30.48456 13.12879
25.42148 11.88375 28.09104
3.26504 28.79422 16.74016
26.41709 24.41473 22.76888
12.58898 11.17929 31.42280
5.58665 13.45141 24.79183
19.34919 24.50444 11.19111
2.21193 8.44922 22.31308
27.66759 32.69049 8.39898
4.68420 3.04451 18.24074
31.42190 13.86820 7.64674
18.81474 31.74136 33.31615
19.34842 26.71044 20.40482
16.25878 16.55889 24.96300
11.53982 1.37716 26.45400
10.08344 29.62360 19.10736
26.72472 31.82803 24.65489
17.33435 4.43861 5.23778
32.68871 28.94442 30.22977
22.85571 10.97748 8.97528
6.23703 2.79660 3.43546
15.97996 18.76117 15.26585
27.66713 31.94793 13.22547
13.48975 2.00550 10.71826
6.63629 31.97412 27.56569
4.92015 19.19820 32.09982
21.77746 7.09177 3.54655
19.63468 5.74911 9.36912
18.75494 9.25357 17.02113
2.07703 2.83465 15.54220
31.51122 8.30652 32.50086
7.23988 6.04986 28.68651
17.75393 34.97682 12.90945
14.00974 17.72317 10.33895
11.33711 10.97978 13.35555
15.53529 9.37086 2.70439
28.41373 19.25397 6.94759
21.31977 12.33598 13.94186
25.38618 22.34163 26.76684
30.53106 12.80447 9.61107
2.20094 4.45591 13.87892
12.35540 27.03173 14.74507
4.03734 13.37110 17.26185
32.97979 31.52361 2.83517
12.16933 14.05640 12.30330
31.95677 28.61128 11.62755
18.29323 1.08338 5.86247
8.62268 26.98803 15.31686
30.96268 28.38231 15.86140
19.85380 18.03035 29.25642
19.50796 27.05672 11.24913
28.15823 30.20830 8.71874
29.27979 19.28315 18.96724
19.48994 34.63436 2.79351
14.05502 31.52766 10.27582
9.17908 9.52862 5.93482
20.92948 16.31473 20.50808
31.43836 6.10074 5.52903
29.57896 23.36467 18.41947
4.09933 19.64467 24.23968
13.22583 1.39324 18.72028
31.48428 31.77895 27.58572
18.43104 21.08872 16.02303
7.94827 25.00088 25.52387
13.04038 1.20485 6.77710
26.08997 2.98757 20.39831
26.96457 9.38513 14.92682
11.10305 14.63962 28.48813
29.32667 26.11012 24.94376
33.68008 8.05253 10.51103
29.13881 23.95714 24.18908
27.77135 4.69397 7.41363
15.47623 15.99400 29.19351
23.95125 32.66718 18.40928
28.13484 12.14806 19.49664
1.85850 11.30221 12.85711
17.85728 22.35031 4.44313
21.12577 34.14826 34.16183
7.07139 2.85608 16.06160
8.40585 4.29215 31.70064
4.38386 2.95069 12.34932
7.78619 16.62475 12.79638
5.12907 11.83416 24.48883
6.63654 4.56276 28.54468
30.36421 27.63887 18.87804
14.09129 2.80599 23.74528
24.64081 7.89715 1.14664
30.35442 14.31888 14.12990
10.16149 32.97792 24.57986
25.74649 5.02514 18.13921
22.49055 15.09000 9.81179
3.09945 28.49312 24.84250
20.12332 8.06709 14.72150
15.67308 11.66655 21.21238
7.52838 25.48135 24.79781
32.10079 32.80537 4.78088
9.75039 17.43058 34.74903
25.45151 20.56809 31.77108
30.78306 17.09483 10.00307
26.36014 27.55658 29.31405
32.78752 11.78925 24.30278
13.83367 18.72978 4.45138
17.04310 18.27233 2.44623
9.57764 23.92375 21.17506
20.61915 29.03864 29.10697
15.71971 4.56632 11.84426
19.38076 22.54253 31.69220
18.61815 17.24076 20.20957
2.94183 15.18586 19.23180
2.51543 32.29163 20.84924
31.32456 4.49571 29.15421
7.83306 25.66145 33.00702
15.99651 16.77686 22.33533
12.30474 13.08767 31.88860
1.89619 20.06921 29.49127
27.28359 23.19941 10.10363
17.65655 2.63750 34.83960
32.75689 16.74089 12.14515
4.60062 7.44028 22.46600
17.40653 28.39457 9.17300
1.07329 26.52763 27.96512
32.11408 30.26754 33.72174
34.93620 18.19978 28.37372
4.18411 6.60344 13.05635
12.41275 5.25063 5.09576
29.27753 25.67172 26.28150
23.43378 15.88947 24.49162
34.19893 33.73954 7.70786
4.38955 20.50257 28.38305
11.68322 11.51510 34.14906
33.16001 22.99937 12.75510
15.51477 30.57359 21.97511
8.32615 4.81160 26.74223
16.16587 34.44839 12.79545
4.49447 24.13103 14.10686
22.73512 3.86709 30.12753
7.07922 17.52244 6.88736
11.44089 18.07272 27.27774
16.32100 20.12052 30.96973
15.43226 9.36692 33.25324
25.74858 23.35992 28.33039
12.58340 12.82816 28.00630
25.06122 21.30990 34.79264
29.17936 4.45380 16.19317
8.68357 30.75963 24.58269
18.79782 10.87742 31.34461
12.53178 33.78556 15.67548
10.09600 1.55344 33.62635
31.22940 19.97214 12.85938
30.23443 15.20133 12.00190
13.26545 9.98780 16.53578
22.54988 25.64578 27.19952
34.38894 12.57211 17.83917
14.71762 9.81389 34.09280
18.34749 26.64441 4.38540
34.58174 12.30459 33.03112
5.75299 12.05173 10.52679
7.62616 23.97258 21.46924
11.87651 13.85263 20.77574
2.32637 27.25248 31.47004
11.16316 33.56612 22.22457
5.28763 26.59025 2.06318
24.28455 17.65601 15.61775
26.20014 27.14474 1.96323
32.53918 3.98759 32.06850
30.55710 30.64730 34.08228
32.04932 32.96442 13.19013
18.74445 13.19074 34.24253
30.23104 28.66170 10.95949
10.64465 9.04882 18.81623
4.58626 4.20190 16.92906
34.16695 7.08755 16.42441
20.62229 34.66234 13.25004
33.30859 1.84428 5.83993
10.78957 6.57070 26.37815
17.53933 8.03572 25.64246
32.84622 33.34300 15.77756
12.53889 15.33372 8.99089
20.28246 29.87418 1.84762
12.71066 7.67729 2.68046
29.06044 2.70125 20.65467
24.06408 30.81141 27.53573
18.78983 26.69586 25.19245
31.63101 29.20837 22.01573
12.93103 28.92465 12.95908
12.29405 23.06941 33.74456
28.35951 4.28548 3.13191
7.24991 14.79559 12.35813
17.75036 25.99110 31.36434
23.90766 3.44570 32.31000
8.20536 10.20887 10.93765
13.56648 30.15535 6.92439
8.07519 20.62841 18.25143
7.16067 33.79315 30.97004
25.43726 30.07638 33.91357
21.09730 18.92601 5.56369
2.41075 2.01593 23.31215
10.18533 18.55666 17.31462
16.00641 30.68284 23.57409
5.24458 28.34506 13.79750
6.36561 10.21208 23.17100
15.10967 9.44924 3.60962
18.27591 17.80910 32.37822
16.19314 15.15014 11.82797
30.72628 20.99797 31.29511
18.97733 32.57290 26.40630
15.09222 24.85973 32.66550
8.31742 13.18662 8.19956
9.06356 19.98862 2.05102
20.00203 10.27934 4.48503
22.22959 4.85129 7.41477
2.35854 2.09985 4.89342
1.72455 21.72895 4.26917
13.29149 31.04916 10.20294
6.20891 22.73042 13.67554
9.37931 16.47889 10.97619
7.82853 4.86100 15.60185
19.11467 19.63558 11.67225
8.03854 8.77031 10.36265
21.31242 6.06227 1.07775
28.10639 33.70929 10.21743
23.02186 27.25744 9.93310
29.95191 28.84247 10.50653
32.88299 9.36822 3.21699
28.81770 26.94018 17.92122
15.55265 20.75045 27.47755
19.27200 28.15490 30.75900
12.83730 24.84800 17.24976
15.23302 29.55061 23.87865
26.80821 26.56995 17.21332
19.43851 12.83151 25.99803
22.05352 5.35384 23.42296
17.80257 5.68423 6.00129
17.13691 28.39466 12.77149
18.15681 10.39022 27.75150
30.61075 10.35445 25.02301
16.87206 27.88146 16.28846
8.01182 4.99679 8.20720
14.06760 5.65943 20.10098
18.20686 15.85361 8.93521
32.78595 15.91297 30.94261
4.28965 3.02523 34.58198
15.75900 6.78002 22.24517
15.58323 5.99163 2.50298
19.08332 13.40454 25.18322
8.27408 25.77689 26.90631
13.84686 11.33713 14.22865
30.51916 17.96956 19.39505
31.82016 8.19961 29.64711
34.74890 20.81260 10.99450
13.28470 13.31866 27.20706
11.05139 6.64785 9.25207
7.78277 5.16555 13.55027
3.67165 19.23247 9.64221
15.86751 12.20063 27.92114
2.05703 34.90114 32.81719
24.80330 34.71816 20.90639
14.88647 13.65105 10.93118
13.03385 27.08699 11.80049
24.44214 17.70918 24.51044
31.03340 18.89699 30.94726
25.71125 34.68272 18.36443
18.60120 27.46456 7.54294
8.58877 17.64143 4.59852
17.92445 7.13330 1.08864
22.31487 5.61491 34.13001
17.48517 15.56409 21.31527
3.23259 14.62586 7.66678
30.92528 30.70699 9.92620
11.84256 17.77660 34.36351
7.78419 28.45218 16.34451
15.47651 18.60301 5.52349
8.41559 16.17952 23.78860
1.71855 5.81080 5.80473
18.18286 19.75749 24.19502
27.86605 24.29428 16.79833
9.07650 33.14855 11.20785
19.70412 14.99614 28.72967
23.45902 19.99675 3.64703
2.51815 20.39674 1.84436
8.61042 21.51531 34.47521
23.26923 13.74490 32.93734
4.06430 31.34757 8.68478
28.70776 22.02204 3.38831
14.46483 12.92881 24.29340
31.23015 13.01122 22.11829
10.86311 28.27400 8.00190
5.78604 11.89862 24.08087
3.00024 24.86703 7.08497
18.74876 34.67167 5.79642
21.35424 31.86255 22.51198
15.16444 23.39997 19.03345
31.30773 28.10062 17.97165
7.41515 20.95039 20.50231
12.76829 4.33309 20.99006
31.24501 30.33950 6.39214
18.03582 24.24725 33.12074
15.05528 20.84647 19.31573
31.81461 31.30113 8.25905
20.77441 30.78007 13.17495
4.19088 25.88560 30.53507
1.50852 8.06687 34.19658
17.64517 33.25671 22.97940
15.76867 5.79585 3.71432
12.06578 1.41136 30.07041
12.59234 10.73291 13.13467
19.55148 25.20853 19.77266
19.47732 23.60759 3.46756
22.84358 8.59114 7.74091
2.06477 10.47619 30.98307
31.74655 21.45123 13.90693
12.94756 4.41567 32.97244
34.64735 29.78794 23.59172
26.70216 10.44777 28.42596
15.76506 21.17313 19.55878
21.13619 12.44744 6.70592
11.47174 4.35463 12.77760
24.00348 17.39132 13.42025
24.16972 21.82751 31.54600
7.19960 33.08701 4.90921
16.63286 19.12014 34.01128
20.53519 4.71682 17.96511
23.10595 7.06139 18.73300
31.49850 33.79391 10.20130
33.31844 32.75129 34.33502
17.86084 12.44688 25.49847
30.42015 26.76667 21.77664
6.14148 18.13135 18.13614
14.76478 3.06893 19.62561
26.67564 1.04682 9.16118
7.27589 3.13583 14.20500
12.30023 24.22880 6.65294
26.09597 4.27371 3.10579
25.62993 32.20798 15.50159
9.04884 9.46296 11.58079
34.31139 14.67470 31.61453
31.93065 31.04432 23.53365
31.08023 31.74569 32.32943
23.15440 26.74534 11.05715
16.22094 8.10052 14.19138
15.12858 26.34131 33.23569
10.77414 31.38264 1.50621
7.71379 10.52336 16.78257
17.32569 2.89566 34.26877
30.68254 5.21187 14.62083
3.26835 14.53835 19.14935
9.59478 21.78935 17.99430
33.31477 6.86875 16.02043
20.26990 29.50661 30.78446
1.00601 5.67551 32.16359
3.28700 16.12465 33.54296
10.13684 33.82637 15.28265
22.44903 31.19820 21.97591
26.21073 9.69449 6.35593
21.21748 30.84405 29.76111
4.49936 20.80956 2.27063
8.59277 11.24691 17.59716
13.56245 12.33310 10.10687
4.87392 8.73643 2.02032
28.78649 11.37585 26.49585
19.28401 29.71313 32.30113
13.31927 13.75754 14.17370
19.02619 9.64326 21.91159
3.64681 2.84076 29.50032
2.66804 10.05511 33.94871
11.73037 9.72812 1.97657
34.72817 17.82383 23.48729
18.45320 21.08548 5.64078
7.16577 1.19228 13.47165
23.97651 32.53767 33.53029
31.89195 19.08372 33.14376
33.74164 6.36977 13.89515
10.52976 32.11553 21.74054
29.35809 19.35480 19.40143
18.94041 28.03054 5.31795
2.70967 19.86691 3.23944
15.81686 28.93539 16.74841
26.64759 13.21354 31.11214
19.27266 15.70728 21.06874
30.06746 29.82300 6.42923
21.08742 14.82462 16.41268
24.67119 24.36526 16.90791
18.89933 24.66997 8.55030
10.52517 25.30835 34.19167
12.81640 11.75769 32.66986
14.93480 15.46909 34.46241
14.62126 6.77058 19.14202
12.92597 30.56001 30.04792
22.95247 5.55174 10.82497
16.54091 32.81575 30.64104
16.54878 10.67539 21.17528
8.80378 27.25825 21.81157
9.26979 18.11030 28.26153
12.02817 18.85776 23.33435
17.43301 27.24414 7.05130
11.77379 21.78880 20.41613
29.97644 18.53225 11.66775
34.62795 24.61016 33.99622
17.82809 22.45953 19.05647
34.98610 17.90479 11.06995
25.61299 2.86454 12.58943
6.84551 24.47781 28.10288
22.25126 19.92986 2.36119
12.37200 20.89078 21.37247
18.94587 6.64831 32.39360
7.84049 17.13250 11.71114
31.26747 34.86384 33.57639
5.49386 23.56188 6.07634
27.72566 22.28445 25.74008
16.75509 6.69468 10.77677
8.71090 23.02258 33.85028
31.33087 28.91193 32.02661
18.26099 13.18687 1.04273
6.46636 6.39433 25.52952
6.36074 13.31193 9.59840
20.09046 30.21259 3.16801
14.41164 11.75904 1.36352
12.12895 28.46443 12.09893
14.09719 33.93558 17.48523
28.78817 15.17670 22.04130
8.37899 24.67964 3.93625
21.48320 24.06107 32.57615
29.99408 26.44466 21.37867
34.57407 8.08622 18.88775
13.17849 6.55321 13.48070
23.89704 21.99117 30.86648
10.92568 19.65252 1.22887
21.53410 11.53391 31.62825
10.49174 25.80817 4.12119
1.76027 13.63591 1.72468
8.08083 33.60355 11.92677
23.61909 6.66559 18.43997
30.98418 3.71316 21.63827
22.68582 19.39138 28.90872
28.48641 25.70807 12.10911
5.96444 20.59386 29.13353
33.97180 4.43680 16.22304
16.55008 33.89973 8.78107
32.96630 6.47838 15.13790
14.82157 29.74792 1.00682
26.07537 28.56359 9.67215
28.94758 27.41787 32.55065
9.09683 12.62945 9.16247
10.51115 7.74461 12.24517
17.75337 21.13567 23.90290
29.87850 10.09552 33.43808
9.28780 29.79696 20.87194
32.93217 5.98559 5.28836
29.52812 23.40825 20.83048
15.65703 19.23888 29.04947
5.24050 10.53084 20.28465
21.01156 3.99986 9.95538
26.73078 24.97801 20.57907
4.15366 20.48519 21.89735
11.88546 31.62048 24.72790
22.36302 9.52893 2.46110
31.57754 31.52238 19.22419
3.97800 25.10556 25.90311
15.98315 25.71643 8.47617
29.29063 22.91920 19.64498
14.01302 6.41059 18.04524
33.00647 25.22520 27.54881
22.60254 21.99851 3.83362
7.57411 9.52579 8.15599
32.26625 1.66082 26.28147
28.40853 9.07858 28.63096
20.34982 5.21918 23.78588
14.91990 13.25481 17.25995
10.31752 2.55874 11.56443
21.54191 1.78752 9.57943
5.79246 15.38183 21.03559
25.41303 6.54441 6.33395
21.53904 14.08496 1.76317
11.32310 14.37384 34.59276
8.38272 20.23176 11.30773
29.43331 29.81748 2.31853
17.70168 9.32680 10.76010
5.08131 27.88425 33.32498
30.90053 25.66971 5.49182
32.21905 9.97444 32.68129
6.74271 18.03719 23.35114
25.33680 25.68901 14.26062
25.56128 32.15593 7.86284
28.67235 9.95826 17.26047
28.06581 27.92645 12.89413
3.02980 26.32024 7.61381
32.32860 16.62343 13.87454
2.02956 10.10943 31.12710
3.55259 29.44072 12.21987
1.89275 5.15572 2.83189
31.24882 21.55412 15.27695
18.20053 10.11903 29.38105
1.10279 30.13225 11.07444
10.34110 32.65521 18.78235
19.16814 8.38593 7.99964
25.06034 10.80551 27.49431
33.28161 18.25767 4.00424
13.20066 15.77122 29.67645
32.51825 7.55729 17.40322
5.96649 20.60264 14.27461
18.63664 18.29514 1.67533
26.09925 12.33328 27.00117
34.48081 28.74490 11.62275
5.71102 33.30088 33.97969
31.01166 4.07922 3.42342
28.95622 27.70859 5.00711
7.89827 19.55281 15.75796
17.14280 26.20216 25.24500
6.50295 5.47513 12.52249
26.84452 21.06256 19.84964
29.67352 20.44795 18.56373
25.60953 15.07873 15.84330
1.07226 15.43410 24.49067
11.52803 18.60639 26.27062
10.40705 19.95887 23.01980
29.18367 27.51204 2.31568
16.38089 5.47226 26.18195
29.32946 3.50772 14.53027
18.90468 25.76190 8.52506
31.37465 21.83080 11.75529
12.01928 25.31493 14.46765
25.26586 12.55594 31.34492
4.11227 22.64512 24.48798
32.26873 18.61501 15.59662
6.29771 2.14683 30.53297
27.48730 33.26068 4.51946
26.23249 20.63433 12.83351
6.02186 34.17442 6.42786
15.86491 24.98951 4.92509
32.35083 12.86102 19.37248
6.68762 9.37845 29.36478
1.54066 25.17010 28.96941
30.10317 17.74103 30.18389
33.61547 1.64994 1.76918
12.66205 7.98395 29.02328
12.02414 8.55468 11.30495
19.49995 8.68914 28.87150
30.75331 25.40731 31.75892
13.12184 13.20212 33.67953
7.96322 1.03372 9.10532
11.58010 16.63022 11.52979
11.77080 23.05821 1.91850
19.03364 32.25244 26.23739
29.56397 9.24877 10.73221
9.62441 8.25734 17.25804
1.34306 8.06869 4.46474
15.50735 24.75112 21.47677
34.46240 8.50881 34.53121
31.06285 6.56652 11.04576
7.26725 23.44441 26.91619
29.17923 23.20719 5.86780
21.47914 9.74314 30.58788
22.58558 34.90529 10.76240
33.04494 4.36988 23.90878
27.19368 32.36731 28.56806
27.16287 22.60938 3.30242
22.13800 14.88798 3.66055
14.89515 10.42204 30.66748
27.79577 5.70931 32.21026
4.86802 15.31777 30.18403
11.07034 25.69817 19.58949
15.60857 4.16371 22.54960
25.37410 22.82774 9.57306
15.63741 32.20663 32.50829
16.56854 23.36861 34.53414
18.99362 19.81751 7.96189
27.60622 8.89480 8.38776
14.54311 16.80232 17.54640
3.72843 8.23493 5.44619
13.26249 5.36865 27.20052
21.19464 1.19012 20.67500
34.10631 33.75309 5.88912
27.24113 32.09814 24.74814
29.23830 1.45811 33.78664
15.49827 9.12696 3.74890
11.78388 4.65432 34.21209
22.61742 16.07238 15.43180
15.65928 14.59000 3.79987
29.97581 16.15164 17.57096
34.11293 8.01447 25.99336
19.11171 25.85993 27.36912
19.80347 3.45624 4.52436
5.99066 33.53163 29.72015
16.07214 9.66373 33.60960
3.38656 3.52286 22.02317
4.78764 9.17242 4.76162
19.60482 10.16288 29.19979
14.45687 22.98815 25.83655
2.95649 30.12622 5.51249
13.25912 1.68113 34.35162
1.27152 16.81289 8.46454
5.76211 34.98862 33.37502
10.52229 27.23087 17.48230
11.69234 21.81692 27.11337
16.54832 29.22072 29.75639
33.07419 8.58034 3.81239
29.71999 4.07835 6.29123
10.51841 16.18844 1.50518
32.59337 11.26059 20.61385
10.03567 26.33547 3.69322
12.88397 20.09432 16.31504
14.76852 12.60679 26.46840
1.12141 17.14063 25.66696
30.65061 31.47674 29.53862
18.05108 1.81156 9.92604
10.15336 28.07489 27.86751
19.18027 11.14434 18.97282
4.11055 26.00135 11.20274
5.34022 18.82487 1.24462
4.57781 24.31173 7.11589
1.68912 29.65562 33.63924
22.12526 30.50082 18.38416
22.44382 7.52048 22.05557
29.10182 1.99282 33.06973
2.41944 29.36572 9.84872
30.85709 19.96884 28.79269
16.92406 8.10467 33.11092
18.23770 30.87138 1.11311
23.46024 9.34028 16.43922
19.96631 19.17743 26.43486
2.00131 28.69360 4.49534
10.90679 28.43665 19.87022
27.00401 22.60830 17.50548
26.82139 4.61714 14.00311
13.17741 24.62089 21.60053
5.84758 23.80571 8.33178
19.98986 24.89019 18.09232
1.31706 28.46169 10.94712
24.94955 13.81955 18.37941
32.20179 29.56686 9.83602
30.88329 2.87761 7.80115
15.96630 29.98433 13.78479
1.55150 6.44846 12.60347
9.26904 10.57953 4.36560
33.75096 33.29261 11.40316
15.86727 19.59964 26.25629
9.48217 16.52659 17.86447
23.25556 19.70716 20.90137
22.52204 34.73288 11.24440
19.81822 34.91287 3.86162
6.34529 3.78842 11.39376
3.18908 5.86987 15.85755
2.95455 34.73691 21.39148
22.53592 33.03557 4.82083
1.11533 14.16215 4.30652
6.98680 30.03954 12.05061
6.94401 7.15923 15.62636
14.24282 1.10839 10.99093
6.80505 34.29567 12.15034
3.30014 24.47076 13.54383
12.41437 6.42752 18.39308
9.15851 25.89691 23.34558
4.92588 33.09851 22.00076
28.77869 2.45426 12.29791
4.49451 29.05091 24.15854
6.14114 1.94344 33.84532
16.67186 15.06919 29.12144
34.67175 12.15256 8.40140
34.28628 33.76382 34.95858
1.27337 12.85219 30.57977
27.76846 23.98532 17.48363
17.50223 7.98886 30.23665
6.87606 28.20181 14.70380
33.85030 25.00381 12.54485
13.55237 4.56318 20.80588
18.93927 32.07563 21.08751
30.04555 30.57407 17.79433
5.80990 17.01871 11.73685
25.04620 24.59751 4.52268
32.85284 34.94709 27.87872
2.69815 33.69470 30.03875
10.41263 24.89074 5.45155
10.46699 33.95413 26.81902
3.60219 26.37072 10.15795
15.12891 7.55796 18.38065
23.07433 7.79212 18.77313
16.49211 30.28899 10.12255
15.01601 3.52349 8.10834
28.19541 12.81646 20.36340
5.99024 23.81317 28.34657
5.38123 30.62121 5.47717
9.06199 22.78371 19.96518
31.46549 24.07993 14.50476
30.51496 15.98142 5.40723
32.41266 20.88471 20.58696
11.71476 4.02071 19.14421
29.72968 11.15465 16.68788
33.73411 33.30772 5.52607
18.29270 34.85048 32.53818
20.68056 8.84216 25.72414
28.44454 15.53224 12.84474
15.29641 1.02427 17.03836
2.43605 3.72514 11.09864
3.23616 31.36185 5.68320
17.30983 7.35324 15.81659
15.89657 30.50621 31.17691
34.32451 5.37191 17.78532
5.57189 34.47459 23.70580
18.55275 19.81225 31.29506
24.00892 20.58767 31.99849
32.93284 29.08393 24.13620
26.97464 23.97738 32.52628
18.92443 20.53260 18.87713
16.90452 33.79265 24.13572
3.79269 18.95821 6.98949
9.99295 24.09204 8.19001
17.69971 30.55080 17.23343
28.04081 4.10096 24.57637
31.06025 24.32887 28.65844
28.87658 13.38181 17.89580
13.58662 25.12962 30.12632
27.03004 17.35398 15.57427
27.39667 4.29651 23.15168
9.78443 11.64078 26.18747
30.95080 23.04275 25.52915
5.91146 22.33224 32.53105
6.15463 31.70370 11.27629
10.54063 31.43310 4.05496
34.82528 30.80387 27.95989
17.71286 29.33881 30.00709
1.03290 20.38580 15.82474
18.18562 13.24450 2.56607
2.84198 4.73580 11.69495
25.52407 3.50620 11.38032
25.32957 20.83359 30.96757
12.77265 14.55083 28.74188
13.10930 19.13348 9.67654
22.25833 18.69997 28.66913
22.12278 7.90264 6.24775
25.89596 29.00577 12.22080
7.03968 21.03195 13.23866
3.62881 8.38174 29.61851
13.32756 32.18226 14.65148
12.30950 13.06771 25.89405
33.96621 6.91044 13.93691
28.13734 27.48883 30.72884
25.33004 32.97694 13.20175
3.39931 3.37215 11.17898
20.76730 16.89553 23.55431
22.25461 12.00761 11.41910
18.20287 1.49384 24.53027
7.40039 13.19884 22.20987
24.23407 1.92398 2.56572
19.10459 29.70264 10.59182
31.54978 29.46150 1.27164
11.45183 16.23007 24.94880
14.33010 4.75676 32.80201
16.15751 9.47526 8.88299
8.30726 18.88178 25.64401
2.52769 30.25647 1.72006
27.95327 14.29712 24.54763
7.33805 26.81057 24.77086
12.53113 5.37081 21.96481
18.14097 32.64127 13.99801
10.20189 15.01400 22.51185
34.68079 29.95427 24.56655
8.55715 28.94992 8.46189
26.53372 25.90443 3.83390
18.80725 10.93977 21.47367
12.93300 23.97347 2.08080
24.42610 1.93989 30.61696
6.47897 30.50641 10.05707
6.64936 10.00912 12.90024
2.38135 30.38634 17.21790
2.68078 29.56058 21.26994
29.83118 4.27384 5.61385
18.23197 33.53742 7.23978
21.94248 3.33484 24.39928
6.79281 18.93462 5.01460
31.19995 12.48122 18.09140
34.40951 4.12005 15.82364
14.31292 34.05992 14.12099
19.25049 17.44035 32.44248
14.71970 17.74237 5.35987
29.71368 6.56292 21.77195
23.15865 22.07899 16.66516
2.19329 13.94154 10.41912
12.89446 19.49452 4.93033
34.81014 5.73953 16.28897
10.96812 14.50595 29.61789
15.75136 29.23154 5.02565
33.68353 32.01519 19.04851
24.10550 26.87506 4.80948
10.87336 34.54444 6.34317
31.81931 5.80736 33.16132
9.11383 23.51380 1.58069
33.10115 16.52352 26.52135
7.59131 24.22257 3.66348
8.75569 5.57600 4.56184
4.61322 7.78295 16.60075
34.10891 27.52262 21.74368
10.97212 23.96078 21.76639
5.38933 11.35140 9.65925
13.95715 24.45544 34.57194
14.99079 9.42111 12.12539
29.38152 1.66898 6.18999
3.89517 21.35408 13.81391
33.06530 28.08146 20.75314
12.13535 34.35068 17.44533
24.40552 15.54936 20.48154
12.89914 8.80058 28.47156
2.07047 13.50804 6.82452
30.21644 12.61624 33.83098
18.51747 11.72500 7.69429
7.20210 7.85327 11.67907
18.02721 7.87994 31.80018
33.99452 2.51091 15.92835
5.34666 20.78985 29.04925
30.85104 15.28867 11.97666
33.42830 7.29833 6.18552
13.93289 25.59603 10.33425
24.92406 12.25601 3.72987
6.57059 16.43508 31.78501
11.11668 8.04468 26.31842
17.66271 17.30451 18.64978
18.25139 9.97977 33.22777
11.24654 5.57072 19.02324
20.09338 26.11342 13.53485
11.58130 20.15792 16.43892
19.88246 27.75840 33.60888
31.25878 4.61259 28.83511
19.63641 5.14232 21.41660
7.33544 22.72330 4.67853
17.98338 30.62346 3.90844
32.12161 22.87763 9.98896
30.33020 14.30363 10.14043
31.16288 23.65346 34.30836
1.68144 23.29746 23.77352
33.25098 5.46632 30.20459
1.80112 2.87841 3.15399
34.31985 13.85174 32.20525
24.21479 23.91111 28.08295
4.92401 15.14410 14.06362
2.73693 28.87904 28.46663
8.70555 14.30307 18.00178
3.75178 22.77847 26.82407
16.79581 23.08731 30.56299
1.47531 34.46264 14.94628
9.41322 4.98713 34.88076
2.68275 15.56587 23.45644
20.32570 14.94999 22.18691
26.31484 6.65500 31.30726
9.94899 13.43587 19.86322
7.11621 2.45456 22.62920
19.89821 29.03918 4.89671
21.77544 30.94621 34.89784
2.12024 34.35349 21.07299
18.45113 23.62272 34.71125
31.73782 6.32436 33.18357
10.60236 28.46035 24.02329
34.54387 29.92263 3.02417
23.20578 19.88266 19.03704
27.17296 6.16186 19.73156
32.92693 34.67001 5.01647
5.20870 15.53811 31.28217
25.07277 4.03348 13.56158
23.04072 25.18209 29.96908
8.62328 34.29174 1.55957
33.33944 13.57983 25.14037
21.51630 34.57814 24.56408
15.08164 31.94725 20.02564
3.48747 21.84765 33.51297
11.90438 16.86588 18.50212
19.89122 13.68925 1.71323
23.57669 33.93349 9.39178
9.00979 21.93502 24.32338
2.77043 19.36054 16.18454
24.82457 15.01391 33.60511
13.42198 20.63518 15.52480
8.06131 22.78897 10.36214
1.93074 16.95304 16.12181
1.90068 28.75657 2.57572
33.44743 34.50151 6.00605
20.84231 4.96437 14.37295
16.93486 21.87010 31.27005
32.01775 19.07575 20.02230
13.72820 14.31537 12.50214
11.50730 10.11899 5.18350
1.41627 24.08670 9.91456
18.49270 25.14698 33.00482
18.89088 24.96293 27.78471
30.91958 31.23952 10.24916
30.35582 16.02762 15.24934
8.38643 5.53679 3.55083
16.83809 25.03415 10.67172
30.00276 21.21595 2.25381
33.83039 15.72398 4.55497
8.59323 4.75002 29.39724
28.98168 34.27407 14.84435
16.94473 13.94283 15.33190
3.09153 23.65054 31.61039
3.31468 3.44982 30.45143
31.25375 4.00179 16.19871
24.35996 1.35195 22.13796
16.99320 6.19094 28.63929
33.35646 7.97337 18.80808
33.37994 12.22911 22.69930
26.23516 3.85037 30.08916
19.35405 6.84758 21.18359
32.68051 25.25908 32.48987
3.21124 26.85810 27.58755
20.71114 12.30892 25.09878
24.20594 19.75990 24.44595
11.13214 12.99651 12.76754
33.67192 29.88286 9.64500
21.05235 9.76968 33.08429
30.31022 7.17679 21.88172
16.71800 31.04699 17.73138
19.94489 17.05728 11.99794
33.30058 11.31407 4.17842
26.32653 5.82902 26.95778
26.75043 31.28768 25.84314
32.79914 3.66227 24.31313
21.67417 16.35580 8.69253
28.93289 26.37920 8.27266
14.64212 28.56245 33.60367
21.61946 24.02005 8.16226
21.36430 29.65510 7.80311
5.92080 14.14981 17.52183
30.13323 23.49457 15.03430
4.85773 17.33889 3.79646
24.61074 31.98227 29.24297
6.23384 9.81471 13.50189
27.26121 21.42203 2.75349
27.99911 3.46055 2.74040
18.68572 14.88756 21.50205
31.09593 24.10013 2.80149
14.90871 31.70589 26.79978
27.49536 17.35274 7.91746
5.21671 11.12738 24.70740
10.76903 1.35023 8.46170
30.77017 4.32768 16.81329
13.09756 8.88283 9.87426
30.67617 11.76142 15.97270
32.59488 29.12469 21.39393
22.48742 15.34964 29.43707
3.11781 17.31858 24.39351
25.05423 15.06028 13.96482
1.57630 26.85025 7.97983
11.64126 34.33553 6.50697
4.40857 29.94359 17.20513
10.59084 9.12755 3.76528
16.71231 26.81506 16.82210
13.85224 31.44712 10.01190
3.94199 1.52730 1.76022
6.06508 28.33337 28.67220
28.50328 23.98113 15.16049
19.28660 32.51366 15.44646
30.59999 16.12887 16.64727
30.24983 1.71949 20.37875
22.85508 9.14505 6.22780
5.98503 19.90225 20.97666
22.40394 30.11994 1.95664
22.49881 24.58589 11.56025
25.32707 3.49685 31.27780
17.42122 32.94079 7.69464
6.00260 27.79168 8.45355
1.55916 8.13633 7.88803
22.93337 13.65192 12.74775
21.31140 26.14334 31.59235
22.63526 7.60816 6.61318
15.12447 33.64916 5.47323
22.67255 6.45015 4.08817
21.21914 26.91482 1.00813
29.95068 21.00611 3.71791
11.11359 18.96090 20.39568
6.92534 17.15039 3.13993
17.77486 19.73866 19.39076
16.55625 5.50710 7.12674
26.75431 17.44197 19.79633
4.69825 7.39389 2.89246
30.30559 2.98493 26.50476
10.21247 26.95778 3.76212
7.96792 17.26008 29.08895
27.35975 15.20200 23.85873
7.33846 28.95332 31.86102
28.61814 27.20482 19.51923
21.91164 8.60463 31.93246
25.88944 22.65944 17.88958
16.27208 33.33918 33.82792
25.94157 7.43737 23.90747
33.04444 12.77516 19.51232
2.98061 4.40559 10.50918
20.11104 33.90484 34.15058
7.76667 7.47018 4.36003
28.30244 6.59028 24.52312
32.01665 25.34948 10.79163
11.51438 5.49397 14.72798
7.59829 28.55437 2.47939
14.45452 23.60880 33.94175
15.08120 23.61900 23.07720
1.99163 14.51989 2.59800
5.25390 9.08546 6.25221
28.55821 13.48274 10.08769
28.43774 16.09826 16.54919
6.12555 23.77001 16.71977
23.70199 9.62416 19.74329
24.74689 32.92677 13.53401
23.65921 24.33916 29.63527
12.00539 23.32989 23.80272
21.20407 19.12949 12.33286
4.09693 5.22365 7.02706
10.75542 11.77736 27.76356
3.39871 14.68879 20.33963
30.72044 10.58740 2.29566
4.37366 20.68811 2.27582
21.70833 1.35407 6.03506
16.79295 7.47992 13.62344
2.79745 32.83826 1.63585
16.46976 22.01133 34.83422
16.96924 16.41488 18.59140
3.69877 7.42443 34.19224
29.28857 21.58917 11.41748
34.67604 14.07518 23.60196
9.52616 2.61689 20.51914
16.57508 25.37151 21.22599
23.23211 9.73889 11.33543
28.20899 33.79120 9.38086
21.76450 30.40685 1.80710
20.10694 9.55498 28.59315
14.34565 26.39402 10.08040
22.34358 6.28113 9.53459
24.25342 34.41031 12.78289
2.35225 8.49053 2.45954
1.63590 8.47406 30.68151
23.19417 3.21878 29.35229
20.93337 14.04358 29.17517
9.96282 26.08915 30.81388
10.09926 29.53892 19.96739
14.48688 28.20030 11.81293
17.90754 8.82552 16.51847
34.61344 28.20051 3.44760
25.85926 25.94796 32.25144
16.39544 15.69455 27.06003
24.20039 13.62407 26.18128
2.13301 22.74545 25.19586
18.47726 34.16429 19.90617
25.06905 2.19172 8.66303
23.42848 11.16665 6.65407
1.57984 22.88337 10.49566
21.68824 12.01022 28.65162
22.42281 23.46676 20.68073
24.63431 12.50233 9.12192
15.55427 12.95224 14.53837
2.97808 24.08871 23.75570
5.20025 11.12847 13.52077
27.30260 15.60778 8.82078
10.00665 24.65520 2.47633
5.35227 14.32569 7.14593
9.97321 7.85975 33.40807
12.33534 29.06381 6.80434
25.30947 23.06006 34.13850
1.30853 25.20861 6.67206
18.49409 21.60211 29.62523
14.49707 4.46470 21.28702
26.44006 32.55713 20.24029
13.55019 15.28766 31.70266
12.01925 22.77903 32.97008
21.92197 1.19558 20.03788
7.19264 16.21599 28.95352
25.78419 18.69854 6.10937
32.03389 13.58348 24.83908
16.52198 2.28780 20.16262
11.90344 7.71419 18.82177
5.42490 10.38190 3.00357
26.85750 24.71124 4.31795
23.61244 30.32712 17.18772
28.81309 14.14093 3.56973
14.81073 23.30323 4.93217
11.92522 16.23119 9.07871
5.24828 27.63379 13.50857
21.08373 24.72358 6.55274
13.41148 15.82808 9.02325
28.34694 21.35864 17.78304
2.76038 34.79083 18.76633
21.28299 28.49875 8.25479
21.36469 8.82315 23.80992
32.24342 5.52010 17.18278
11.11218 26.86872 24.19083
32.86621 20.10190 34.80669
14.95446 11.61725 18.31394
19.71511 32.37075 14.00784
15.58509 31.33926 3.98658
17.90433 34.51583 2.25885
9.87052 14.18104 16.40761
12.75965 15.70792 6.04970
11.26392 8.47058 32.31281
2.52580 13.74188 34.37708
27.37509 29.57431 21.66842
8.98476 24.55600 19.58331
1.22118 17.46632 21.36837
1.92322 27.22459 12.07062
27.34279 28.87587 8.08100
4.94207 27.25853 6.39739
8.20639 27.87862 30.81236
29.63640 25.58871 31.57944
18.76535 24.10528 19.13137
9.65814 12.06390 22.95991
16.13413 18.24148 13.62560
34.15951 23.39211 22.53069
22.20257 24.61954 16.13016
14.06402 4.08796 28.79234
5.30723 8.15845 1.23074
11.09285 10.95441 20.41609
23.69582 2.90243 31.27515
28.01149 1.34973 31.79163
9.73131 5.46434 26.39653
31.81486 5.49248 18.37924
27.36634 23.08958 4.25253
22.59269 17.66875 24.55420
7.11125 16.32620 30.73403
1.57841 4.75694 9.15983
12.31003 18.31366 34.33612
11.43979 7.45935 24.48805
5.36933 12.41000 16.58792
18.74480 27.01325 15.78778
9.38926 14.61446 18.24255
23.38750 7.34661 31.13127
1.94895 19.20227 21.62233
4.51745 26.65551 10.42228
10.55022 9.49877 26.97192
29.06315 31.80395 4.53412
4.12005 34.89874 23.24629
2.86031 11.64566 29.58642
16.09914 29.55227 10.37957
2.77573 24.13987 20.35840
18.36834 10.26111 19.91157
21.51159 24.27573 21.21121
22.85978 11.33171 19.82063
17.52609 29.50546 27.57862
32.23051 9.01780 3.52341
34.58178 26.58403 27.30396
31.07047 4.87787 31.24052
13.92891 34.77520 18.28400
4.57770 18.55806 25.42185
22.30072 22.46400 24.98775
11.26909 30.83048 10.54882
4.74711 21.29743 29.60617
9.06116 28.62680 34.78829
5.55383 5.59916 18.76285
6.17502 5.87655 3.95157
30.36114 23.87679 13.14121
32.21137 23.69078 34.56100
32.73465 16.18097 24.62429
17.66239 26.08453 1.01549
24.82970 9.84968 12.94981
10.50950 11.63643 1.24220
13.11968 9.12347 17.49118
25.16185 30.73640 32.23880
29.73772 15.27699 23.14346
25.25290 21.62436 25.55484
14.31236 26.39571 10.46541
2.00336 32.52408 32.70279
22.61735 30.83045 4.33049
4.80659 12.98917 17.21596
3.83339 7.82796 8.08665
27.08377 29.82918 9.99330
26.58490 1.27124 10.91178
34.86173 10.65143 14.83435
26.66243 2.58465 30.42852
17.70343 11.89392 28.55389
29.91108 11.44847 5.56241
15.00282 12.16115 4.21219
16.59229 7.36602 12.99978
32.82501 5.68615 17.27516
2.55319 13.03010 30.13788
33.54717 3.12830 25.27037
29.20855 1.14368 15.20954
27.82094 27.89655 26.96437
28.56084 34.72786 11.24183
6.48648 32.75718 15.31300
30.25096 3.38643 22.96406
31.24516 3.01071 5.88725
19.99128 31.36866 9.18993
2.51591 21.65912 24.63535
34.99769 17.60808 17.50917
8.22273 19.50385 10.80943
34.66465 22.47290 20.95680
26.03230 26.49993 34.55802
24.55512 21.56202 9.81154
30.27007 25.27935 27.34177
20.56183 3.16177 21.71106
29.74857 26.18370 2.17159
34.94752 10.84035 7.13890
34.47471 32.42813 24.74532
18.63270 23.82923 24.96641
16.40587 1.74356 9.11928
7.09434 25.82409 6.50356
29.80486 30.99180 33.53743
7.75115 2.00850 29.51726
16.57532 9.87146 15.50219
9.73309 22.58781 21.36165
4.15177 21.58671 18.22535
1.83384 11.92794 3.14704
32.95926 20.81014 15.60905
34.11874 32.30654 24.60151
25.69629 5.87833 32.41327
11.70137 25.76267 33.94918
16.59884 14.54541 7.16221
5.43451 3.25404 23.70622
27.06690 32.19831 5.08528
5.03705 27.98652 33.67345
12.55040 12.33821 34.01562
14.71686 13.10423 10.13663
8.44116 26.02202 21.77206
27.10164 28.64686 5.54333
19.10689 30.06347 4.12655
10.74247 20.01831 7.20256
1.79917 20.40782 29.96616
33.81819 17.74064 7.64228
23.00940 11.33063 8.89739
14.31608 22.26637 14.71386
16.77086 13.64165 28.51548
16.61000 20.86079 31.75355
34.76566 26.80510 22.53177
1.01757 28.62249 10.81746
4.52840 28.10143 32.16602
19.06399 30.58230 22.23368
24.64202 2.41957 6.90675
15.40351 25.70922 26.90057
32.66672 31.37717 11.92763
24.58375 26.41670 2.43408
21.95555 27.39506 2.84880
1.12212 9.86628 32.39593
8.76187 29.54287 9.03124
15.33586 1.30217 27.18469
5.99566 29.88144 17.57452
16.47429 27.80493 17.33102
11.42010 24.06181 12.84018
15.00952 30.25678 7.77358
1.91354 18.10866 26.56812
16.46863 6.29818 2.58156
15.68504 7.62200 8.25291
20.51479 33.21364 17.16061
3.96624 12.15119 28.39300
26.86828 21.93115 17.50276
16.99735 11.99141 10.06556
4.31665 28.98162 12.61829
24.59650 18.68085 5.43566
20.55423 1.05863 5.53498
22.37615 26.37043 27.20790
1.37986 12.82185 20.03237
33.89317 18.43291 28.00935
9.83797 16.80245 8.63247
25.79436 14.70478 19.71294
17.48543 30.96024 31.88254
12.22080 9.12352 23.20875
16.36876 10.25731 29.42778
11.64025 4.11188 9.33098
11.58019 2.07299 33.95302
25.16318 5.45084 6.55641
15.35107 6.23596 26.40277
33.07963 7.40474 5.72185
29.06931 31.09610 3.03028
15.94472 2.26249 24.23051
15.11692 28.87007 6.37659
15.01141 28.91885 31.59260
22.57762 29.05303 34.66946
8.98968 12.67685 25.44453
7.50755 32.69777 29.07769
31.30796 23.72238 13.38299
29.35066 15.22697 15.99418
1.11733 29.94940 29.73178
21.46376 11.64962 16.70683
4.99092 31.56809 21.63908
30.54357 25.65190 15.04769
30.19503 1.77269 28.33758
20.70041 10.53459 17.88752
2.01045 18.38313 7.15912
2.37820 33.84689 31.60901
2.08899 34.86609 31.51553
19.28973 14.54582 20.12616
33.73449 26.80300 7.22735
4.21848 28.85940 19.91498
32.27001 10.51333 21.76137
31.33064 21.97969 21.19221
25.28197 27.33748 24.85696
4.06091 8.99396 19.89561
25.13728 4.65641 3.83238
31.93726 11.62041 33.43694
18.89744 31.76714 29.66756
24.61800 1.60165 17.28223
25.50462 30.56343 4.01665
14.18746 16.30955 14.54631
34.18044 1.07706 22.64187
17.74782 15.84947 1.76066
10.89082 5.97584 24.74094
34.09960 8.96235 21.74054
3.43187 21.05137 1.60316
26.07152 4.41151 19.55396
22.88427 18.89675 11.69609
29.76293 15.92397 32.59493
18.33324 5.91570 17.42260
5.72411 5.07874 1.63041
12.08514 12.51542 15.11495
28.58025 20.10646 13.26806
13.34062 25.05434 9.30701
15.77767 5.36930 18.44434
24.35900 10.64559 7.38411
1.56454 5.64392 10.12265
13.43746 32.60058 3.20203
9.20915 11.83383 12.34061
11.40373 3.87999 26.66130
22.52816 32.08163 27.78615
7.56518 13.25949 32.00002
1.90888 18.73983 27.53511
22.53933 24.73688 11.25397
21.00690 12.24304 25.92656
17.57058 5.02405 27.67218
4.20995 8.32803 13.88128
16.47744 21.58242 33.27797
1.17727 28.73443 30.81894
13.26228 20.87074 25.01136
27.44503 26.53846 3.27068
21.34567 29.59537 10.22376
31.80521 25.87436 5.82260
18.96232 27.41779 23.90612
27.32001 29.96357 27.60325
31.69784 31.65259 16.13777
8.02750 17.98691 24.36997
15.77607 17.13243 11.49981
34.69902 19.84851 34.33412
5.73343 2.69997 7.68307
10.22201 15.01304 10.64974
9.12430 9.84654 19.88096
20.01203 30.85086 11.37869
16.79436 6.22539 18.50690
20.29443 3.39654 21.55290
5.69987 10.83336 7.62101
32.16170 11.97546 3.08344
14.04258 9.86454 19.28905
2.31705 28.27006 5.42351
24.15629 33.46411 4.29292
16.89154 9.06376 31.48036
20.01780 5.45327 18.12978
5.48717 18.96388 25.82726
1.54537 32.48400 1.22332
13.60206 30.42234 7.82894
13.15844 11.42062 1.17484
5.39548 25.77402 14.20577
9.22402 34.98215 17.53079
32.87960 2.02181 27.37094
31.58940 32.28495 17.89179
28.70521 22.49644 31.36098
24.34963 21.25867 7.81628
30.79394 18.19100 21.92694
3.46905 2.32754 28.98817
20.02182 8.67193 24.61129
11.41430 15.64524 31.91386
27.17274 12.93286 20.55650
29.70574 32.42174 2.61625
10.34460 11.31129 5.37878
9.97393 28.86038 26.65489
33.60955 24.76317 33.60407
8.14178 15.08004 21.10919
9.87060 4.18155 28.45786
22.75140 19.97899 5.49010
19.36349 12.31076 8.76797
32.52350 33.43450 32.85651
31.30442 32.80408 27.53275
5.86633 12.11193 17.74957
19.51802 9.63476 34.73454
13.95551 17.65316 13.24109
5.36195 5.67188 25.01785
21.10372 31.54617 14.45545
10.96811 2.44558 34.13172
10.52654 30.79403 15.67929
16.89883 24.00430 6.68673
19.85145 30.96331 4.99467
