10.00000 10.00000 10.00000
1.34832 3.07698 9.76338
6.42819 8.21663 6.68907
6.50460 2.61951 3.96573
9.42546 8.26934 3.56520
6.14951 9.91051 4.11767
1.24657 4.33247 7.50319
4.28390 2.64443 2.62573
2.92784 8.78932 2.40078
9.57191 1.08779 5.44916
8.61199 9.04301 6.83498
1.59143 9.70290 5.15938
4.01098 6.61571 1.69020
4.02170 4.03099 4.98038
3.63487 3.06107 2.77619
6.84677 2.85027 3.17612
9.20391 9.77899 3.12999
3.37873 4.73215 5.08079
5.37806 2.38431 1.46486
9.67934 2.99204 3.55869
2.47717 5.98609 3.10656
2.29245 9.96672 1.48063
4.67372 8.76018 3.40075
6.53505 1.76539 4.65621
8.37481 8.63503 9.29823
4.78069 5.45136 3.86167
6.56733 3.48042 4.96448
5.73167 5.26032 2.89265
2.05146 6.85290 5.32268
5.77158 1.72269 9.24901
9.05792 5.76158 4.64958
5.37959 7.11340 7.12674
4.76888 3.50646 8.76602
3.57519 3.08417 2.26897
4.91731 1.34200 6.00081
4.68905 7.32726 1.04286
2.85056 9.98206 3.61170
8.05421 2.05781 6.82726
4.41393 3.97445 7.16316
2.71477 4.24786 5.06532
3.05040 2.34037 7.49998
7.24954 1.62105 9.65431
3.18733 4.08965 5.06462
7.17571 8.63902 7.12200
5.76208 2.25842 7.08771
6.54236 7.54551 9.40767
5.06727 2.98147 5.35191
9.89275 5.28899 4.56667
7.56474 4.67243 2.29859
4.88401 1.27573 6.31515
4.43530 7.65479 7.79521
2.49927 6.37184 6.42951
2.35848 9.91660 2.36311
5.72605 6.14431 8.17733
8.12266 2.44293 1.24416
5.68616 9.70043 3.39919
8.30668 6.50423 2.82652
2.54998 4.15595 4.36793
2.13462 1.39036 5.08500
6.69475 5.88195 2.23624
5.99449 3.35808 6.08299
8.09407 7.34897 6.03032
3.36912 1.89203 9.54548
1.31528 9.19078 1.35266
6.78892 8.50413 3.98406
8.09006 4.03757 1.47965
9.15250 5.50787 1.19552
8.46228 7.12349 2.14653
5.38389 6.02575 7.04332
9.66731 6.52513 5.62186
2.32838 4.20215 5.70065
7.62335 3.97715 6.46916
9.98334 3.44662 7.72803
8.70750 7.65520 1.01028
2.12452 2.77521 9.48573
4.80007 2.26191 9.97304
1.39025 9.69588 8.42636
8.01040 5.00526 7.58637
4.41463 9.18041 2.32002
3.01749 8.16168 5.14435
2.26066 5.55945 3.43795
6.99058 9.10732 7.60680
9.79886 2.52577 8.33054
1.62493 8.46160 8.44827
2.75308 2.65318 3.68187
5.94723 6.10702 9.36947
3.05981 7.23868 4.46865
3.38250 4.90414 2.56955
6.47519 9.17907 2.96202
4.64521 4.66192 1.74474
8.35632 5.09188 1.78251
3.53802 9.48795 1.48018
3.27525 8.06744 1.93861
5.29548 2.42353 5.31171
7.08976 6.87499 5.66990
8.86328 5.54429 8.45971
6.17026 8.05461 2.65099
7.21103 5.62722 9.66779
5.41254 4.39370 4.91804
3.56076 4.22591 6.11907
2.76354 4.84644 1.46432
2.59194 8.08970 4.16495
7.63729 2.76135 7.14711
3.21884 4.90916 9.67147
3.49287 2.32221 7.68276
2.51058 2.11864 9.83724
1.57640 2.22468 6.23061
9.29686 7.41145 5.46277
1.64137 3.50507 2.52385
2.85906 7.04502 4.62685
2.70201 5.70053 7.79617
6.16237 5.46648 2.79328
1.90975 5.20080 1.03408
1.44350 3.96572 2.83437
7.47702 2.11993 1.32946
2.20410 1.51728 1.66774
4.14977 8.59107 3.71379
5.28477 7.13868 4.85144
5.86563 5.45079 3.11254
3.93844 4.62254 1.18131
8.70758 8.16614 6.82008
1.05753 9.74588 7.38082
1.35648 2.87247 3.68218
9.83069 1.94190 9.80770
9.27769 5.70403 5.80507
4.31224 6.13569 4.83924
9.75241 2.68424 3.07949
9.30696 5.57521 1.21261
3.85773 3.67790 4.81720
9.45581 7.54298 6.31493
4.14799 1.04745 2.81754
4.02175 5.46151 1.54715
7.35116 4.25501 2.90546
2.72100 9.86533 4.72599
5.78841 1.08440 8.50877
8.10930 7.58649 4.95251
2.64673 8.34375 1.57910
5.66280 5.91992 1.76060
7.03827 2.78266 9.58062
4.61619 7.30289 2.11906
9.68971 7.53122 4.64403
7.04257 1.87288 7.71557
8.62613 3.05449 3.22360
7.93733 9.04185 6.65317
9.42191 1.03911 9.27267
2.58800 7.63560 4.60074
3.75881 1.88369 9.22709
6.11236 7.98047 3.32848
7.25892 3.44352 8.90346
1.16191 8.37041 7.90640
4.30896 7.91971 3.11669
4.50264 5.73508 6.53444
5.37503 9.21048 4.53176
9.72758 8.03087 6.64984
3.26995 2.00580 5.09837
4.88469 4.07527 4.95456
8.81275 2.98990 9.75210
8.37363 4.59344 2.28909
1.37640 1.42048 2.72967
9.87858 7.48163 9.17181
5.63808 2.68387 5.94098
3.79217 8.70002 3.21899
4.90152 8.71908 9.66773
7.27158 8.47445 9.18874
1.51331 9.20614 2.59293
9.73667 1.15011 8.30175
1.00593 6.28493 7.83793
6.38763 4.42279 2.20957
2.66356 6.78507 5.92144
8.53734 1.35216 3.29076
6.35811 4.45281 5.35860
9.69954 2.72070 8.99013
7.60544 6.14261 2.54634
2.87057 6.97182 5.95639
7.96315 3.42008 7.09691
7.46251 8.17091 9.29640
9.76223 8.28219 2.11090
6.80784 2.60321 9.31112
8.04021 6.85471 8.98293
1.20493 7.36407 7.90016
9.35103 5.87144 4.19973
2.84420 1.80271 7.46093
8.27889 1.18735 8.48305
3.18128 9.04784 4.41178
2.57948 6.84017 8.08269
4.54307 2.75849 2.69177
1.95599 4.17091 1.48655
4.87116 4.81923 5.28132
4.43759 6.09763 5.90970
7.64259 7.68482 8.68223
3.07496 5.94064 3.15512
3.10020 6.12682 1.70437
3.31424 7.25556 6.66456
2.60728 6.24114 9.67192
1.63726 1.13361 6.03500
6.68281 2.30390 4.55225
4.24804 7.15918 3.88087
1.65234 7.68535 5.46038
1.66880 9.22291 3.75433
9.42196 7.72833 4.44268
2.98782 3.56057 4.50950
2.99540 2.47703 9.78352
6.38504 1.54596 2.94551
6.92524 9.99278 6.94254
7.43130 6.75687 4.41699
5.30744 7.31360 2.30940
2.58545 5.15583 8.36415
5.39968 8.03498 5.06579
2.49261 3.86240 3.46002
1.80863 7.30743 7.18280
8.76080 9.03284 6.42299
5.19241 3.55844 1.94978
4.34535 3.10531 7.43289
7.74979 5.56078 6.94826
3.33287 6.46702 9.56031
1.84877 5.87683 6.53247
3.39836 3.29799 6.34086
4.05773 7.84170 8.79606
2.18552 4.29292 9.86020
1.60966 8.24742 5.40426
2.65436 2.55421 3.71580
3.55126 3.70466 9.60690
2.13552 1.24490 3.81681
6.84232 6.18632 1.75219
4.95626 9.52900 8.45507
1.95311 3.26585 1.29526
1.47586 4.29465 5.71651
3.26895 8.92912 6.97936
4.15913 9.81670 6.96099
6.92516 9.72347 6.58929
8.16425 9.81519 2.44854
6.37764 8.50851 3.51032
8.39951 2.82281 8.32801
8.84537 6.88872 8.84090
8.61649 4.28883 1.33066
5.34039 5.02690 5.60328
4.65214 7.49097 2.69926
5.19151 4.41038 3.66063
9.77731 5.75260 8.17627
2.59001 5.93254 2.28230
4.87068 1.55980 1.45546
8.15182 6.32641 3.39098
3.63642 9.16609 4.92086
5.18830 6.63874 7.22696
5.76455 2.10668 8.76009
3.20102 5.44994 4.16802
6.41408 4.83630 7.05713
6.16489 2.32625 4.07539
2.19253 5.69022 3.72588
2.32057 7.39607 7.95675
9.02548 5.61864 9.67971
5.29638 8.93511 6.67336
8.82420 8.85295 3.69119
7.58452 2.14205 3.14093
3.54690 8.56793 4.01067
5.16542 5.82991 5.02714
6.58508 4.04161 1.40997
4.20790 6.31250 5.57815
6.51736 6.99567 2.93370
9.91345 5.50247 8.06319
8.83546 4.27678 7.97465
1.34195 1.22033 8.26714
2.77283 6.69917 6.91071
9.79788 8.40375 3.30575
4.14225 2.22182 2.13241
6.43541 7.06933 3.86079
6.89529 6.57509 6.99182
4.70224 9.54059 3.39586
9.34100 8.21776 9.97336
6.53942 4.41985 4.42630
6.80058 8.32880 7.76767
9.65111 7.64419 2.07925
3.55948 3.82330 6.27709
2.88454 4.92654 9.97048
8.67132 3.04069 6.56924
4.24618 7.14113 1.05262
6.34175 1.10970 8.41119
4.88546 4.32701 9.38601
7.67408 4.44675 6.17288
8.79839 7.54854 3.78268
9.79920 8.26715 9.13197
7.31716 9.23225 5.61096
8.07652 8.00490 8.57786
8.74415 6.51739 9.62740
9.15528 8.07112 2.17410
5.31410 8.00518 2.61043
6.32198 2.73390 1.09277
2.37655 9.12462 8.83997
2.91330 7.40024 8.42076
1.43116 8.47160 6.66138
6.26260 5.00225 1.33423
8.33267 3.73132 6.56266
9.92053 3.45871 6.17135
3.52659 4.65396 6.23800
4.74041 2.92302 7.04702
8.00641 5.20514 6.86525
9.53661 4.75970 7.40133
9.62501 5.48456 9.88311
7.41703 5.89420 9.12979
3.73066 1.35769 4.75084
7.34141 8.85776 1.21283
2.34437 1.04052 9.96416
9.45749 6.19806 7.97788
6.84564 8.69318 1.49049
6.99099 8.72655 7.58166
2.48315 4.36031 4.36667
2.67324 7.71390 5.33886
9.53989 2.83685 7.06403
7.63302 9.55043 2.16100
1.46597 8.17628 8.18166
8.84636 6.86385 7.94956
2.57767 4.07404 4.03871
4.67173 9.57881 2.39136
7.48962 1.19841 8.16941
5.85272 4.53517 5.10317
3.62225 6.47767 3.72192
2.61450 5.30214 5.83028
4.16311 3.28386 9.21335
6.27582 6.12088 6.88437
1.69003 2.60335 6.68661
2.41576 5.83667 2.66254
3.68206 4.16609 2.54150
2.80909 4.26684 5.11527
3.23028 6.76841 7.86609
6.15097 3.78549 7.87537
6.81251 7.78812 3.00699
4.07761 9.50680 3.25505
2.54684 4.31682 9.77858
1.47594 9.01315 1.46880
2.38418 5.54455 4.73749
7.76567 1.25712 1.10752
5.99190 3.10371 7.35040
6.93022 3.86347 4.36589
6.10151 8.42453 6.24506
1.78845 8.15229 6.14462
7.67195 8.60300 6.02672
4.38613 1.10018 6.59994
4.98843 6.03001 6.78603
6.99723 6.19639 3.86223
2.58002 1.03321 3.99301
6.13676 1.45472 8.02454
9.84779 9.63364 5.59583
2.45772 6.75476 2.46204
8.95846 6.51451 9.78197
5.30117 1.62502 3.32497
2.07851 9.83788 6.62212
2.26260 2.04975 3.87846
2.46343 7.86200 3.45039
5.43260 4.63416 2.36380
4.34111 5.25027 6.00784
6.96688 7.40576 1.11633
8.58246 1.98762 1.06939
2.26867 3.53057 6.93538
2.91407 9.20017 9.70243
9.94168 5.37670 7.05802
9.11709 9.54554 1.22599
8.46512 6.48298 8.97652
9.07759 9.02210 8.27505
8.58883 3.79206 1.85128
2.20889 8.86742 1.18750
5.63687 8.27408 8.31468
3.82780 3.32825 5.15581
8.06408 3.94142 9.52433
8.35676 4.13623 7.68972
9.83587 9.11298 1.28912
6.83824 7.29154 5.23268
4.23453 4.18991 9.78503
3.66712 6.73025 1.51696
5.71733 4.60340 4.00888
4.46311 4.72014 7.56901
5.01799 2.55998 3.50205
3.22507 8.50010 9.16146
8.63633 9.31417 3.59782
8.72835 7.59572 9.37529
6.31597 5.51947 4.49064
8.35966 2.57556 5.54798
1.47129 2.93245 2.42963
2.50572 7.43209 5.32229
2.88599 6.14383 9.86444
1.61326 7.15922 5.68849
8.35005 3.53005 6.50241
2.94206 7.50043 7.37832
1.24080 9.05408 2.69994
9.98066 4.01323 6.38819
3.47828 1.99523 8.14502
3.08083 1.49367 9.24932
6.15950 3.52855 1.68178
1.91784 7.17860 1.02576
2.88823 6.18508 4.19357
3.37317 6.97390 3.61736
9.23997 2.26359 3.81025
6.13719 1.24810 9.16914
3.94901 4.41771 7.30802
8.52755 8.34719 8.87154
7.95122 7.65801 9.54679
5.92932 3.78389 9.56120
7.95651 9.37385 9.62871
3.30375 7.20348 1.26737
4.06817 3.84649 6.98274
3.36561 6.76464 8.57914
9.62441 3.14426 6.87261
1.24755 4.27211 1.52196
4.96636 5.62844 1.17632
2.64688 6.35528 1.64432
9.61061 5.73845 8.60612
8.86387 5.78837 2.04512
6.80881 9.19054 2.21230
8.40367 1.09964 1.64150
8.18822 8.44922 6.97376
3.13447 9.01389 1.03489
3.59878 1.76866 9.39528
3.70672 3.40113 4.62327
7.58302 9.40866 2.72703
6.88306 9.47186 6.11996
7.61396 1.32278 6.24827
6.29356 6.94381 6.42924
4.78622 5.28922 1.26422
4.50760 7.17290 6.15359
7.72495 6.27536 1.39315
7.81077 6.72839 9.38773
6.84612 4.84957 4.98203
9.44175 7.32261 8.24300
6.45775 1.20066 6.07051
4.17664 2.48707 9.87404
5.63486 8.79565 1.99253
9.06657 5.40840 8.58272
4.51465 5.95443 2.29132
2.22136 7.87868 7.49799
4.70660 6.32317 8.09289
2.61609 6.23583 6.94411
7.03172 8.07804 5.42447
6.02670 4.74740 2.11123
5.69271 1.60767 1.59112
5.69165 2.14622 9.46430
4.84187 3.66558 5.02458
5.93921 5.19866 8.55895
1.01391 3.77290 8.78780
9.22115 5.61170 9.00214
2.26059 6.61879 4.03538
3.11749 8.86467 6.83699
2.78025 6.63806 7.77207
6.41193 7.10047 8.07481
4.61755 2.37497 8.97916
6.46795 3.87115 6.06908
1.37927 1.02840 6.31723
3.08774 5.29788 8.20752
5.25258 9.12610 1.04482
8.09286 2.33883 6.39248
4.00790 4.75014 8.81694
2.43365 7.61265 5.43727
9.53187 6.06865 6.62757
2.57825 3.51713 3.19162
3.74217 3.02528 7.45919
1.66839 6.72759 9.56458
8.31199 9.05652 8.55533
1.06679 4.46247 8.72052
3.20939 4.19049 1.89434
5.42251 2.78732 7.79319
9.74114 1.76784 8.25385
1.45519 4.37985 3.26662
4.01304 7.56261 8.81261
9.95243 6.89525 8.17994
7.47278 9.88293 2.29978
3.99514 4.77765 2.33884
6.21567 1.51430 8.12582
6.09277 8.69911 5.92039
8.71608 4.42197 3.89703
7.87874 6.91855 2.41927
6.96570 6.23228 2.84767
3.03464 5.55157 1.96509
5.75498 7.47714 8.77788
9.32692 5.13586 1.50427
4.36742 1.88791 9.29962
8.62246 9.04844 6.45342
6.64983 8.39602 7.90435
1.62829 3.73594 3.89815
1.45286 2.67623 7.31991
1.74240 4.49183 2.89249
3.25584 1.19204 9.54908
9.79717 8.03962 8.44737
1.08728 2.48732 6.78024
6.77114 8.80806 4.51337
2.25711 4.11912 7.29838
1.10808 8.59514 8.25709
3.71062 9.57620 2.72650
7.36733 3.11388 6.15703
2.35512 2.08474 6.29394
2.77166 2.51167 8.53793
3.09795 3.83821 4.36585
9.88736 9.26441 1.98430
6.61440 6.37290 3.97004
1.63498 2.79123 9.33785
5.84491 1.22204 4.71860
4.45532 8.57685 4.35377
5.71497 4.83470 1.86620
4.59708 4.53149 5.33178
5.67520 3.72952 1.69237
1.53908 9.33673 8.33859
1.41635 1.91031 6.95970
6.32463 7.60009 8.20083
9.27311 5.22803 1.63631
4.59911 7.25083 3.56209
7.61423 5.18296 2.34425
4.30501 2.75521 9.51136
7.11431 5.56855 9.16252
1.13752 6.47340 2.97329
8.54621 4.62461 8.86166
9.58945 8.28937 2.79533
7.75467 1.05034 2.13348
1.40635 2.46130 6.87943
1.98726 6.30502 2.15441
6.48691 6.34600 4.24219
3.69215 3.83796 6.87489
2.93956 6.21087 1.65762
5.72768 7.10881 6.88489
2.93725 3.56624 6.00157
6.55826 2.41912 5.15281
7.49628 3.47625 7.28102
7.28904 7.71236 9.10987
7.51605 7.77020 3.72738
7.65309 2.52802 2.82980
4.79218 2.80171 1.32101
3.88254 8.41885 8.48987
7.44625 1.63462 7.38331
1.49301 2.91825 1.89046
1.11579 7.42289 9.50353
7.75962 5.88983 9.58591
5.45304 3.47033 3.88358
9.93809 4.75424 8.11927
2.19416 6.48603 5.84955
9.22275 6.12798 1.37047
8.26245 4.74892 2.50073
4.19763 5.91904 3.64908
1.66353 2.16968 1.80678
1.15951 5.06496 2.72283
2.13948 6.62576 3.43453
2.16124 4.98305 8.89924
2.92347 6.94346 1.23637
4.50379 4.98494 7.18311
9.58749 6.40515 3.65031
3.47994 7.73755 3.24188
6.77114 1.90707 1.97931
7.17486 5.79913 6.88545
8.05924 5.47490 5.60002
9.19207 1.28390 9.44028
6.19495 7.96278 5.26572
4.49959 8.11011 4.66486
3.34789 8.94495 4.78357
7.98072 7.87933 6.71434
4.62359 5.61608 2.02297
7.00905 5.55879 5.41056
4.17823 2.56645 8.72421
5.34312 3.93644 8.41126
3.52005 9.77935 1.93233
5.99498 8.03003 2.58194
3.58242 8.15751 1.54001
6.47815 8.43346 3.47282
4.52711 7.83288 8.34114
4.43901 2.88884 5.38350
5.10676 6.63695 5.49592
5.46843 3.74213 6.75999
9.74073 9.54718 9.70189
6.06387 5.66696 2.30938
5.26317 2.79075 4.19059
5.74546 6.84792 6.14811
5.64247 1.29814 1.44904
8.53404 2.42616 6.11225
8.60315 3.30630 1.48589
2.38044 8.25924 4.38549
2.33484 8.54265 3.34030
7.62081 9.21462 9.19390
9.28885 4.01733 9.95962
7.38798 5.94889 8.77386
9.48678 6.11590 6.14034
9.11669 2.68296 7.78857
8.96706 3.10078 9.68122
1.92849 3.40520 4.04910
9.98244 9.05167 8.72107
9.85523 9.64365 5.08429
8.81482 6.03820 1.95366
7.98671 9.37247 7.25510
5.57752 7.93862 1.73425
5.76604 4.66861 3.50632
7.45193 7.65473 2.04199
1.85596 9.14113 2.26729
7.89412 8.66872 5.39646
6.89720 6.07009 8.33407
9.35119 8.89191 1.59116
8.98312 3.47556 1.76013
7.12290 6.83947 8.76628
2.01888 3.36385 8.06600
4.79750 3.11176 2.11407
6.08008 8.02889 3.98118
4.78384 9.84675 2.11644
3.14687 6.34455 6.84781
1.13145 7.65011 8.30653
4.14210 7.56593 8.85572
6.19660 3.27547 4.38403
8.92267 8.00535 5.89424
5.57634 9.31675 4.08256
8.25284 8.74474 6.82983
6.95208 1.79061 7.46684
5.32823 2.21051 1.60750
9.55651 9.30433 4.04955
1.63475 7.74307 8.67412
9.16505 7.89950 4.73758
1.71411 4.47291 8.79945
7.44359 7.24052 8.38199
9.97265 7.38524 1.86963
6.33203 7.13806 6.43034
1.91501 6.82376 4.66814
7.16684 6.71924 4.76060
5.92351 7.16975 1.93860
9.73103 9.16959 4.22501
5.84424 7.13772 8.06092
2.64372 6.80798 8.74752
7.26786 5.43841 9.26860
6.36425 8.01916 8.62814
6.56597 8.10192 7.51980
5.52967 5.61022 1.38639
3.87090 1.10648 2.37926
2.01506 4.07598 5.98720
8.95925 4.64552 1.73430
2.17329 6.03603 8.38220
1.28754 3.28529 3.64187
9.09480 3.09799 7.96990
8.97409 2.96787 9.88055
2.22483 7.23201 9.23431
3.44371 9.69331 8.72931
9.65922 7.83097 2.02646
5.12064 4.57630 7.56577
5.77336 5.15951 4.37616
3.94584 8.56677 5.28863
4.26697 8.26747 1.43304
5.42936 6.27218 1.03840
2.02280 1.44852 5.35780
5.05506 2.98213 5.31003
6.82527 1.48061 4.42078
5.10993 5.01383 4.83126
3.96247 2.84598 7.55726
1.87726 9.75134 5.40266
2.06909 8.59000 5.84231
2.76846 2.49383 5.47395
7.59187 5.92785 3.14845
9.38588 7.36939 8.39701
6.27357 5.37680 9.14348
7.35131 1.64864 9.38232
8.05249 5.00701 3.21005
6.07986 1.36309 1.43701
2.38818 6.65194 5.26749
6.46145 2.79646 6.83836
8.38719 9.08320 9.64143
1.61669 3.50073 6.58871
5.49176 2.76175 2.01419
2.64574 5.56642 8.46247
1.10776 9.60787 4.90035
7.24855 2.35112 5.22026
4.85539 1.98168 3.21183
9.03976 4.86087 8.13871
6.53651 8.99556 8.97057
7.58079 6.04046 6.99938
6.49971 6.07466 7.97745
8.01033 1.15486 4.65049
9.21832 4.69144 4.82297
4.92418 8.58598 3.95846
7.16653 3.88476 8.56587
4.58906 7.40067 7.40205
5.79498 4.27860 3.24814
9.68379 1.69993 2.71551
7.27902 7.07656 1.64556
9.08650 4.42781 3.20384
6.92995 6.75461 7.77499
7.87376 3.48456 7.75485
3.06662 8.54735 1.96215
6.06468 7.14092 2.73506
3.08572 8.34603 8.31770
3.51943 6.06869 8.56337
7.51151 3.56529 5.09007
7.51230 9.52486 7.05149
3.72924 2.27181 9.20133
4.31785 2.88589 6.30560
9.08984 6.05557 2.94621
9.04541 8.15548 7.92877
7.59805 6.17697 4.98917
2.94102 9.35704 4.39188
7.70578 6.77624 2.23019
4.09345 3.51276 5.77347
1.03191 2.11672 5.05066
3.36958 8.37493 7.01514
5.83644 5.01970 5.54663
9.55706 5.75228 9.89058
6.10700 7.62478 5.03589
2.76208 2.20369 5.26858
9.26464 7.22668 2.16701
3.34838 7.70992 6.23585
3.00784 7.82909 9.34321
8.37158 5.46296 9.93794
1.00849 3.52260 3.86831
9.50101 5.18258 8.53360
2.50620 7.40296 3.29869
9.86235 6.66566 6.95873
6.23573 3.93157 8.41199
8.84259 6.38481 3.32296
9.00325 3.32649 3.19169
2.68082 8.92583 9.88750
7.76557 7.36787 4.29090
9.34687 7.47123 6.44846
2.85222 9.50820 8.29654
3.49113 9.53628 4.46402
9.48381 4.49611 2.48168
3.99329 1.95301 4.57502
8.87392 6.42017 2.77549
5.91013 6.29118 1.37887
8.57049 8.24462 6.07991
1.49021 4.70505 2.01760
6.34993 1.91826 3.50699
1.14333 6.57357 3.82474
8.41517 4.30352 4.69085
4.24669 3.69644 8.44845
8.12987 1.55154 6.95994
8.26713 5.96927 9.14591
8.60537 2.09838 5.80943
6.25315 1.05334 4.84820
4.07232 2.28523 6.15881
4.91476 5.11634 8.35359
2.12223 7.98633 5.70855
2.54154 7.10049 1.23702
7.19773 4.31315 5.77873
9.92034 9.75667 4.84928
9.71684 3.41814 9.30760
5.72198 7.83474 1.75596
8.91213 3.19701 1.61140
5.68465 3.43070 2.74718
9.62569 9.54470 7.76680
5.02500 1.99175 5.80050
6.32074 6.64252 3.02249
9.15880 8.71196 8.11596
3.31843 5.05739 5.26543
1.65528 6.57407 1.33832
9.23249 1.73375 7.67288
1.72431 8.90907 3.96124
1.51330 1.53226 2.02435
2.20663 8.00061 9.47375
5.40068 1.67042 9.83330
8.14277 8.86311 2.84062
5.03357 9.49479 8.16441
3.47194 9.81803 7.96857
4.12731 6.87696 2.34517
5.60870 4.35817 2.94029
7.66118 1.04793 5.63704
5.13654 6.40038 6.42177
6.34451 2.38906 7.66889
3.99148 4.01635 2.81463
3.43859 8.72294 8.70750
7.34537 5.17314 6.06568
4.01781 1.92970 8.23655
8.71093 8.07953 2.90122
6.56465 7.50879 5.35779
2.82147 7.90151 1.01531
4.71100 5.63959 6.41173
3.02276 1.64937 6.98872
6.12646 6.00186 3.09928
3.72809 5.84637 1.01153
1.44903 2.58585 9.25228
7.53107 9.42706 7.51871
3.13852 4.93216 2.05309
6.87332 9.45565 3.84092
2.90127 5.34197 8.79965
9.66097 6.38369 5.26440
4.62019 8.48215 2.02260
7.22626 1.44792 7.60245
3.47619 9.40814 7.85974
8.63682 2.95214 1.61573
3.05717 5.74044 3.17745
3.81136 6.37914 4.33950
4.64993 4.90865 3.11976
2.21155 4.78668 7.70077
8.12939 8.58980 6.56817
2.35418 3.99202 9.01199
5.74752 8.34296 1.60582
8.12936 3.55801 6.77082
6.78905 9.83943 9.54173
4.58549 8.03848 4.34138
5.67193 7.78770 6.27072
8.20767 9.24058 3.67321
3.76620 9.56410 9.15197
2.88544 4.53503 4.84680
4.16565 8.44059 6.68227
9.03331 5.42671 3.38367
1.74200 9.91390 9.91166
5.74620 5.45267 3.84551
9.82279 6.00921 2.43884
2.60849 8.95066 7.23750
3.40305 5.15743 4.86983
4.68831 9.28805 7.52500
4.05000 8.17838 9.84314
9.23314 7.01641 3.43288
1.99776 7.21041 5.79705
7.96348 9.61464 7.11079
1.33548 6.09884 7.59866
9.21083 8.00094 4.46699
1.50855 3.09886 8.44318
6.95242 2.67019 2.57653
8.96183 8.49292 8.64423
5.33102 1.30876 2.19301
3.90905 3.23446 2.83430
4.29720 6.01123 1.66063
6.19816 4.14522 2.67292
4.77861 6.13093 5.19620
2.74209 1.32064 4.67368
9.34553 6.71195 9.47016
8.27517 1.27313 6.27804
9.85360 8.45586 1.98986
1.59852 6.44440 6.01007
9.47108 7.57939 3.39526
6.78203 3.35274 1.61740
6.12318 4.09168 8.28501
1.98628 2.53961 4.83699
8.42205 2.93368 6.50460
5.64667 7.66655 1.31362
3.50872 1.51872 7.06100
2.24092 3.28526 4.89860
8.14564 9.79494 3.84942
1.90044 3.29256 1.62026
1.46681 3.28125 4.67520
2.99451 4.54566 6.45308
7.86862 2.82717 1.37528
6.23200 5.76574 8.63447
1.64357 6.46931 6.67036
4.27759 5.23603 4.53680
7.15774 9.56790 6.12391
3.61067 7.26033 1.54813
7.50720 4.21892 2.04532
9.82027 4.40442 8.97367
9.61722 4.56305 9.23922
7.06985 4.27937 4.22724
7.32494 8.72865 8.01362
5.33657 9.54500 5.88174
8.63895 1.70435 7.13893
3.97116 1.28247 6.48230
2.91442 5.72392 1.93846
8.10465 6.31749 3.34223
3.64608 2.44247 6.76371
8.80084 4.96627 3.23991
6.83027 5.68952 9.71569
2.17533 5.09713 3.38635
4.09088 9.77001 7.85349
6.35330 9.76226 3.72021
4.46703 6.03840 7.79050
2.47109 2.79963 3.30070
1.70610 4.42013 3.52046
4.41148 8.79049 7.43390
8.45787 2.53331 9.74211
3.42971 5.20885 8.17048
6.51955 6.83817 9.50452
7.27786 6.54057 4.87292
5.73197 6.83259 7.06612
1.59623 3.43655 9.42804
4.61572 8.91016 7.37382
3.34091 4.90947 2.93358
3.12142 7.55220 4.51206
8.82952 8.16271 5.45786
9.60374 3.86131 5.55976
8.42722 6.25306 5.43836
9.79434 4.10456 3.23790
4.25461 9.27857 3.10573
5.21372 5.27505 3.87721
7.01887 4.85879 3.20843
2.75011 5.01395 4.74451
7.19399 6.53294 5.51015
6.65698 6.36379 3.47971
4.47604 6.87279 8.14189
1.19640 2.49139 7.24479
6.36897 4.99086 2.34845
5.74380 9.30249 4.98852
8.77823 7.84154 8.12258
9.45929 9.75221 6.09216
7.99702 7.76803 4.53664
5.87713 8.17991 9.51954
8.98374 8.31760 5.34916
8.21633 8.67883 3.83338
1.38435 4.57698 9.63080
2.91367 3.19744 4.37382
3.82232 4.49355 7.79800
4.49882 2.97807 6.55514
9.51698 8.68673 7.34976
4.54153 3.15132 3.21995
7.21117 1.13728 1.83127
8.76313 9.68438 3.21434
1.19437 5.19601 8.53569
2.47987 9.05884 2.85188
7.33952 8.09965 5.17174
2.86484 3.28748 5.19444
3.85574 2.36200 7.77071
6.96587 9.82755 2.32481
2.09106 9.45399 4.66852
2.72490 5.31537 2.42840
7.25067 6.94190 7.58125
2.94173 6.12590 4.26644
3.34875 3.56304 6.79699
6.65352 7.97185 4.70341
6.38704 1.22036 2.50620
9.76618 3.18854 4.77446
5.21873 2.68019 5.15174
3.23482 1.16279 7.21919
9.28053 1.92658 1.51144
7.42459 4.00402 5.54731
9.26152 4.47867 6.33135
9.16765 6.95122 4.92434
5.24274 8.41771 2.59564
8.18233 7.39764 7.66622
1.64566 7.93908 9.77819
7.71847 4.25752 3.22713
6.81865 6.27180 8.55249
6.37333 1.65415 8.07427
5.04203 9.01453 9.95434
5.48076 3.31613 8.15094
3.01652 9.73193 7.76189
7.83352 6.13467 9.50096
7.51748 6.99656 9.28071
8.09641 8.67804 5.63798
3.72722 5.54477 3.94246
2.08571 5.59529 8.72954
5.08848 2.06158 2.30889
6.01884 1.04819 5.76189
5.21189 5.89686 9.92655
3.47302 2.33725 6.96383
3.20644 2.34855 8.66393
1.07711 8.64293 3.13700
9.95538 7.87875 1.10192
1.65836 5.19295 5.09643
4.96603 7.40339 5.12191
6.82202 1.85550 8.08390
8.02180 1.93216 5.35798
7.70794 3.64143 9.08422
1.83998 7.18408 9.83329
6.44922 8.43725 4.76420
5.72747 1.80302 8.55265
1.34571 1.94064 8.32111
9.51310 7.69400 5.95893
7.31862 8.42386 9.38937
1.53765 1.72135 4.76744
8.66730 3.11181 5.19596
9.20000 9.12296 5.20316
1.52328 8.66417 4.30899
1.65558 1.09187 9.64786
7.18713 6.10490 5.54480
4.52719 1.48659 3.95364
6.99176 9.39556 3.57744
1.77925 2.22827 7.03630
9.86887 3.19116 4.42795
1.82917 9.07329 5.40018
2.59254 7.50175 5.88342
7.13087 1.23678 3.18396
8.73795 6.52728 9.89906
1.48758 3.68225 5.58534
6.37764 3.99598 9.01297
7.39743 5.58357 4.39576
9.07837 5.41213 8.08094
4.41849 4.66422 7.88249
6.06571 3.97317 8.98159
5.69042 5.65043 9.09832
4.90795 1.00793 4.93543
7.88203 6.90516 3.64706
2.83556 8.10024 7.29014
6.10521 1.52024 5.91353
7.91660 9.99098 9.81361
8.97585 5.44856 4.46116
3.39575 3.90629 9.51515
4.43687 9.35482 3.01620
5.93329 4.04846 5.78489
9.68541 3.73064 9.99272
8.33188 2.00736 4.49990
7.86001 1.44943 2.08823
3.66081 5.88969 3.89803
7.11100 6.36870 8.92374
2.25865 8.35687 1.57762
4.18799 1.73770 6.97783
1.26260 3.46510 2.66733
5.32276 9.67609 1.22023
4.65799 6.37864 8.79871
9.47765 3.98253 3.93340
7.88012 3.65855 4.29642
6.65599 3.64357 5.92379
4.20704 9.36012 2.00842
1.38664 9.48697 9.83145
8.32438 6.07458 3.18662
7.78350 4.00347 5.08512
1.85157 7.69504 2.80817
4.54630 2.15401 1.39514
6.30098 2.48981 2.47354
4.39179 7.50660 8.38323
7.18698 8.34628 5.86617
2.32291 9.86650 9.50543
3.94767 8.49304 3.03466
4.46691 5.34121 3.98923
6.06550 5.20492 3.11439
1.09380 8.32657 2.72518
1.69215 4.74555 3.12786
6.74786 7.66253 6.32026
4.99354 3.84753 8.02851
