100.00000 100.00000 100.00000
88.29094 4.97537 87.25277
8.59289 30.34276 11.38111
82.12465 13.87206 87.96981
75.29589 40.41196 87.87872
82.43377 29.74913 77.89013
96.63108 34.51897 74.69380
50.01669 73.59511 75.37437
91.89130 3.44352 91.55190
93.52898 85.82459 55.58205
94.85792 43.51489 95.58209
78.83596 24.18179 74.05573
32.96956 98.02884 88.56096
71.64707 10.77579 82.02045
81.66481 4.53073 77.03988
85.52482 45.01033 70.89299
71.89696 47.45818 76.71164
74.65375 22.88689 70.78574
77.07980 42.36152 87.59086
37.35246 95.12132 95.93261
72.07672 1.97336 68.40054
66.05750 65.93861 57.83601
85.23830 52.41958 77.92753
16.10169 37.02816 22.49757
69.64329 28.26895 95.09804
82.61386 32.19632 71.18925
73.31843 83.15672 12.39784
38.03984 74.00948 99.18402
88.19647 43.51179 91.22930
21.29297 96.55776 95.32107
80.42350 68.65163 44.73249
83.90267 1.76518 82.53815
68.40658 92.28775 16.69624
8.57783 79.68487 81.83371
82.86473 43.99227 80.76130
86.87826 5.67232 68.05140
85.60498 11.43112 81.00147
6.11922 38.24118 36.24941
95.97928 29.14192 80.33572
70.08706 14.68958 77.09050
84.02722 44.60645 91.58970
83.15675 14.51391 92.44761
99.95094 6.97280 99.32199
36.17241 20.04736 3.10902
89.43816 37.82136 78.58373
10.33356 94.15913 81.66441
75.68546 18.63927 85.80856
77.64155 13.45506 96.52973
2.90105 83.54911 75.05177
95.57770 18.56599 94.42668
79.61800 35.02602 76.58324
70.55855 37.35140 89.75598
97.82596 72.86429 46.08675
74.65123 18.93712 91.15460
85.14868 35.29989 71.72299
97.76084 44.36836 69.15292
27.41971 88.48269 67.63818
71.19401 26.06598 95.57831
78.37039 5.38687 77.49512
93.41378 61.98154 79.34387
99.83921 2.11851 95.49035
98.41385 17.98416 70.05961
96.85487 37.90517 70.11828
94.06949 26.24889 72.28821
91.45103 25.57276 81.83227
14.25974 79.34284 97.80564
95.86893 53.73717 91.44972
76.96623 33.35561 86.49831
47.84781 71.24049 88.16960
82.99256 37.92962 90.02331
75.90380 31.63225 82.59801
18.51543 9.20235 40.96617
89.67091 7.65213 82.18060
90.14658 1.46197 97.96530
84.96304 38.94960 81.52669
99.22075 1.42073 68.82158
80.01834 5.79332 79.55391
47.38909 93.29947 85.94746
74.59024 5.93486 89.79185
67.26840 98.18225 79.34661
86.78828 28.94346 81.83284
80.11951 18.40430 67.59279
74.10347 39.93325 74.68235
90.67521 49.85397 66.73625
80.04480 10.36926 88.44610
84.87590 96.81436 16.00295
72.88061 54.69085 64.10111
94.69339 46.41767 97.54736
94.86074 2.11112 66.69501
7.23237 33.09760 6.91708
43.78608 41.27054 17.17669
77.69746 24.82679 73.82912
95.63876 8.58518 86.49920
67.67169 67.66875 58.87015
79.63124 14.99836 80.75948
70.27496 41.78542 81.74052
1.59256 7.20601 43.43880
72.08871 28.72577 77.25936
72.75078 29.51144 84.16734
34.51669 8.63985 48.10583
36.41247 11.15463 13.04204
86.14982 4.60338 85.08118
73.89926 16.06397 92.01076
46.58389 2.84774 1.39663
80.89596 83.66293 92.86792
3.98278 73.72920 88.44854
83.43693 22.47628 79.62789
90.52614 45.05887 90.00084
72.74740 48.36892 78.82315
97.87686 17.06080 84.08873
71.80119 6.60275 69.84536
96.82466 97.48619 25.95331
68.17168 94.94860 70.94272
76.47008 10.61520 86.93437
30.17079 74.78501 76.52921
69.86755 12.68326 68.27718
78.14331 18.18786 82.23790
80.52144 6.71543 71.72089
19.00428 82.90403 70.11257
98.12878 11.20716 88.20059
80.77141 4.06979 92.86917
71.64977 2.36541 73.81315
13.99578 96.39199 85.31254
40.17577 25.87666 23.20592
83.07466 31.46137 83.75959
32.31466 99.76952 98.14579
88.80489 67.96057 4.47690
85.15615 10.43831 86.95398
89.22623 4.49667 79.12335
73.64187 37.00917 75.51079
67.24331 23.16438 83.27265
89.71327 84.51211 39.66236
20.30361 41.90667 5.48649
85.07800 72.72312 15.06001
67.40158 2.83696 91.67541
50.75513 98.19262 85.86142
19.01096 14.60226 6.32747
82.49720 98.38875 4.70002
71.66869 67.10752 62.65962
38.39364 34.98240 35.12986
85.49729 4.52638 89.67742
89.88608 7.64903 81.88661
21.08037 25.17720 4.31083
4.60131 81.39595 82.21542
88.77125 26.58555 68.73729
88.32328 16.57275 77.58391
72.73381 6.00784 90.32960
51.62438 65.64234 88.57847
74.81446 3.73777 67.21612
49.25718 76.74667 99.52300
83.11897 43.65800 97.82577
89.33518 29.75591 78.51722
99.40057 72.89778 51.52143
67.84766 47.52760 82.77434
41.56925 90.83144 95.22881
90.50148 67.03090 7.79572
30.48159 79.43107 92.96269
94.73785 59.17451 99.25407
73.23356 26.13120 71.96927
21.85344 74.78722 87.86442
89.75714 26.21590 72.79990
78.40806 16.10157 92.94558
69.95263 16.85015 95.60951
81.89776 6.86376 72.72130
87.46461 21.23165 86.85393
88.49983 53.33440 96.00631
81.40755 15.54515 84.64175
94.47061 21.14090 68.22646
74.34033 15.02414 93.09219
2.42078 48.44488 3.65275
21.25149 34.54318 7.84684
89.16237 41.13539 92.62668
6.56979 33.79135 13.96187
67.66666 40.35465 80.09236
95.76620 96.71374 32.06626
39.26348 77.57710 75.78662
97.49965 28.69847 95.76816
99.20934 49.72915 93.20485
94.17393 7.76916 86.29388
15.54840 79.56462 76.25575
95.40384 11.11398 78.18751
4.38254 97.31795 76.63689
66.15170 77.43349 57.30836
86.59033 21.02654 89.56675
78.61876 49.11545 71.19357
83.08787 35.21359 78.11001
98.78821 65.27724 64.40867
75.65948 34.52025 72.65980
77.38072 32.99975 90.38555
65.54962 91.79875 84.76043
82.77532 27.97318 79.04604
75.34089 14.00225 82.16192
75.51393 83.01397 45.95048
84.78255 46.74564 73.52680
74.49138 11.58730 86.27675
21.26370 77.23680 95.41148
66.98382 4.60203 93.03981
9.10837 29.64272 1.15463
8.07366 92.35620 79.37404
27.54650 83.04587 82.90989
52.54931 65.04514 59.67512
99.25328 13.69339 91.35974
68.51332 48.47905 81.05530
63.38895 73.33914 62.54331
98.98081 74.28212 6.89890
35.83324 79.85386 67.73910
95.17958 4.27359 99.64629
58.95879 74.48050 78.37113
75.57112 55.38858 52.44984
74.87387 40.51715 84.07777
90.92608 20.61665 81.87721
38.76873 80.84399 93.88409
88.17030 46.66465 80.15139
98.82003 15.43816 96.36806
68.28828 37.43835 96.98660
86.28908 76.27898 29.93164
81.71520 5.37102 69.66163
83.37798 64.73620 70.29492
90.01148 5.28984 72.29553
2.96321 81.89899 82.49489
93.13119 14.85421 75.89976
81.64330 11.14916 86.89688
71.24864 26.39736 74.70776
81.67301 3.64248 98.98812
92.00768 84.99814 20.85355
82.89214 51.02702 69.18496
68.18755 27.00913 94.08353
91.54284 92.80136 2.08975
88.82811 32.75334 73.43353
87.63220 17.07099 81.19284
91.11844 71.90595 78.97101
78.59919 49.62912 70.48039
73.88744 48.40287 94.64008
4.60094 78.91645 96.35524
68.76111 32.88854 84.15260
96.03625 49.71327 93.44131
91.37343 64.29761 93.99763
70.21120 95.39553 17.33708
5.35698 77.33745 98.73775
92.74421 25.46174 79.65420
86.09025 38.96966 96.73780
78.37009 52.15113 83.26965
99.96087 22.66862 87.31213
89.37019 46.00068 96.41426
94.46773 14.30570 94.94882
78.30601 4.38564 72.83397
39.27135 12.44734 47.49329
95.56487 34.15002 83.48702
68.97973 28.26640 70.07571
2.44301 11.91117 23.75458
83.06544 33.50004 82.06860
76.00457 48.38932 96.40944
96.96586 37.78947 81.16670
38.86741 93.39536 82.04962
16.56210 36.52090 39.87895
81.43660 68.62952 45.78899
96.80088 64.16584 52.96107
80.30395 39.18777 95.65311
70.54112 12.69566 71.74863
71.22680 9.90199 72.89351
20.47974 26.82694 44.66958
74.68313 8.29283 85.23830
95.19633 33.09079 84.86797
85.31131 44.22669 84.73123
95.15873 72.57367 66.40966
86.48629 33.21807 84.65842
70.94880 21.89774 92.98696
76.85972 45.03106 81.22553
86.88593 44.59292 97.87425
39.73386 48.96663 44.87306
82.98945 17.27544 98.74183
81.81710 89.78856 14.21888
88.41653 31.59352 94.32139
88.47595 32.09078 84.44567
84.15359 27.25878 83.11535
87.92570 12.49781 69.14173
87.35727 38.59010 99.23975
93.55578 12.55837 72.15227
95.91420 69.05899 37.96805
23.00223 70.57877 83.73662
83.87039 16.94636 70.15481
81.12576 43.85931 94.26743
76.63758 5.18934 88.39875
99.46955 34.84693 76.58220
25.58247 29.30629 8.19718
88.06790 36.86085 80.04891
82.23771 22.36205 98.21876
78.48101 25.12289 92.30218
85.92948 27.88770 80.70633
82.35691 8.04370 70.29911
56.75403 51.27414 55.79717
89.08214 2.10825 73.84446
9.17440 74.14407 99.28801
92.87262 6.35805 78.89841
71.88298 26.10429 77.83177
64.86091 58.35645 89.58883
71.36777 24.98722 75.09323
39.34287 88.78511 78.11964
91.77894 80.82080 73.72067
77.38477 27.04350 75.90783
97.74714 66.69900 21.70122
91.17296 29.38772 69.39962
85.44689 41.40314 81.96141
74.85808 38.54167 67.70126
18.38341 16.02266 11.70083
81.28853 15.46068 82.27428
81.65659 10.58016 72.52018
93.13210 1.57884 89.38132
93.48010 10.08155 92.22062
90.83701 10.76183 71.79802
94.92493 91.45669 48.30388
30.73252 67.56473 75.66305
73.59161 30.37040 87.42714
74.90102 29.95772 95.76995
86.38881 96.09129 50.87989
94.46813 44.51826 88.10136
73.70710 23.09773 87.98787
76.04786 36.65374 76.91260
92.98071 10.58318 79.62389
48.52783 10.61968 17.63185
68.00146 47.18012 77.78361
11.58829 78.39463 97.74284
78.38161 2.06560 76.22888
21.62986 69.77057 69.85306
11.16376 76.89523 66.91548
50.79686 79.83695 76.40646
68.55861 58.01192 83.99380
39.04207 35.54505 31.20338
25.25300 10.65036 8.05059
88.08031 30.12211 87.83869
79.63667 23.68238 96.52392
6.26108 81.43473 76.20460
27.07923 16.40306 43.40243
53.91297 64.08669 66.63740
49.41398 72.73342 68.75091
74.96612 46.61781 93.44002
74.69785 38.38110 71.31023
98.89020 82.81330 11.09347
97.17539 28.13200 88.18736
76.08793 77.41392 54.11062
96.20870 39.97483 82.72819
68.47094 39.41641 89.77517
5.78251 2.74229 38.40886
72.47486 19.86584 77.73595
98.72939 13.39282 89.47250
64.63056 53.89606 62.74622
73.20973 43.03858 95.65815
95.84437 10.82531 70.93766
44.69367 36.58701 1.70425
88.86832 27.76740 67.95116
76.17647 25.30488 73.81769
96.42990 43.69957 77.86261
89.29466 8.06802 71.03392
89.48316 14.25248 79.39007
73.98208 23.23824 84.20045
66.67468 30.34499 89.92741
77.18693 15.94624 81.20527
91.73668 89.74360 43.49228
88.71375 66.05789 71.75216
72.32229 69.18999 54.13517
88.82569 44.48266 85.18602
98.79015 18.27682 69.77247
82.64284 8.23384 68.11190
2.46906 47.63192 11.25122
94.08321 2.74996 84.15767
58.71526 77.46450 85.81393
71.54201 8.51773 70.28692
86.29385 34.35378 93.33009
69.35886 10.35980 67.73465
96.22030 25.14915 80.54875
54.87629 87.32628 94.82453
58.41935 83.15306 80.57952
91.83606 28.72989 71.97560
79.44195 21.94100 77.44168
78.87541 81.83101 31.94446
82.56037 48.66320 74.08913
74.34949 13.54719 99.97597
92.22838 14.19708 70.20576
83.92802 3.68944 85.46262
75.49877 71.87366 36.69890
91.27305 20.80633 81.75054
89.50321 4.14170 81.48300
74.64849 16.07522 96.95711
81.69165 39.13189 90.50505
75.36310 2.58217 78.98213
87.56944 13.69438 75.44684
31.03294 77.19467 90.30400
85.51775 32.65439 86.76447
77.27464 43.67228 77.18693
22.08667 92.38308 88.85283
72.24608 26.37361 75.76608
90.65345 42.22925 71.91693
98.88143 17.60808 95.73028
67.85241 29.78015 89.86921
83.94667 71.25378 45.17727
71.93442 15.92689 85.19766
92.47712 86.51047 37.01815
8.91880 4.26370 12.97509
16.62417 46.37140 22.19862
95.42606 15.56198 73.67888
49.86028 96.69241 79.70951
74.63453 28.73459 97.91317
88.45847 35.31727 90.01297
68.53895 19.22871 77.26267
91.03687 94.65525 87.03406
77.89901 4.68830 93.46393
58.33534 73.00519 50.73832
82.31043 16.91025 93.86600
44.78360 96.62787 71.88507
93.08601 40.25543 74.30504
74.57597 42.97949 94.03830
66.72725 11.07606 80.08067
83.66574 40.28570 91.68307
95.01540 10.36444 69.69380
68.10317 21.35448 70.41712
92.32340 36.32422 99.48818
92.23354 82.68108 95.09574
97.71039 96.78066 35.63000
73.62846 29.26140 70.57472
74.58141 21.95025 92.47970
23.19403 77.24707 70.72949
71.13047 77.68949 2.69440
82.17543 24.05787 85.38133
73.34957 93.74080 14.41488
29.00771 68.57336 97.07927
66.91840 14.34313 95.59038
96.79409 25.40745 97.20086
81.61158 26.60139 98.09028
28.15934 17.43248 41.25171
75.07154 24.42499 72.20828
82.49104 10.29838 77.73534
96.34617 20.09016 77.23007
89.04122 8.50808 75.03326
69.75902 20.66019 84.80672
77.39226 23.92181 82.31218
68.55221 41.15415 89.11328
69.86481 10.48843 77.38829
92.67514 88.76090 2.60203
90.58630 35.14861 86.87501
48.85474 1.49516 44.27969
86.07900 6.47904 71.73421
99.09805 37.11306 71.73613
84.41895 49.44015 71.79940
38.17070 40.69888 26.42469
18.98601 30.32165 9.58711
83.58685 18.72709 75.01098
75.62183 97.51392 97.12041
30.81570 36.59855 17.99623
74.09502 33.36129 91.54098
69.75579 40.72350 88.78355
85.55937 34.34231 86.34916
5.64054 8.42006 1.24572
87.78650 26.54347 79.97514
92.41001 3.79125 75.16030
97.95804 46.07096 82.57008
94.97868 47.06753 98.32467
63.25162 86.61636 72.97392
88.05929 32.29363 72.43723
66.92034 33.41910 93.92595
38.05962 45.36964 47.27235
81.38669 24.13831 74.81842
25.06693 14.36318 5.26114
55.48212 81.39119 85.59199
79.30432 7.97865 84.44670
91.80996 54.56119 82.33603
9.32665 88.38749 96.21692
72.50462 17.74557 89.50165
53.92555 70.81631 52.07852
99.18641 72.30532 9.23934
33.37573 73.44810 96.32986
79.39905 26.66034 80.39135
94.24152 18.18708 85.87539
75.01129 42.81775 69.45206
75.20747 27.92045 90.96732
75.94123 43.26180 94.71503
79.51201 73.69067 42.03168
96.57821 7.54251 81.52613
82.43957 8.35556 99.89551
96.56659 39.91089 70.80331
92.27020 4.08922 66.68840
96.20731 20.68646 90.09036
36.71862 20.37140 10.56134
73.89709 24.88254 82.31354
95.65557 33.32004 99.30290
91.88068 81.36671 33.91906
81.18756 23.68404 88.41110
82.25871 6.72613 90.13374
79.25273 35.55826 83.45667
72.34721 96.65213 35.69304
74.98704 69.98127 56.84868
98.16077 29.46689 68.39968
74.95304 80.60391 63.58928
77.79491 8.36908 93.44959
1.67025 72.68843 76.14787
80.45613 28.70347 78.66926
80.63806 15.24753 90.04622
95.72619 68.57689 47.53364
91.72656 88.87496 1.14456
38.70188 72.99748 81.39472
90.29690 26.17628 93.01680
87.34208 86.74802 4.46263
74.86849 46.55410 72.63511
31.71225 92.93692 70.38106
79.61750 20.94125 88.53098
71.42243 17.64522 70.80872
22.64567 67.05409 74.54896
8.30462 24.33116 20.29938
15.98772 69.37667 69.55371
54.95909 69.91911 74.23291
79.10751 20.29241 71.33825
46.72709 44.32243 26.90222
91.79898 70.73504 81.23838
49.46922 8.40223 21.56247
41.24188 99.94236 88.41958
68.46708 22.74339 96.37057
16.93842 45.18888 49.93224
96.35345 81.66711 31.29586
97.94757 89.33213 53.78171
78.19013 40.37396 78.52509
72.52710 42.15072 88.88652
74.42113 22.80501 78.55082
83.97964 97.53562 21.81229
83.97264 39.29683 68.22143
73.61805 31.90898 74.32575
57.24822 98.77958 98.83727
77.35546 43.53182 99.96816
77.48530 21.14374 74.86938
83.17076 27.47330 68.21346
95.90128 61.13733 80.18434
91.52033 40.15362 90.91330
93.75865 49.36827 67.80610
85.01834 25.19035 82.19222
90.69078 5.42844 82.95803
98.13958 13.89091 86.24882
93.79098 24.15392 73.22405
74.51284 6.89856 81.31990
67.20290 25.81197 84.21775
94.22881 11.32851 97.87680
79.49653 35.16124 76.60513
32.93161 72.27683 96.59702
89.68880 39.46613 74.31114
93.90548 78.63989 69.32974
40.64819 83.20199 69.16614
83.66041 38.32413 78.60621
78.53202 42.80525 86.13145
67.88859 75.98705 10.69803
91.39031 1.57826 80.13170
79.35237 4.06763 84.95905
27.45167 17.60724 6.35706
99.36937 71.36151 15.25947
72.08778 29.81350 85.95877
92.39737 23.55534 97.63106
44.56071 81.56530 73.47177
79.17224 5.13501 89.38911
33.54415 75.80211 70.00267
80.47622 4.20337 67.08569
84.87713 36.56281 69.69553
88.33648 95.34357 7.58599
80.96152 47.83962 93.13217
94.31334 78.19147 88.65909
91.82348 11.04003 77.29032
75.50866 81.99785 32.42653
75.54439 77.11961 80.62598
11.20754 91.35776 97.93558
41.16098 68.17571 79.67230
68.82220 47.62348 94.28974
69.43753 49.17090 95.67900
19.25151 88.90338 78.95093
72.91627 18.18391 93.69172
79.76801 45.34140 84.44906
89.06300 33.11844 81.34486
85.46657 22.78138 72.43477
90.15027 8.51224 96.21514
96.34020 32.97018 70.22982
30.95942 2.10734 3.54122
81.72803 38.52040 87.16163
69.27318 30.02189 84.95612
96.82590 16.79727 79.54357
96.95328 24.06598 78.08248
67.49954 13.71109 92.38565
86.99240 81.80707 5.88118
83.04794 12.11143 91.14579
24.14714 47.96992 41.71418
75.39109 47.86731 98.29459
75.80893 35.34516 78.78664
75.83588 86.85718 40.28735
13.09041 3.08656 9.92268
74.36550 28.93304 80.66746
61.70359 75.92783 60.65202
71.52386 30.14255 81.83306
24.10904 45.66098 20.42792
98.68746 76.02252 18.19168
73.53768 13.92610 82.55528
84.65984 39.28339 85.54497
18.39384 98.97355 92.46364
80.91528 11.27041 67.56511
49.02149 24.72347 49.94947
11.63057 19.18982 6.46081
58.05980 88.19164 80.81121
84.25284 10.76015 81.66083
89.29735 10.01810 76.92253
75.10445 4.10184 78.66449
79.32592 43.52978 77.20553
18.88082 86.02364 72.80463
81.22514 24.56318 79.53084
43.38068 18.29924 38.07179
84.25833 81.03320 30.12992
77.47682 48.99295 78.43805
73.12804 26.25885 79.20570
83.85350 98.07875 7.87403
96.70845 41.55651 94.15479
90.06937 75.49532 28.27073
99.53297 13.99083 77.62626
84.75503 30.66794 90.50433
88.32193 28.60980 80.36877
34.30094 8.38326 46.48265
28.04785 32.00534 7.69836
27.41530 79.39535 95.88797
62.12008 54.90486 81.73794
93.60297 32.94544 81.88660
99.72402 47.74163 89.04926
79.53388 52.33204 95.52425
68.72694 9.63507 76.26765
81.76843 52.42285 93.61687
76.37513 87.79815 79.70916
86.91993 27.50562 90.12980
92.02209 83.19449 9.02097
69.45295 10.75482 76.38961
76.70789 43.04762 88.72332
98.57297 99.46921 22.13387
84.76435 45.30876 70.60709
96.72164 26.28908 90.56795
6.81303 12.38931 43.37150
77.04812 21.58247 76.55632
85.60103 89.19163 55.29493
79.08967 77.80104 54.32735
83.80107 48.77927 71.47655
19.70466 7.39920 1.97759
96.40189 83.40263 18.28831
88.43950 36.54386 98.20496
73.55751 48.56421 80.58110
67.29950 43.19598 85.03083
3.09932 86.68370 91.97421
73.49922 42.73120 70.35858
70.13063 43.85815 89.51135
93.96769 18.65364 87.97508
69.80025 7.04707 99.56893
16.69142 23.26231 23.40262
71.27693 1.78602 79.98810
67.97580 30.01091 68.71108
44.47102 46.53132 30.04400
70.73078 20.67560 80.11973
69.97160 4.17130 76.93770
78.53161 33.68254 89.08210
93.84537 36.00886 88.01836
97.39866 10.36697 70.39197
74.24134 48.83946 90.27832
75.42754 49.09650 96.54918
90.93461 29.57085 94.48426
78.78819 8.72024 77.70054
72.31804 43.88777 74.62773
54.97997 54.85105 64.77458
87.80267 7.23283 94.81915
98.47102 49.45707 90.52973
82.44280 2.29868 98.51157
71.42579 15.83117 90.47159
78.73248 4.91950 82.88066
7.04730 32.04954 3.79802
10.84322 77.51919 95.29440
73.55750 5.27733 72.70466
88.61467 2.22144 78.99105
81.64504 44.60468 78.62888
87.94470 37.77391 70.65589
20.50541 16.20292 8.70490
72.30660 22.27083 95.92291
48.97729 94.22075 70.12027
59.49705 99.63614 57.43661
14.15176 16.84596 15.15876
98.54030 15.55870 75.02511
22.82603 78.48774 89.66282
92.42633 23.04813 71.29663
69.15553 47.34270 73.90820
79.87547 31.88482 99.88151
26.05167 35.17356 6.47742
94.82868 10.55161 87.19243
86.20553 16.62587 88.86658
91.39420 16.53580 75.18698
42.54462 22.54643 36.63530
68.26686 86.44337 31.72388
13.04240 87.59302 76.84521
81.76330 24.62338 89.37780
90.88276 18.66591 88.15410
79.41610 29.26712 95.19680
78.11930 32.09981 91.31251
78.02978 5.23194 93.08554
78.53055 62.17259 99.12216
96.04088 17.54357 67.92158
42.29466 98.05760 73.36345
87.71597 65.37927 97.84286
75.29653 10.95541 70.98925
82.02334 49.75854 77.74199
89.36085 13.75829 69.07428
32.44583 97.56885 71.02707
96.93546 8.42585 70.93001
45.82185 42.45123 28.28644
90.23867 41.00527 73.67020
84.94312 83.09671 30.79539
95.65124 19.60891 88.58590
91.56697 45.87550 69.08132
78.33394 36.61948 68.84069
59.49610 88.18834 95.42973
80.47099 45.82230 96.84545
82.93558 69.90410 15.38134
98.23152 25.49242 67.80589
94.81330 16.99827 91.55110
67.55612 2.93048 84.60166
97.08512 77.80053 67.68614
79.93170 34.10602 89.63167
89.80812 3.77709 96.36327
77.35789 78.17017 13.18519
74.08856 11.43242 89.19244
14.94697 35.94223 12.51374
81.74396 24.49144 95.26315
92.99886 66.70415 16.62166
69.88090 78.05587 6.19842
66.99675 33.44208 82.84202
72.05747 48.78350 69.17613
79.25491 23.43976 81.89699
81.61406 97.40278 13.43824
28.83013 36.67884 43.02818
30.26284 76.01690 75.61438
3.42709 28.78462 28.44878
76.36764 36.86192 84.63144
70.34278 88.02861 32.30589
90.22464 82.04472 42.34026
95.86969 42.02614 79.36722
73.64466 69.69573 23.93568
75.93865 38.40558 98.49374
96.25978 24.73751 77.61909
78.74376 43.95069 95.92470
4.48878 87.24071 82.38576
9.40488 99.69680 67.85978
79.74022 6.39016 77.59677
95.19355 97.02329 30.28049
46.63132 10.49399 7.09202
5.31871 27.85453 44.25159
95.32854 67.80975 46.24301
92.22489 24.49145 93.72914
98.17981 34.28906 76.68500
73.25462 19.40491 67.53283
94.77474 48.34873 70.54225
89.25221 82.71720 86.35133
80.78249 88.79599 13.03283
92.57486 6.82811 96.03656
68.81075 97.40961 40.18436
74.67397 23.14078 72.44783
90.66638 18.54690 80.70326
99.25997 35.45849 97.78488
90.66706 34.24501 98.92887
51.64480 70.52333 97.37021
91.86440 41.70709 94.91953
84.10288 7.57030 78.05132
67.36238 21.77446 89.12696
90.37739 2.07221 83.23364
78.31293 22.47383 68.61474
98.20381 32.72594 98.66102
14.31062 15.99566 38.47114
44.97568 34.47403 40.97181
61.92969 54.69160 94.46825
70.98891 72.32264 42.83298
46.45160 28.18783 7.88389
81.84422 34.23773 72.20147
67.35540 6.62220 89.74503
88.61341 43.84536 93.34601
95.56244 74.60655 7.62880
79.00258 10.81858 77.45350
92.49515 19.61069 82.43157
70.67858 36.12115 82.73465
10.51584 66.84485 74.69704
36.04130 10.00809 12.37212
98.32709 72.64126 58.45738
90.51633 8.44080 84.46762
87.74272 14.90584 78.09443
96.95932 8.22305 66.66892
84.66861 14.70186 74.38688
90.73923 38.00504 70.55206
67.45090 14.73475 82.07693
3.35006 71.19800 79.94402
67.97223 6.76064 99.38128
46.87240 9.68848 41.41478
53.78483 65.66348 83.25227
35.51321 44.09877 46.83487
68.34238 22.56066 78.48947
86.50348 27.18551 68.22979
81.45500 27.31933 91.50253
76.42897 22.04577 83.49014
99.42510 67.51131 87.86044
4.57294 31.69360 36.13945
75.84952 77.62845 49.45588
82.72089 5.51772 98.08973
10.50888 77.04390 80.14291
69.25959 36.14957 99.93778
83.06805 3.73311 96.58643
31.32220 19.91374 10.99017
74.42446 21.42731 85.34213
79.60498 23.44936 88.03610
73.82408 5.75808 97.98676
70.19277 26.99194 90.98304
94.34683 25.22303 78.35215
93.21315 18.89570 86.63838
99.24349 41.68118 80.86335
90.36366 31.22501 92.74701
80.39803 34.18179 99.17258
78.64354 93.23617 71.93081
95.57625 1.78777 86.81868
97.46286 47.11498 98.59287
75.42296 47.66865 93.83216
94.03404 49.48093 99.82784
99.71540 12.92496 94.25312
45.80684 69.83805 98.69746
12.95920 83.06791 68.90870
80.12877 68.49209 4.37391
78.03626 34.32822 77.76488
20.72373 8.30076 6.57788
64.96335 53.51954 75.97211
87.38567 40.06321 92.50707
72.24227 30.05830 99.16967
81.95751 39.45250 69.53692
73.90983 2.65939 94.57808
95.23210 83.79446 13.89902
41.68207 94.88189 97.91106
76.05193 18.39317 79.51453
92.97259 16.41203 87.55003
96.91643 97.66560 62.86372
81.08406 25.09135 74.90273
24.48302 32.14304 31.32947
76.47433 75.45648 90.94327
98.63993 25.99073 99.83825
25.15309 98.33132 91.61470
95.03714 14.75247 90.48539
93.82104 95.94880 79.92805
90.47707 31.77313 91.55322
82.59219 89.15559 73.76765
89.59078 10.92697 68.63869
97.30286 1.62219 68.40154
90.96162 6.11535 88.69223
86.10071 27.51031 90.22765
15.17637 41.32155 6.20072
75.26975 28.28685 83.79727
68.91240 19.05700 92.98993
90.67989 74.82377 9.25344
45.03437 44.82740 33.19243
70.66375 11.64054 78.87186
77.63390 27.22699 97.84370
83.31957 40.35553 77.78118
17.78266 27.78838 17.53551
85.46626 90.53603 99.34849
75.71336 75.42926 46.41178
66.95440 21.99769 81.95969
70.36510 14.72047 69.83949
80.47715 36.42702 79.71099
8.98374 85.13923 77.39894
78.13919 43.86869 95.06275
94.38440 82.20628 49.84134
95.55145 24.11497 67.45605
80.02444 27.73501 91.18787
80.48434 23.28680 93.16772
91.95325 10.04610 98.18324
97.61191 11.31569 81.86567
83.24510 39.55717 94.56169
80.79501 9.72657 90.00195
31.24819 23.04173 23.79518
83.81100 32.41631 78.01520
17.51221 97.01171 74.10770
93.39803 17.64947 88.04437
91.85337 7.79163 72.12727
49.87396 38.11205 20.82065
25.10873 97.94066 82.45369
94.33817 44.72400 66.70245
74.73837 23.55174 84.34134
58.48229 62.81418 99.80217
87.14481 21.31213 85.40811
71.90090 7.24295 67.21452
38.73576 89.73322 73.38759
80.00644 17.01839 95.22638
89.90334 17.92370 68.80144
78.79901 27.70897 85.85942
73.36157 31.18341 80.71992
75.86309 58.89239 62.45345
92.72973 49.35704 95.18387
97.15190 36.23360 76.96456
18.83462 32.44239 26.16182
51.21562 62.05754 50.74740
73.31141 2.07181 82.19537
42.16096 77.53184 74.25255
79.33568 23.55914 89.36637
83.24479 6.34869 79.85269
82.06275 5.35057 85.28171
91.24679 92.28129 14.41234
69.41590 48.36667 85.32192
82.79714 45.31776 98.83362
84.53835 67.25812 86.23799
91.75948 39.26996 68.80378
74.50817 31.47399 79.65156
97.16135 28.80273 81.92084
90.70770 90.64697 5.56059
69.78467 7.73928 70.14067
9.86987 36.34434 4.35982
67.58358 19.97542 91.23469
90.06320 69.82536 53.24721
76.93205 35.50478 94.22344
28.41462 21.85780 6.08193
48.73763 39.32444 43.55307
94.07037 48.46182 88.42281
92.49111 29.40517 88.08560
67.63425 6.04433 99.41433
71.67946 85.21982 23.27331
92.35499 49.63099 96.27963
66.76634 40.44396 88.91149
84.70585 42.27689 99.85280
93.57994 77.85130 79.40607
98.50867 39.29554 97.77853
71.12958 70.15839 12.89795
93.09258 40.66168 83.07938
74.96356 7.17847 69.62315
90.09071 49.00298 76.97846
38.42190 78.02515 80.08455
57.98389 79.47300 60.21828
99.70006 69.59523 56.37598
68.23096 20.42708 88.81721
73.52762 71.07303 12.04113
67.27642 38.84656 99.94826
90.22571 66.25732 64.67784
87.84650 14.83389 70.58657
38.19465 83.18608 73.47082
80.07900 25.44992 68.66893
31.10129 69.68353 89.61745
17.30804 8.90502 12.91697
73.20846 46.37600 81.73470
88.74013 20.75211 76.12885
95.73507 88.85952 5.08785
23.22861 17.23594 28.79340
97.13013 4.48079 78.13660
79.66323 21.06094 71.99000
75.97034 37.90754 74.69247
51.86463 94.07530 82.87108
76.81381 18.26343 98.03626
96.10038 17.71032 69.76194
11.19130 91.12187 67.59304
85.02438 38.54949 86.53158
80.90837 20.44233 86.63434
66.89914 68.22904 81.10411
97.71984 4.98201 74.24893
41.75905 76.69937 80.56269
92.96725 7.95977 72.00534
92.02839 45.76877 83.48219
36.41030 10.14035 44.55859
77.77393 36.87542 93.72897
82.20576 14.99116 97.49362
88.86533 45.09035 72.12191
98.40102 43.37152 98.19833
86.81604 97.47062 74.00245
16.01633 23.57425 32.21830
92.63276 12.25251 89.56279
12.52402 42.47380 1.45207
71.18068 27.33265 80.63325
69.67539 32.04307 79.73143
87.71362 33.97752 90.86882
96.14893 42.03892 99.87599
94.86164 91.91520 9.19054
80.78682 25.98171 82.00689
11.55426 49.54916 43.94075
83.60773 29.20294 94.37586
74.04463 1.54814 99.51537
44.91194 86.07434 69.55840
79.71342 29.79329 86.45151
78.17194 84.38018 97.82811
92.72699 21.98660 99.53712
72.36597 37.59797 75.64702
82.37716 7.76909 72.85737
86.25073 17.51719 95.16776
74.20968 17.33288 81.37963
78.55775 96.31633 81.32200
54.05745 88.14476 83.80465
73.46513 85.67695 77.03069
77.35235 48.06445 82.13877
45.92508 42.33526 38.13210
79.71857 93.75752 7.82861
73.37177 38.91802 75.81863
88.18918 5.37619 99.46825
75.21230 32.24557 94.24571
79.09175 22.01344 69.70455
71.78014 24.67526 98.23406
77.45459 35.22630 71.26492
79.80870 35.68435 80.85715
44.96913 20.44565 35.91838
89.26012 20.75739 96.78647
87.67737 46.26805 80.26606
79.88048 43.76128 72.11196
45.13334 32.27041 44.80741
91.57197 87.18331 28.75201
42.95198 97.08640 91.04173
31.67337 28.92806 39.22556
73.40250 81.44512 21.77607
74.46406 42.07049 95.16839
99.70477 48.03148 84.75550
29.72740 33.71541 3.57676
70.89113 88.17079 18.38611
76.07198 38.59792 70.96786
97.57264 14.12168 95.42006
78.88055 77.76030 11.88679
50.66483 84.21593 91.63550
86.93402 42.09887 99.35372
77.95706 2.40705 70.59578
70.47968 7.71283 85.46230
88.73212 12.87750 83.92882
99.32148 15.60379 67.46793
79.13605 43.16385 87.38846
88.75583 30.56866 91.87074
74.17916 47.49568 79.98268
50.62287 72.01389 76.85516
91.10489 7.58896 99.82462
85.66518 43.56999 72.61907
88.92910 40.05628 73.09299
86.63279 71.09469 24.21578
33.83846 96.77566 68.23746
88.66326 5.60023 95.11971
75.87378 81.49990 23.82405
90.60403 33.35457 83.93458
90.77050 36.89373 82.71805
84.38612 23.45601 78.56340
93.09656 26.17417 82.16030
67.43197 12.42695 72.92017
77.95510 21.07403 89.19915
81.99603 21.96767 71.39852
69.97046 12.33683 82.41618
78.27078 43.37445 69.35783
83.09477 77.38540 39.88240
91.55861 15.21335 71.11929
67.41953 45.08239 76.30934
97.69802 18.76997 79.90791
68.64939 93.31735 81.63384
82.98863 27.78650 77.57304
5.56529 25.19870 25.44509
83.14959 15.87901 70.92520
8.17271 3.38629 16.41180
88.39156 6.80186 96.86857
87.38969 34.02404 79.97258
83.13223 35.96411 71.09202
87.01497 29.93306 84.19291
74.19353 16.96069 73.11705
82.76178 71.80591 14.29220
99.48748 4.99731 90.20376
84.01364 90.77985 10.57518
57.45168 86.90825 56.36502
79.92245 49.51018 76.55083
77.37433 14.93993 82.98361
8.81299 77.92504 68.56355
99.95754 34.91191 98.85837
85.84009 30.88475 70.32916
78.57244 35.57487 72.68810
16.66905 98.15853 85.75364
74.62104 8.45384 94.01412
75.86147 30.05035 85.17200
97.38654 71.85283 45.90454
80.17085 25.60547 81.81496
74.52840 16.23859 68.04492
89.63940 6.61391 91.46469
93.49626 99.61804 8.55805
93.79537 8.11162 95.99221
90.03939 30.30190 70.72401
75.24608 25.68754 73.32306
79.65581 44.69283 70.33815
69.80791 5.20191 76.97262
99.72025 27.64794 86.70493
83.94193 38.68924 88.55164
83.46573 32.29993 67.83615
79.42637 77.76644 30.05936
69.60401 3.21424 68.93683
8.48838 84.81672 82.76229
92.60049 44.40102 82.89340
16.18889 73.61110 95.70207
85.35690 37.74475 89.53816
69.29153 11.12161 94.42469
73.84386 31.64468 68.95164
6.48833 80.54450 78.55860
74.47165 35.57732 69.03809
41.91814 44.08025 22.84537
36.98486 27.85301 11.55912
87.58725 46.32712 91.19376
38.22904 94.96800 72.71118
96.76074 18.56295 66.77010
76.83100 10.28712 71.88589
88.34092 85.31023 40.60053
74.19059 92.55414 84.22802
22.38861 68.33007 75.98798
75.65505 10.72194 96.80383
72.00051 24.82210 81.13811
30.60145 76.41881 89.06250
94.30977 25.93170 81.36505
83.08605 2.12931 91.62400
96.51536 25.50585 74.21577
82.31190 5.80048 78.02296
72.24881 5.74681 97.43453
77.80311 9.90822 99.21515
80.86574 87.15847 22.58366
88.91826 10.07171 72.52614
88.73817 34.39855 83.12350
83.64927 23.77657 91.81243
82.67684 76.80704 38.67987
10.04459 76.34371 79.67155
2.80976 97.21670 96.57330
81.07942 44.43451 73.35953
78.76550 35.77838 86.41840
43.84215 17.26157 47.06883
79.65358 26.81737 84.75876
72.10994 26.36281 90.79353
67.95746 10.40321 86.35571
77.82282 36.98851 68.84012
70.57087 10.61366 70.83930
72.47962 1.12665 76.81235
97.55197 40.16253 91.28714
66.99136 96.83724 51.85417
96.95196 14.74505 92.02216
77.57323 29.33508 85.84810
91.92136 50.79672 83.85691
24.54509 14.63485 44.44125
79.61541 39.65146 82.05488
79.90505 28.75258 90.63235
92.15379 94.16687 19.12542
79.82193 37.27974 87.03188
67.10019 49.57339 93.09818
75.88869 96.38792 44.77569
85.24117 10.93591 92.11370
71.82339 33.37205 89.11571
86.32677 46.83942 73.57425
70.94482 42.84386 89.80057
74.97789 39.04194 83.55819
66.82078 21.68730 72.91554
32.83809 94.94326 72.58714
71.25152 44.60215 98.81523
78.88301 38.85817 74.16838
79.52414 23.55724 88.62815
34.31794 32.08649 31.76987
67.43380 14.70809 72.54589
85.52820 75.57306 7.53711
38.57996 88.12865 87.09466
88.98641 41.38802 74.15696
82.56271 14.24302 81.79298
75.00711 37.15728 97.21160
97.46287 16.53594 98.85074
70.71855 71.93307 10.57517
76.84926 46.74608 84.97915
34.37950 83.12804 79.58608
99.62114 69.88197 22.29194
79.84194 33.56390 95.17050
30.36737 69.40738 79.22791
89.35887 76.71248 4.40335
95.43496 18.27844 88.95401
61.39364 72.67261 97.70706
80.78327 27.42593 94.53667
19.69648 89.27618 98.23819
34.11367 84.35268 71.76565
24.71409 87.47698 98.31791
97.72192 23.47004 95.24210
72.41423 43.05210 70.19397
91.26806 3.55311 95.53080
98.48627 31.08014 79.60407
3.34648 22.88627 25.48655
95.63974 54.47217 88.10298
77.73324 88.28365 36.51469
99.17319 88.40178 31.22254
27.93802 18.35711 40.32281
99.03699 45.15691 67.80369
85.18281 35.39814 89.00094
76.11438 8.90576 88.86556
40.99657 79.83509 71.91972
58.65322 71.52560 56.69592
74.44073 49.05606 89.54265
63.26991 87.26975 84.89895
99.47837 74.78316 17.13225
71.91608 12.23429 78.87032
80.81408 76.56052 55.37189
32.29215 38.48510 25.35234
90.81044 15.56940 84.27441
50.24103 62.79448 94.45001
97.99746 39.69920 91.83803
88.10077 4.18816 83.94995
82.19387 18.13725 71.39738
87.61226 1.61532 73.38664
14.00014 98.50495 82.92025
67.43346 37.11865 89.90416
37.48820 74.37838 85.83655
92.28956 18.24390 68.50516
81.88379 6.54187 83.41173
81.22796 2.19859 70.36707
66.78406 22.33209 77.95809
73.23543 85.03721 72.09182
81.85067 18.88589 71.62462
40.61663 70.61214 92.66079
39.88172 16.00005 49.83821
72.20631 17.94608 90.65671
88.54715 84.55767 27.05705
75.70594 8.62740 81.51283
79.49619 8.93441 73.07067
97.78296 65.72764 96.03848
72.65189 22.05938 76.05613
98.83410 19.88841 90.55779
82.39354 11.17783 79.42520
99.55739 26.11200 69.10337
72.99396 19.42576 80.33089
6.29956 89.58543 92.28903
96.69387 7.00978 71.04609
92.67323 45.27383 80.17351
39.15716 49.46698 33.59818
72.14701 44.60405 94.55423
89.92060 22.51280 72.24700
6.70649 10.17878 6.48914
50.48766 55.33582 61.46706
30.73064 4.94619 21.99889
53.28137 86.45981 53.04098
66.87430 81.97054 57.59194
69.99950 13.18674 75.52663
86.29857 24.10543 83.02030
97.29958 8.68436 76.36443
69.69839 30.10813 89.68124
81.57460 19.37519 69.23856
1.23280 88.37697 88.64833
35.48518 98.02531 83.70002
99.91019 99.89849 37.59785
27.26886 72.81944 86.70561
94.97634 37.06333 71.56514
14.12487 74.33343 84.56234
72.33746 39.99597 94.09486
72.19237 15.87819 77.08886
37.88703 17.22638 18.11653
84.38228 33.02153 77.51148
77.14644 12.66798 71.74752
97.59197 33.81604 70.97230
85.92314 35.29923 81.84995
90.49072 20.14388 93.03405
23.32799 77.98132 73.18091
70.45148 24.59139 90.57685
12.18431 32.74719 26.80876
92.72718 26.33507 75.31200
80.92774 3.87649 87.18348
46.65410 95.82874 98.93988
79.67147 13.63769 85.93571
99.24887 48.37709 70.51132
40.11679 89.00003 73.36510
64.52183 91.62542 61.89169
91.95295 26.43372 74.55106
75.02534 25.01111 68.64395
68.15895 73.46808 61.84135
95.77253 78.82507 79.78310
30.74182 19.11900 2.48908
34.13539 98.18483 68.31371
75.67717 74.33354 15.55545
83.69186 8.36026 67.53417
93.21267 41.72535 69.83484
92.86841 7.54128 77.36764
97.53970 48.95809 67.31819
34.41943 35.68294 29.81484
71.97986 29.48532 78.68337
38.83941 9.22995 37.64469
68.85114 6.98125 81.86414
95.18362 65.51581 53.83530
97.96367 47.83862 95.70295
86.64628 1.39930 79.32976
68.21767 21.04047 88.71300
80.21212 3.25992 76.81719
70.92398 45.84431 83.40955
96.07896 29.11264 97.55008
95.60257 41.72757 96.12216
23.55733 92.84660 92.21586
77.41996 3.46381 97.85854
93.53164 11.16158 98.40632
86.58468 9.98544 80.86916
70.68497 49.28744 69.50208
67.74484 70.85264 66.35838
92.71960 33.15776 91.28145
35.66881 78.25024 81.36947
70.96870 45.67252 79.29639
74.00934 46.56824 70.36838
5.01789 18.31364 18.45990
81.18783 3.02732 85.26842
93.64307 3.65763 70.49151
98.99867 24.51303 85.79316
98.03598 8.83551 93.31443
12.83626 17.03341 20.51296
81.03907 49.19570 84.33912
83.36561 5.78791 68.32062
93.54346 24.55036 72.92215
81.26453 15.60056 84.13524
42.13329 23.31355 7.38821
26.35971 76.45538 93.05379
76.15478 5.01466 90.64136
92.41447 85.04707 12.68629
1.99782 26.05521 27.82332
83.40332 98.83641 23.02832
70.97223 36.39767 70.80112
59.73635 93.55250 86.93374
91.75752 79.04070 38.05395
80.73017 34.69752 90.07986
94.74012 56.29333 79.12731
39.93578 89.21906 96.95799
97.74766 7.04388 69.19533
92.18522 73.40590 46.05474
64.50322 53.84247 59.78378
72.99227 80.82575 2.35400
31.70977 45.20409 48.80545
97.19981 2.23992 98.38112
81.62697 26.46215 81.71715
89.60189 43.32424 91.57356
23.95529 94.69872 80.57043
17.05391 38.73056 15.31205
72.29352 44.83660 81.34661
45.63566 44.48068 44.87991
69.28425 39.24727 80.06281
69.73294 31.94615 74.34473
39.51051 89.02043 71.38767
94.05161 14.95502 83.31440
73.20997 2.06895 80.83089
72.16519 70.07795 47.43025
68.39557 68.20630 19.18350
89.95011 41.98670 67.60265
45.45485 14.18003 43.44800
72.28907 38.90624 76.34613
78.31354 14.01616 88.55736
78.06840 43.11903 83.58366
85.18817 77.98614 16.33397
4.76577 73.06380 79.88172
75.45787 6.82403 67.94339
72.47646 12.03994 80.87570
70.29046 80.05873 24.99589
41.57892 72.51826 81.14925
70.31699 35.03861 96.20130
47.63143 30.61740 8.92297
12.02104 22.49475 37.19659
15.34263 72.93113 67.26487
68.64284 30.64463 95.66044
16.91447 86.12499 73.27948
72.66119 47.90308 76.11646
79.44997 81.53593 59.55695
79.28454 33.11815 94.59339
77.73820 21.55499 88.68913
81.39961 2.61632 87.91244
70.53927 44.93311 96.69566
62.88138 99.73536 81.10896
7.45246 20.86759 1.75449
72.93121 15.34537 92.87681
47.97759 90.38831 85.05426
74.47649 22.78461 72.10618
95.14932 26.96707 77.63405
87.53547 87.41407 50.20278
91.69992 9.36338 83.41769
91.13184 16.13971 97.12421
76.30681 11.42604 99.57026
93.25433 65.32881 76.88592
30.35293 18.60562 16.83270
98.42225 19.46603 88.52229
68.40298 46.56109 97.72643
67.06738 23.90319 76.38302
75.30685 24.97614 73.67728
92.21566 19.35591 93.86049
95.78325 25.38473 83.05039
73.09431 27.27359 79.69253
31.70985 84.37834 86.15854
74.88831 32.25607 73.41369
68.18784 21.14419 86.43425
96.63012 27.50737 98.09104
91.10795 83.39164 6.22977
69.99270 44.56012 97.46559
70.21552 3.48681 78.32027
70.35106 27.41714 93.02681
78.58911 32.00131 90.49713
70.38926 31.99122 74.64299
41.75062 38.73659 8.46897
78.96254 92.29447 45.48202
66.01607 93.35089 52.97373
4.75610 29.44492 26.20172
87.58761 35.87247 93.38662
96.26021 32.09566 97.17589
35.44101 3.69664 49.15713
73.43907 10.13566 68.42815
78.02411 33.80272 76.42209
72.01465 46.67910 99.74717
85.10223 37.75805 93.28729
80.88719 20.50247 94.30382
83.73754 11.32656 74.83389
89.11985 47.76437 93.74504
29.62286 85.66731 92.99621
69.22865 13.87253 76.06447
55.90830 86.57025 85.60309
78.46913 4.79206 94.70212
72.82096 25.39890 84.75748
90.23345 37.71077 99.95146
96.85318 45.90254 79.60986
90.15077 10.05371 95.92930
84.02329 9.04233 81.49585
87.54463 32.62785 90.96548
88.31643 20.64146 67.81429
71.23136 76.86432 30.40763
81.10250 94.92426 45.00485
93.97599 38.05385 67.70120
86.72207 44.32222 98.82076
11.26142 26.50765 32.85625
98.85179 44.82112 83.20231
91.29588 43.44582 92.87189
93.00831 35.02451 73.20166
96.57589 12.99119 87.46470
88.52743 71.70626 99.17344
28.55804 43.84371 9.51039
88.42512 90.17306 36.44756
85.28825 76.86622 1.62919
91.11977 72.70021 7.98379
82.40976 32.91798 80.32892
58.53844 84.54935 73.15565
44.92292 29.17637 40.89783
90.95658 52.30274 54.78183
80.36711 80.35656 30.43700
91.26628 11.24921 91.75501
85.03483 55.62455 55.36944
71.72675 45.33194 78.94721
44.62168 32.04371 35.38896
72.37043 6.35844 92.26584
28.91979 16.53405 25.02542
79.00546 60.98380 94.41867
79.39910 35.72955 80.92173
7.74472 16.87238 6.96055
67.73491 6.29270 86.21717
99.56361 16.05799 87.02419
85.14628 44.61216 86.88577
73.93313 33.83564 82.05438
45.58542 81.20944 99.76475
89.96832 2.71910 69.13457
70.51464 13.98912 77.81635
82.56637 41.75851 79.77524
72.25130 13.53274 95.95067
97.07603 36.90364 75.11246
76.02893 89.43908 78.28364
63.28430 89.58176 57.19357
40.95617 69.04325 92.72924
94.92495 21.54973 96.91418
53.44641 86.02925 81.56975
35.59324 74.70359 82.73878
21.29592 22.60477 43.11659
75.84569 41.15838 93.42775
90.21778 35.80076 77.67820
94.64920 35.86330 99.67856
99.01564 9.00345 74.45431
13.48706 84.28578 70.53535
77.70525 16.94169 81.16280
77.65635 94.80084 46.29616
92.55496 39.30829 71.22363
76.26953 33.93465 94.53961
96.81726 9.02574 79.49920
87.76209 68.91678 98.07381
89.60569 1.14589 96.65064
84.22614 32.18875 74.75544
93.87663 93.98506 12.57245
88.04229 11.65404 68.42663
11.91035 47.91602 21.46387
78.59990 42.81762 68.71490
16.33084 20.48924 42.68230
72.32922 68.78221 24.80678
37.93156 3.02828 12.74726
92.36144 49.46280 74.90586
3.70539 8.04639 29.71379
71.23179 33.34254 93.84803
17.59016 48.16516 32.98288
92.76455 93.22611 47.04024
29.83860 71.03951 77.63574
83.88039 49.10363 88.19338
75.52982 45.45203 85.67153
11.68262 5.21738 27.48932
67.70082 41.44588 67.73972
86.65567 9.05113 72.88220
99.23249 6.77244 82.43566
69.86815 28.99772 81.19960
84.48869 90.44414 13.38359
45.46090 29.21062 14.04659
91.95579 43.47976 76.00473
88.81785 7.86415 98.18943
82.73838 21.75736 88.22617
71.00490 75.41121 16.63699
83.18756 16.02094 79.92640
76.68267 24.62383 96.15907
98.14724 49.74472 92.13870
70.15080 3.22485 90.24387
91.29573 91.26008 97.42546
76.02760 45.31538 69.10772
76.84687 26.16835 91.12019
79.23481 10.83068 89.67040
83.31842 67.89867 5.43848
67.92630 36.45271 68.80961
9.45476 82.14142 93.66713
79.80858 69.00212 30.15056
82.11303 23.05046 66.86338
22.81929 45.42089 25.21848
98.99162 8.10248 85.67393
