100.00000 100.00000 100.00000
70.92551 38.09509 99.26605
68.53330 44.45574 88.82417
31.89163 84.40548 89.62192
70.92881 20.63029 95.81997
83.83193 72.15268 89.30207
92.63225 15.61120 98.16621
72.06951 47.18768 84.53923
75.88683 89.84883 7.54990
31.50785 31.16722 2.13521
70.64756 8.05902 75.06456
35.04123 11.28716 44.52557
95.92308 24.64868 99.82539
17.66369 30.68835 16.80917
98.85395 8.67255 83.04533
86.58122 25.29798 77.53886
3.31369 81.57433 88.20167
69.19416 40.53858 90.86603
38.30069 73.56899 80.07439
96.64100 15.09621 86.79525
84.53894 18.48606 87.08090
21.09695 33.17574 6.70708
96.41660 27.84204 98.51866
85.35111 37.46453 99.15755
20.23463 81.94422 88.41063
91.57536 58.44113 95.00757
94.22456 49.25640 82.30105
70.10995 84.11995 37.39186
81.44779 60.15207 75.99579
95.00555 70.95022 37.92527
69.87622 44.10846 88.06465
68.60229 8.28882 93.63204
76.94126 39.79452 71.18341
31.10000 37.87251 15.42202
82.58629 26.81148 72.46563
71.46768 1.40141 97.42290
83.45308 4.20981 73.59210
73.34921 98.56945 25.37930
74.91642 42.97670 80.51265
91.06095 20.91263 91.72142
78.63055 47.02261 71.18852
61.54221 65.65576 80.14530
94.23704 33.22011 79.97491
11.95491 41.82201 26.56689
88.08998 70.75666 35.57096
71.18349 21.83795 88.84219
82.30422 11.61665 82.19595
21.59754 76.99255 89.50030
67.51101 93.73104 32.42606
99.15504 17.14480 82.75781
20.66090 90.21880 80.96233
67.31552 1.33409 84.07631
7.33543 88.78408 84.35011
55.14943 54.36610 64.49799
75.75242 17.49466 86.35577
94.07370 85.16971 15.46213
89.41461 3.84713 85.01009
86.26661 44.25671 79.47964
93.43615 35.10248 81.91031
36.29559 23.83688 27.64181
92.32021 3.99781 96.25329
96.07846 93.97492 25.80343
92.72175 90.77100 43.14125
47.05524 31.13957 3.52121
96.43388 89.90376 85.61663
71.09566 4.44303 74.92690
50.75354 90.36493 52.73645
85.21390 48.29461 95.89626
71.27111 13.98858 86.65422
96.99087 4.81375 85.24017
67.23160 8.02758 96.84255
70.56715 3.05541 84.28712
80.06075 46.66890 74.93545
7.84499 47.95982 20.66489
79.58517 42.58005 98.00207
1.33808 79.52930 74.21951
29.76380 86.61959 75.35545
94.28919 29.49912 91.74050
87.41920 98.17896 74.56583
93.87054 16.36632 73.85066
84.33661 26.41426 67.36119
70.04671 4.63638 78.72448
75.11582 23.64658 70.65903
70.94403 25.50380 78.71162
15.40536 98.15511 94.00148
81.45877 39.39667 91.33931
93.50357 70.80862 7.68863
78.84000 88.26551 15.55742
23.88884 41.11399 10.24830
98.74455 23.78164 81.35174
92.57431 22.98977 79.46363
91.76770 23.83297 91.15627
98.31000 47.45618 74.23808
80.82684 9.44862 69.36569
89.42492 69.60806 59.34531
92.28052 71.46373 64.68425
7.58893 21.30942 20.34039
62.53769 99.37658 81.40180
83.83583 86.70105 9.95954
48.39536 73.63539 87.11988
83.97611 45.44482 93.73315
86.73773 66.83672 31.64690
96.70616 13.09591 67.42558
91.68692 30.67894 82.36644
21.85946 76.54614 80.00785
73.75336 20.67714 80.05397
82.38684 87.75967 92.38553
7.52250 96.07320 86.26297
95.82198 45.83769 76.50645
87.28003 22.74223 96.53443
3.69794 75.47542 73.54040
31.77266 36.47252 26.31240
87.39085 43.46097 87.65538
73.19903 71.09402 3.02012
93.25203 4.14926 70.21246
69.24280 5.79015 82.16994
81.20779 4.44596 67.53075
83.10985 13.02771 76.36851
77.31228 47.93735 87.06835
73.70029 82.07100 13.00232
75.04642 3.15369 81.33598
7.43499 85.77870 87.46988
90.52294 43.32158 70.38580
76.69143 28.57177 83.01950
74.67922 8.84914 76.07025
45.04254 15.43844 31.56247
33.93888 84.21742 82.66886
86.39732 99.18141 7.64476
72.20852 98.36401 17.19392
93.25859 48.16914 95.71736
97.12084 8.19724 86.75178
90.46112 11.67608 71.67193
81.92168 9.84302 88.72855
2.11984 85.99816 99.98071
69.74260 3.91350 73.64741
97.53064 14.58280 84.23518
82.62061 48.50056 86.02018
78.64554 7.81818 86.07462
44.80868 93.43481 86.73183
73.76081 34.27961 67.77335
12.09332 72.92464 74.20357
3.91638 15.91339 47.44951
25.19734 75.44354 91.06285
27.47021 22.29893 44.36832
84.13783 4.17788 79.11079
77.47197 21.85838 71.80072
96.63645 6.87390 74.35261
66.93971 75.52918 87.36911
75.01818 86.37770 31.75270
68.03917 15.57528 69.86886
93.26723 28.09796 75.46455
59.86701 52.54905 89.03329
78.84744 95.81802 39.17840
82.55892 33.02132 69.68017
98.73062 81.57606 6.89151
88.43601 48.17009 96.47645
86.21827 3.10639 92.90336
58.32992 55.13316 98.08697
88.66668 71.96903 36.41680
79.23083 1.40668 71.00110
74.13823 88.45881 59.03498
83.08552 8.11079 92.37633
40.33383 21.40667 22.06582
16.06384 68.86302 99.10673
98.30145 23.29610 89.71873
69.95973 42.01893 75.72725
75.42848 87.11489 45.94194
25.27301 42.97830 37.19778
96.83553 7.63859 70.42807
12.86442 67.40045 71.98453
42.39784 35.48687 1.87867
11.28732 78.27614 83.93380
78.79272 43.93759 72.40141
79.95069 72.01983 18.93613
76.11101 6.45789 78.51982
66.89046 36.79997 78.10590
98.36317 35.36170 73.45841
17.82962 42.06962 33.01016
27.99503 5.01573 10.43411
99.53105 7.70069 90.29864
53.97005 53.72668 81.50267
77.29776 11.41691 68.89078
73.29974 42.47861 77.45224
32.71190 76.37183 68.91313
92.66133 39.47131 67.38523
97.37472 46.10193 87.17469
96.80630 49.59923 91.21230
75.03210 17.97562 73.56239
25.46157 11.83439 41.34560
89.24901 22.99295 78.83444
58.47122 78.58908 80.63561
87.66322 8.70430 88.46642
81.66821 28.27119 93.05885
99.10943 6.13077 74.30116
97.46453 29.79440 77.20234
82.39924 47.44177 76.64048
18.00424 6.98328 40.67604
96.96957 22.40302 94.03657
78.06471 72.90631 45.82998
12.27310 1.73010 8.29755
83.01798 56.40626 96.70493
96.79250 12.93854 72.65584
96.26514 98.79031 76.84152
84.43545 32.03368 84.14759
87.97664 20.08888 74.40557
45.63333 17.34518 39.34292
43.78399 91.83651 72.65780
70.78951 37.13342 84.15012
77.42440 34.04359 67.31393
70.50121 33.17534 75.86464
91.02719 74.68696 48.18122
76.49522 75.64464 35.00142
97.17809 68.64156 23.52119
5.68337 15.45357 1.31165
16.88117 68.74447 79.03125
82.09317 27.12235 92.12355
99.49821 10.34753 85.63270
84.77810 29.90021 94.24851
70.13855 54.28812 87.71017
34.76521 71.17432 78.63685
92.52211 37.76186 68.94867
5.00565 98.25323 91.19273
6.35146 86.87312 78.71419
34.44861 93.29450 90.47138
7.02014 10.21485 30.92609
78.04763 9.08420 92.35381
76.96473 68.70083 37.47610
72.65637 8.97476 75.76572
21.50590 29.14757 15.71722
85.09856 7.08116 89.79946
5.97650 69.31832 94.56590
99.20486 13.36031 77.69898
72.79215 88.86241 55.16480
42.38134 97.87699 84.30920
88.80481 23.65729 70.11557
90.64133 15.55329 75.14710
70.75083 9.39604 92.26974
70.77816 71.82712 5.32679
72.12899 34.80111 69.28339
71.16228 82.25182 27.59536
72.36711 38.24302 99.02286
88.40499 73.46392 21.03747
67.05945 85.40316 10.59108
97.31202 5.81883 70.53656
71.50908 27.73429 87.78104
82.08549 36.32457 74.41987
78.14544 75.77349 44.65818
90.35470 7.12050 98.93448
88.75088 13.98101 90.81738
67.39672 8.99290 99.02747
97.03911 88.44235 89.20095
86.73265 85.50763 45.40289
68.81312 9.55801 68.78141
97.18080 19.73576 70.38172
79.87860 3.18963 81.91348
76.16936 20.77486 90.16289
94.27408 14.50710 85.29008
7.07533 81.34096 99.79564
77.02973 39.41459 71.67996
82.66182 11.44391 70.74889
79.66626 15.07592 68.76170
97.25726 97.52970 94.45046
94.97402 49.57646 80.59501
78.20352 5.06957 72.19764
71.62029 37.51432 75.63000
3.51518 92.99089 67.41884
24.21898 73.65723 79.00745
74.21358 93.11162 73.19420
74.65691 19.55288 99.80450
97.52102 31.94257 85.89678
75.59532 87.64418 54.61516
30.89794 98.38499 68.33370
73.01902 44.16937 77.16768
68.27569 30.32936 91.95890
67.53201 31.22004 89.17879
94.38360 35.32048 99.01981
97.52889 39.12221 88.11281
75.51276 4.59647 78.66775
79.63649 8.08215 84.26979
19.93652 79.80691 87.91936
84.71117 86.68869 58.71407
92.62311 41.12016 90.21989
94.40822 5.27913 75.19807
99.43585 42.10486 93.12966
88.54637 15.88707 99.73182
85.07800 20.65658 70.60455
80.41724 25.25559 74.68953
99.79487 17.64176 91.07683
68.76302 27.70516 76.07769
42.66400 72.17380 88.75440
34.44430 92.05476 94.40717
93.60085 40.79031 69.58669
73.26329 13.07722 97.40898
8.76547 94.55213 92.95979
25.21214 73.73894 79.43338
75.34127 39.22408 99.10193
89.83873 32.54170 80.31289
17.88553 91.33106 75.69900
78.47975 6.71594 68.39655
87.16472 25.92545 81.38205
67.01554 42.01668 74.60827
68.16013 45.12432 88.70560
94.69188 43.01935 75.16231
92.15297 19.76930 80.77284
99.94213 4.27912 91.28728
81.46589 76.89204 24.77275
75.81017 98.87836 1.67090
79.19077 24.91321 73.89873
78.12301 22.41215 73.92950
49.86555 93.78029 91.64037
73.26201 1.07419 74.49335
39.92022 27.87916 36.36152
67.52954 48.93542 69.39563
69.51541 41.76826 90.00880
15.76106 67.63564 99.03193
7.14312 30.10557 49.70983
96.36251 6.95303 94.95317
71.83916 36.44782 87.49955
98.13831 94.23186 78.99732
46.54409 80.32775 94.54077
97.29043 29.18446 79.42752
64.96411 87.68892 87.76383
45.74908 98.48932 94.02435
54.34599 54.65721 87.98085
72.84403 1.40142 77.33000
80.28086 27.89234 68.40050
27.08896 24.93883 3.17125
85.44989 48.42764 94.89471
93.34439 38.27809 90.59461
76.72546 22.11802 73.42876
81.96220 35.31484 76.12873
86.15797 43.70778 68.01180
82.37197 12.12983 91.55196
26.65573 7.37449 43.12683
88.28170 84.16070 2.79627
59.31504 58.17581 81.41927
96.50553 95.37661 50.98882
22.37664 98.25249 81.65089
89.80704 26.24335 84.63755
84.83357 31.01508 75.12597
16.19739 46.73421 12.02693
69.10203 33.46038 88.49121
9.32023 4.60986 25.03889
30.67240 71.92579 94.18552
73.76395 69.53479 27.03516
70.61877 47.68069 89.77825
71.06516 19.87077 67.37968
96.04695 91.22776 31.86777
83.27751 46.66387 85.06307
76.71348 4.48650 93.86720
97.86889 5.26978 96.21144
78.00691 44.22194 71.86842
28.93812 77.70444 93.35948
77.58433 21.51552 89.27103
87.73921 9.59313 93.65198
95.36762 88.94356 49.48362
70.15936 18.32312 94.58253
21.60089 28.66593 16.14804
94.66750 23.30568 81.78118
79.52536 42.68731 83.21975
12.34388 29.59227 7.24449
30.82134 97.86541 79.83231
91.24505 15.74499 70.17801
86.32748 45.36308 86.58039
78.99286 18.06796 70.82584
96.10910 25.26549 73.36030
36.58783 96.77532 68.93370
98.96223 48.11830 86.36476
91.43688 73.80627 59.10084
89.52862 13.30126 71.86187
77.86552 17.67599 97.89033
8.96217 19.22639 22.21653
74.85065 39.65672 72.44590
97.61618 36.52140 73.36726
85.19204 31.35660 70.95813
31.89510 84.80028 75.77716
1.89766 5.87698 46.32182
48.35839 83.47599 76.39425
89.45731 26.70555 86.56231
78.62888 41.51412 99.79874
16.71203 41.13756 9.49212
70.52577 35.76756 89.37171
84.64792 45.70431 69.44789
99.93083 94.05388 86.84509
4.34787 23.34971 30.27467
93.24833 12.40624 75.59397
74.37824 36.86010 85.83308
80.50662 8.64208 71.23100
80.55398 30.61920 90.56671
75.92472 35.93102 71.86353
83.71489 26.79224 75.30736
76.02761 33.11271 74.97516
87.77576 3.79388 90.86164
89.11484 39.69551 89.02405
12.58844 41.77094 27.46568
97.37871 20.09187 72.93765
71.08018 67.62279 34.56635
89.87087 41.85366 81.68936
29.76744 80.70648 94.13565
90.00620 17.60176 92.22263
84.12179 46.09914 73.44692
98.51066 32.65597 74.99334
27.07990 72.59746 85.34003
72.39208 92.90310 6.53542
35.11705 92.44391 94.40834
94.67836 82.99998 92.29626
9.35388 67.91939 92.46918
76.66678 9.71309 77.57565
94.48986 41.60341 90.58035
86.29886 49.71056 93.23361
79.49336 27.10107 92.99584
91.06760 27.98723 80.55631
41.77129 49.55009 49.91379
68.98857 37.28453 93.63263
69.96664 43.43617 86.79370
78.81138 5.81114 69.31283
93.86600 23.33114 97.29404
86.79883 57.54410 73.63302
87.46588 69.03521 96.40979
51.92648 70.54947 95.19260
83.29528 41.92902 68.03073
94.19359 40.56291 99.92079
89.87859 95.10771 27.40895
70.78083 81.93182 27.38262
7.15091 67.62788 68.37547
87.29419 82.19056 20.38966
96.41123 70.86784 17.55667
68.55513 28.51761 75.19251
95.94381 47.94718 95.69807
26.05458 40.65225 32.43633
26.49373 22.27883 16.24623
77.98299 87.72482 79.14116
91.15313 31.52017 73.43047
32.46461 27.74738 47.42807
94.23058 20.15949 71.59410
96.79875 95.28161 28.32867
95.59428 30.61036 94.60428
21.94540 10.93123 24.18464
93.63927 5.52079 97.88354
68.50467 9.95178 94.45723
91.79220 1.39701 80.04125
66.98820 36.56038 98.01763
4.15090 5.68225 12.74533
71.47314 35.09167 95.34528
7.17059 78.96238 92.39160
13.67381 81.36073 68.07801
69.65252 45.49455 86.49834
80.24920 13.32224 89.39022
58.54519 98.89726 51.99854
47.69875 87.17269 87.70011
95.65102 18.38411 87.41230
76.83308 20.88270 90.65664
83.27459 36.28544 86.68338
68.90762 14.77500 87.95982
90.48671 41.78759 72.70757
73.54404 41.09989 90.96795
12.13196 29.96958 2.04857
94.99817 32.09052 72.52712
41.19759 40.83903 22.06516
82.23311 5.30693 75.88097
69.72962 20.52638 86.75277
71.76718 34.75363 85.60736
30.16202 97.29865 72.89558
70.16911 77.94639 1.25447
46.84130 43.41455 9.60979
87.59198 46.49678 70.55177
82.39397 74.52857 39.20561
91.45354 40.59492 89.56522
84.17521 16.73997 78.26925
98.36542 46.29942 71.21062
97.34850 39.75784 84.87000
38.96429 75.94356 86.06132
75.58591 34.65690 99.85915
67.32587 1.23887 79.43676
47.76096 36.41174 34.24639
68.02747 78.66981 5.49941
5.77252 96.30972 77.59375
83.23017 14.95663 92.41307
8.90537 49.20062 3.43551
68.20011 41.30207 76.70028
94.21454 18.95535 72.29284
96.03663 79.78097 43.56788
79.45331 5.83142 87.45453
72.93759 77.49917 89.29353
88.14198 19.44903 95.12250
73.93690 1.32138 99.81710
75.22288 27.61787 70.26943
89.03732 79.93481 34.98710
34.68497 92.67172 73.60293
60.99648 97.11744 96.89897
80.91675 7.75702 68.02184
95.76540 97.93564 14.20077
88.48488 31.10849 99.91346
11.56157 29.05212 20.39086
95.33602 49.80494 84.63293
72.78313 94.95004 55.67981
78.77510 21.26512 74.31278
71.32221 84.61507 68.75732
69.59764 16.30378 84.09853
69.23649 99.76373 20.00334
82.56570 24.98620 88.55125
