100.00000 100.00000 100.00000
64.73902 76.28476 98.56194
46.03918 41.88992 10.68585
77.63700 71.48871 93.46126
89.33215 20.98728 87.55830
82.21801 36.33083 88.06688
73.86070 87.10723 72.72904
55.78242 95.72804 83.86874
98.85261 99.23809 53.52117
39.85277 68.54915 81.52854
56.96545 77.02291 93.19040
79.75822 59.99059 57.36555
75.46015 98.53555 59.90728
70.86739 81.20391 92.41688
81.43728 1.71449 79.27141
48.10949 17.02254 23.72413
82.05109 94.07610 86.65469
60.12191 71.51303 71.46028
84.05557 96.68031 82.51536
74.72013 77.14310 51.58077
46.64803 88.70412 94.15549
98.76635 89.40101 46.84990
31.34687 70.46261 97.72564
71.09509 92.98479 38.12708
63.86340 59.27434 92.33556
99.39056 98.32484 69.96159
5.68714 18.88685 14.23529
79.35416 65.34935 99.96429
84.55640 33.30198 95.15445
81.38871 10.18984 99.49331
91.19933 68.09198 71.31110
95.96581 84.45651 62.51007
68.92474 76.13966 45.29914
97.98036 81.11806 66.82042
57.34294 96.46262 53.01235
78.03941 64.44076 68.17110
92.49149 50.05992 71.00418
50.04253 92.97392 96.12738
68.15532 50.97682 91.27479
57.82439 95.14571 88.15620
16.13651 49.94164 30.27600
45.84932 24.58779 16.00308
91.29945 19.87440 79.46951
51.90491 82.05722 63.32535
95.02269 12.54220 90.41148
78.08763 79.84324 68.65690
71.55005 73.85455 33.15304
55.51494 79.11138 74.50797
83.73783 64.84177 76.41039
7.82161 86.41973 77.58652
89.82265 64.68695 94.68735
54.01264 93.90232 53.07704
13.50532 94.35096 68.57447
81.84559 77.80358 77.89517
70.99481 96.15046 7.30958
76.39564 71.23113 61.18144
87.07699 52.33359 99.42353
64.27755 93.34252 57.29732
30.55808 70.16913 72.66171
99.28400 97.43911 60.23082
4.87368 40.60016 9.29564
27.56696 21.48951 26.08408
38.07098 48.13982 37.16613
10.26720 74.65725 90.63564
58.10412 69.51770 53.10374
97.01429 82.38695 41.44871
50.34305 69.71020 65.20159
59.21157 89.70012 85.23359
63.81342 92.43614 70.28913
54.36919 72.65777 75.99431
39.23694 44.61474 19.50268
75.98125 91.77782 98.13079
33.79900 66.71216 82.30433
1.05632 93.48755 70.61948
68.32470 25.88881 82.21636
38.40855 95.42311 79.11475
92.69421 51.81748 70.23283
97.26371 80.78793 53.62290
74.44415 73.83861 91.41321
83.43559 57.96946 80.79300
90.30649 40.83023 68.29834
69.44971 75.09044 80.49752
64.92619 60.13622 54.14262
76.85575 65.27310 99.95078
74.14570 58.19482 77.86615
99.77934 72.74871 26.45074
62.42039 52.70567 59.21797
70.66778 95.64687 95.40982
16.42134 49.18530 10.18282
42.59796 19.46102 3.22108
9.16353 69.60300 71.16601
37.04080 72.74992 76.07907
79.56024 86.42990 67.95501
2.26123 98.45680 94.70566
59.55731 76.79217 65.00473
74.59709 87.75045 67.85343
40.51927 76.54171 81.37914
53.41136 73.97896 94.14872
99.99348 55.14921 98.20432
80.14059 68.06120 28.49650
22.95963 3.16691 18.87736
92.10268 23.59175 69.50907
83.64882 58.57788 84.38347
87.02237 60.27888 87.56711
75.35867 70.66431 55.20526
66.15372 68.44995 66.17061
50.85277 59.20988 72.83235
6.51766 2.11616 34.35193
11.32610 40.01336 17.18374
50.37420 94.56506 57.77937
83.82016 78.45710 15.75305
2.21762 73.66753 86.13318
75.30717 45.89331 76.36252
50.22598 70.59242 66.69666
92.00520 21.31555 70.60951
60.32828 99.62738 60.22547
76.39585 99.17404 66.17231
65.33894 74.92055 64.00278
65.07830 93.54449 55.27771
91.71058 31.23883 92.75742
75.59797 82.94153 39.97545
83.34649 55.67004 65.14024
70.01259 4.38520 96.33579
94.62523 9.03031 89.36017
95.07764 73.04862 20.58088
81.40290 82.70659 80.83501
12.60252 83.42360 95.02088
52.36746 90.96100 99.94586
69.98076 95.78522 98.63043
74.05731 78.66338 68.23941
49.80823 76.25544 87.74764
61.84465 82.93608 83.15973
74.78470 22.08392 76.80316
45.05444 23.71161 43.22279
91.14909 69.76152 71.94783
97.15279 79.79107 97.40343
94.86556 98.53149 72.02483
81.77062 74.79473 93.59932
72.70716 82.43022 16.90117
82.33903 61.46620 57.65209
91.51743 39.41978 84.41115
76.97286 88.68709 70.97844
94.74878 9.59869 72.32608
25.34521 42.73919 16.28082
79.56385 97.72273 64.30723
93.87170 95.66088 60.26942
59.30304 77.20032 85.35129
59.09712 85.08475 76.61869
81.03308 77.72230 74.10654
72.80334 65.85940 62.77571
51.60473 90.67530 75.47107
71.90558 88.21414 79.42209
54.79950 81.45209 64.11382
24.70783 69.04242 81.73698
71.51848 87.85572 5.65001
92.93377 12.83996 74.20027
39.95145 14.83410 42.21179
75.83318 64.05442 81.91654
68.77787 59.37534 86.39352
81.81730 65.05116 69.86070
81.37464 26.06204 68.71972
53.07152 77.50593 72.56488
81.72240 58.60917 54.76680
13.61674 30.03713 41.73236
80.50621 63.27512 53.35563
84.07834 52.28009 63.06918
91.32127 92.22276 60.91776
53.39220 75.65119 55.90137
83.24635 81.55858 75.94878
81.62215 64.15190 76.36399
36.26027 88.98483 75.69306
71.70038 68.01519 86.04350
83.40027 81.10771 23.77358
67.66404 93.66144 98.08276
60.45252 63.34001 61.99869
90.97507 94.32451 67.11508
67.17629 73.21512 17.74428
1.27215 99.34267 78.64853
96.51905 65.77844 76.43946
99.22175 38.05679 96.03161
69.33539 69.13638 54.82130
23.24070 49.73904 34.31094
51.57333 69.14766 65.80908
99.36356 63.74514 52.36854
94.35915 96.13669 84.42613
43.71359 6.51153 31.28929
38.26430 94.64068 80.16149
68.51498 87.11514 87.72607
50.26774 97.72073 86.48153
69.33727 65.95936 87.40842
70.19196 97.82564 88.54327
93.20264 61.71275 63.21446
82.95997 85.60303 92.53171
58.31538 70.30554 50.52331
19.80288 69.18127 73.74737
72.41822 50.39076 91.27318
89.55055 28.33114 70.67808
94.11414 85.78217 83.00983
87.04729 63.13014 62.22476
31.68415 72.40880 87.05984
92.59034 16.23073 92.41125
31.41255 9.64617 33.69511
66.66967 53.79158 60.82926
88.02111 58.10330 51.60671
31.58031 5.15352 17.61494
89.67270 78.24140 85.39897
75.36668 58.90364 84.94972
68.82870 66.71190 86.66849
84.47497 33.73518 97.18772
91.37939 68.99875 74.22995
73.53529 69.09825 2.96269
93.36950 44.12066 72.39690
60.66366 55.81088 68.39106
82.29928 93.77112 98.60053
2.34486 89.88868 93.26616
92.42233 91.93683 91.60299
55.50194 83.18697 60.07827
94.18452 36.21804 93.09152
33.25934 40.22551 45.69679
63.94041 58.50542 75.77900
74.07945 64.20573 94.37768
82.92887 62.08678 69.34604
87.56488 83.30671 30.63876
92.19279 6.18826 77.48722
99.18639 88.40864 78.66228
60.69368 89.32972 62.05886
55.64711 98.53729 75.65472
96.19558 26.52219 91.15986
96.50929 47.79017 81.37610
62.98236 83.27704 63.53679
88.44596 57.80996 91.85593
87.29006 62.97915 81.32682
47.63262 49.29842 23.26149
10.14871 10.49524 5.31363
99.83372 67.23657 55.57632
50.28310 60.92281 84.76999
89.35045 24.75095 84.99292
75.14350 83.23829 61.84937
60.61880 73.93599 66.74263
93.68513 85.40990 21.34124
73.04790 86.39854 10.26912
88.29828 19.36382 92.99385
72.85958 96.71673 88.39575
65.22216 77.86174 55.74701
51.36673 93.94950 80.25223
93.80486 90.72176 85.82412
60.57825 93.82665 50.86068
22.50350 12.54257 35.00570
85.30758 94.25422 96.13825
76.01730 42.27735 87.92994
87.69519 81.60380 70.26131
84.98630 74.25101 29.53822
75.30025 72.79313 58.93913
71.24111 81.20322 38.46237
77.75760 57.83686 95.66846
84.89220 50.27958 86.76019
70.09526 80.09427 65.65945
75.22557 96.65937 32.03885
84.18645 94.17603 49.15521
15.44264 92.73390 98.21259
54.66085 97.74376 52.70216
61.52981 63.86898 63.03616
53.43980 94.19062 94.87120
72.38339 70.70305 50.82797
91.88353 50.82188 73.95794
34.72103 81.76571 95.46979
80.49618 84.41777 77.05891
99.84364 96.76421 16.69959
19.46392 77.98726 85.26806
72.63084 93.11002 71.34713
99.96184 76.33041 56.22682
59.74466 96.70524 88.59406
53.61015 97.17231 86.33386
67.01810 75.66782 66.66813
93.99137 40.15309 75.05801
61.11829 61.98937 75.31966
60.94400 85.29430 60.97330
25.90188 34.15960 29.81774
46.37203 14.18089 4.56158
95.29386 90.57017 80.75329
76.44941 59.40570 79.64003
55.51882 91.04816 71.68368
94.75889 79.49157 97.16028
55.08191 54.35858 67.75935
89.58725 60.71640 58.27480
85.52338 51.78894 68.98909
6.19168 28.89235 11.33028
79.98337 44.16127 79.80502
96.12520 61.48324 95.92951
83.31681 66.23362 60.47253
84.88753 50.26457 91.85990
99.21750 73.82534 83.42836
37.56982 79.61196 83.53652
86.39532 68.75802 85.43879
86.20534 57.07081 84.37292
90.20917 65.56233 87.61147
97.21096 77.68660 28.10359
13.59956 89.65296 75.17512
93.77185 67.99460 56.09070
96.42284 82.35128 72.76260
95.59308 82.95664 9.64179
96.66236 78.85454 80.98465
76.19938 89.61866 66.58740
46.32970 72.88146 85.08361
11.67388 12.34001 24.61065
43.01073 73.50479 82.23594
71.75300 39.20654 80.65401
71.99220 63.59549 82.09225
73.16430 76.34392 59.77936
67.34233 79.00235 67.14864
58.80451 67.40300 54.92189
82.49673 76.01977 81.70033
89.96183 98.42445 67.91226
90.93867 84.06094 97.72248
96.93336 46.53173 93.94111
68.81195 81.05983 22.30622
61.55762 80.39512 94.79131
65.82780 79.21255 84.68542
89.08880 66.23795 79.21683
63.70907 96.26357 86.93845
93.64757 73.75781 93.39356
77.86653 82.29776 49.50242
95.24383 58.30897 62.05276
54.86619 83.45005 98.51824
10.41364 95.94518 82.08356
96.63702 64.22851 63.51270
73.10653 56.45275 52.92534
19.53720 21.96921 44.86683
78.05737 84.92287 31.91509
70.06500 99.90931 70.70074
72.86662 91.02874 94.82009
3.99110 11.20447 44.42389
29.10571 86.32106 74.65469
80.09306 75.96415 89.48205
93.00720 77.35038 99.27908
66.97433 3.11895 89.83006
88.51813 55.21860 57.98647
74.49010 71.36368 30.48695
44.27624 81.47012 68.81873
82.75054 66.78026 92.18695
88.65019 57.86378 53.57687
78.52556 78.53702 21.35698
68.67414 98.67873 60.15125
71.40912 67.61885 89.41567
29.15033 89.14391 92.43532
7.01330 81.85435 76.61174
56.14391 99.75400 73.51219
70.65220 32.20807 87.47561
76.11363 36.43232 94.79189
61.99716 77.99984 67.18058
85.20870 57.23825 91.03193
95.14231 5.93305 74.52350
65.28646 91.14255 80.95761
11.00437 97.30517 72.10344
74.85896 73.03054 88.16116
85.91651 76.12846 49.15701
56.47324 53.52340 92.76115
88.94449 8.53040 71.54212
88.77771 68.77148 63.66555
62.70018 76.25086 80.62566
65.56215 76.85022 86.88275
68.53928 25.62895 88.57365
83.88114 25.44041 89.19932
58.48531 92.98746 70.77984
95.38180 38.91851 99.41334
50.87219 50.75387 52.35074
12.37923 69.36008 97.47824
61.56635 86.90755 52.85740
17.67664 34.96722 47.71859
53.44257 74.92764 55.95777
57.67286 87.70793 56.22246
67.56293 57.43369 59.39131
13.50125 27.54271 29.26312
73.19278 87.71931 67.50910
88.87357 78.21561 96.75966
3.12521 96.48164 94.86179
76.35720 68.38636 13.51362
28.12954 40.34410 5.73047
56.19311 63.93503 59.38002
28.89776 90.84585 96.19090
88.78453 44.83519 96.61322
83.32718 64.84924 70.48806
91.67915 52.52230 55.55130
71.55226 99.49235 82.26228
47.40791 33.62386 35.66928
89.05730 94.65233 51.71851
74.47686 37.51434 72.03199
82.10582 13.87379 85.02776
96.46198 79.52196 85.16461
77.05366 83.82562 24.03070
72.47127 63.76895 94.80908
88.23866 73.45736 74.65589
86.94470 1.60876 95.50921
89.31607 69.90780 3.70997
80.63675 64.87025 97.46992
88.06489 94.66892 82.58763
77.08618 56.31579 71.88222
54.45861 91.95583 55.43072
99.95737 44.56519 85.31268
97.58476 24.31771 90.88186
97.96482 9.10229 91.84400
4.29700 69.64694 90.47529
57.65936 58.88021 66.50744
98.29546 70.94653 59.90359
95.86281 97.36319 54.08498
96.77870 92.18972 98.21014
3.00869 8.55991 16.65010
90.64903 58.34466 94.55824
47.54731 38.21800 47.12073
73.75146 87.14695 7.65678
72.27209 56.74906 88.74895
64.91564 56.60415 66.99015
65.11389 61.71681 58.95783
22.93843 67.16999 94.01231
67.71001 97.66127 38.97969
59.75970 65.81908 55.25126
98.27700 96.71669 94.88391
83.70202 98.34031 24.06848
56.56332 73.44266 61.58865
60.75048 97.70702 78.94487
68.86299 75.67062 58.75203
73.75545 91.07270 63.43696
93.04649 81.33840 44.41638
86.09000 17.47697 69.80289
70.73178 98.32044 71.23940
93.01508 73.19851 83.25443
53.45178 61.73696 51.24279
97.14612 5.98337 92.26660
83.65553 63.41442 58.63128
70.99125 92.89953 26.26715
67.13566 19.42679 99.57225
60.22625 86.96190 52.89170
82.11586 90.80635 24.67847
34.81377 24.72894 6.96781
88.04408 94.49501 77.21129
44.98959 76.34350 76.08452
38.78603 41.06414 28.05550
25.29355 48.79162 24.69419
60.19479 86.31120 92.50535
88.43213 82.02247 88.28377
57.59213 63.48863 81.69541
76.91211 47.85032 88.82798
67.68617 68.47071 99.02866
69.63495 46.94954 92.59285
69.92889 24.85462 77.73572
61.65960 84.46619 75.87088
96.79074 11.31653 80.22330
99.89772 57.26047 65.26305
58.30637 99.38252 67.16397
80.73180 17.98717 74.80899
72.60574 22.09447 93.80670
5.19487 73.07406 89.99775
71.70884 95.72613 85.64256
67.46134 69.69939 98.27269
62.19207 78.16496 80.00341
92.68981 66.01746 77.13213
76.57795 59.79416 65.17404
8.09703 4.69148 5.11262
91.41655 85.09950 75.56364
68.70941 68.48592 9.77817
72.49141 35.61783 67.26978
69.06903 45.57260 94.65326
6.79551 20.63790 3.91524
75.50894 60.02774 57.29919
60.36908 60.99078 72.76386
20.83509 16.33643 4.06577
33.85980 80.48378 85.95781
97.94622 95.75151 25.24480
29.52712 70.52244 73.27740
61.54154 60.62272 88.48109
84.56472 66.66838 49.39705
89.79269 16.60205 79.87389
94.84094 57.13002 74.69110
52.92311 83.34084 92.24477
79.89246 91.74985 72.03964
65.65002 88.70431 52.58358
94.99236 67.70462 91.98609
54.69723 96.13775 84.17253
83.53356 31.02712 97.77415
68.41129 52.65676 58.02837
60.15570 86.15159 63.37127
66.09497 81.09607 70.07121
87.35197 91.98595 88.58278
51.00571 56.58884 52.28317
40.67979 92.48998 71.84825
99.48721 55.42780 91.87930
92.79083 98.88581 58.69457
25.23914 22.25976 34.60194
73.44522 99.18056 11.38991
22.53329 94.38543 97.65198
81.48280 86.37927 62.19516
27.99815 72.23262 68.02855
67.03697 13.84401 86.71560
84.28737 87.62167 77.35147
22.09734 80.86465 73.54069
67.90809 65.25815 94.14572
82.13208 14.29998 88.45957
17.54258 91.46107 81.18722
97.42695 55.28599 89.17679
95.92573 96.58003 15.30002
82.92546 61.06318 78.81424
74.95663 67.59365 63.44267
76.85832 99.42845 66.39006
82.58330 15.10527 99.70984
81.62968 94.83672 64.18480
68.75190 36.24591 79.82124
94.19691 77.29161 25.68610
81.80312 98.24488 86.63449
77.05884 96.85352 45.91661
12.91664 41.20094 10.57876
58.70850 68.22944 78.50388
36.04952 39.19382 3.60063
79.48181 95.97550 73.61820
99.47923 88.05023 37.42716
43.84268 9.07782 13.70285
71.55790 87.24914 57.41356
58.55450 65.11606 80.43233
52.70735 84.02063 78.97295
13.46982 84.24816 76.00542
95.89138 42.58523 73.35552
67.73310 97.41066 66.67712
83.79406 95.56702 93.11503
58.49259 86.74791 60.96707
78.83810 37.82862 99.14559
6.62434 97.90060 87.75022
73.26388 76.70423 85.22592
63.24226 77.79365 60.50384
51.32750 50.55380 75.35854
64.19582 90.81525 85.89888
63.90864 51.06032 85.90122
16.59166 30.99754 29.05451
38.48323 73.08816 73.89396
88.42541 91.52067 43.93173
71.46480 64.18028 69.66197
68.75413 59.70444 93.04813
81.70298 13.57789 79.56624
84.86682 55.18792 71.23608
89.51802 73.77119 82.60606
91.38915 81.83442 58.89831
92.42155 98.12048 25.09438
52.65638 85.62363 61.07872
84.88422 78.82886 72.98274
73.57328 98.97934 81.27463
37.35106 21.67775 49.90433
47.57040 26.97798 46.21247
79.51673 46.06596 72.13667
75.75486 51.40742 58.11021
76.27927 67.29987 66.64856
16.14628 9.15476 31.40756
99.32707 16.80445 67.40128
98.17618 73.93333 49.37155
92.72438 75.77883 98.84050
93.04552 62.98497 67.63219
71.20064 84.61587 81.77903
96.72237 24.17641 71.55355
63.81837 99.92748 59.26173
74.50760 74.64144 8.81251
48.58422 93.96180 84.46136
25.54806 73.55787 90.91806
61.09288 64.20169 53.87681
51.76657 56.37195 64.52766
95.49116 38.14142 76.50121
68.38552 58.77688 65.77982
61.73448 60.48355 95.84787
76.09015 53.32448 53.62272
67.98231 91.82909 78.10893
5.56950 81.74258 78.57181
75.80315 22.80138 74.44770
77.29495 77.12900 21.12245
79.44048 43.70247 73.30540
18.14459 14.15522 29.69744
56.68511 76.76355 50.95471
82.61901 74.69940 80.25920
50.25007 74.61160 60.26518
88.39693 75.63007 61.46393
62.15635 50.07084 92.17941
56.44879 89.97916 78.92287
94.60269 91.22388 33.32833
84.19654 11.51659 80.77333
73.88502 86.15398 55.57680
85.43554 21.12169 85.52429
47.49735 28.72959 46.69815
58.65359 86.79322 80.50074
86.10674 83.83120 32.43193
96.58874 41.90537 74.80847
86.98346 4.71518 80.66906
73.98794 71.46462 78.85489
96.39873 93.00999 4.96874
94.50047 86.20409 57.21232
96.73712 29.57045 69.68229
91.87160 64.36272 52.44299
35.35166 92.54391 97.71561
96.13486 61.02197 86.35579
65.33466 86.26470 55.16973
45.88738 94.44703 79.95891
92.87523 18.33594 81.90785
70.71091 87.01972 47.60315
89.96534 96.71437 1.62157
77.17677 92.31113 67.46201
56.42094 86.39977 59.50074
75.59806 95.38735 58.27196
45.05139 21.91759 35.80623
70.32238 92.02229 90.52371
85.59038 51.13462 89.13967
74.92804 57.44174 88.38971
53.94253 52.85822 61.79985
93.67800 15.97726 97.94267
24.95841 78.04112 95.15799
52.51206 99.48640 52.28273
20.45934 73.00544 77.14972
15.92097 28.58773 1.90927
70.45983 98.37206 94.47499
84.76770 98.14318 84.30771
88.19036 22.56995 79.42706
71.64414 81.71229 67.70391
96.32484 59.32678 56.35545
80.35855 36.55738 83.31972
52.90170 54.75655 89.35194
83.90424 92.13680 41.90666
76.78140 73.45351 53.96716
84.19700 75.05559 56.91400
87.49195 96.67833 76.72549
38.99440 3.72257 6.75214
96.05577 76.64822 60.46757
94.86189 81.95319 78.91635
56.45723 92.41208 93.21135
61.88359 68.50129 64.63355
96.71726 95.77894 58.36228
85.43776 51.00391 99.17522
55.84925 54.56264 88.63896
56.72624 84.20133 79.74560
70.34012 91.34624 56.13814
60.36665 57.89530 60.67197
83.62267 85.31643 1.56375
96.39784 18.48156 82.40454
91.43150 84.29431 75.12810
50.42760 86.51632 97.19771
93.83668 65.31771 94.05560
58.42007 78.84842 61.72887
58.49658 83.72861 96.07607
61.32389 94.78357 61.66117
84.28528 99.28831 74.89412
1.65927 1.96732 23.00325
97.24743 93.09033 57.26725
85.58911 53.15365 57.33672
99.51689 53.98335 59.97710
55.82714 52.57497 58.32071
66.48718 89.07105 66.76324
92.63571 89.60450 99.46572
83.28215 83.33569 11.89188
91.12503 88.41957 88.60814
92.80304 59.89871 91.14161
83.92911 99.56180 10.30691
67.74912 96.73359 87.76170
90.87865 54.67479 72.45595
97.17324 88.65220 71.92516
46.12297 35.51882 15.51239
62.09970 61.04057 67.69768
94.98031 86.96382 70.41970
83.46933 55.56972 87.70801
63.29025 86.59867 85.87399
99.29794 60.10235 56.88869
66.83905 75.68993 86.75907
70.83276 85.02688 99.31278
73.57673 73.66869 96.01582
87.22729 87.54616 77.83570
53.26599 91.40586 79.71859
85.48074 80.58042 31.62389
99.18205 92.29709 15.05752
91.39565 59.66028 95.67110
56.64378 54.64806 91.94349
54.02873 59.53232 57.76836
87.05711 78.37624 53.33790
82.86027 97.30210 18.18884
80.50392 89.73859 99.77256
86.16645 58.51090 53.79676
93.35942 77.35022 42.84153
11.20178 34.30803 2.67359
71.48047 83.21040 73.98442
25.72849 96.04812 92.39733
51.02909 93.46582 67.33403
83.07861 77.63034 7.07672
70.61900 53.90546 51.73347
46.95129 69.21870 95.37138
83.54659 86.94717 98.85346
22.14331 87.00094 92.43382
95.80506 67.14375 50.53282
14.56780 71.73559 86.61400
74.79027 63.46980 85.30110
69.61719 58.06266 85.32505
75.86333 96.05008 74.98625
87.04134 77.85336 57.87008
86.41662 88.32355 77.87034
54.16553 65.29807 99.39114
90.08169 28.21486 75.17622
44.07040 47.06422 7.68652
10.55028 76.71292 88.58320
50.03067 50.81107 69.60413
86.63909 20.35316 96.23432
88.23250 66.87983 65.48959
87.15561 98.85795 62.54951
68.22108 71.44958 68.43952
94.14001 98.70116 54.03087
57.72413 51.96498 78.08402
84.07424 99.94561 75.64588
90.84807 36.73010 81.76833
77.23856 68.97347 86.88313
37.28052 19.85920 47.55242
75.06732 70.37865 63.30972
45.03463 30.44899 37.40636
77.58114 92.37577 82.67967
55.79188 82.40206 57.01258
56.20950 54.49053 80.65584
65.84761 95.74031 67.71710
64.69699 87.21483 87.47403
65.37103 83.97438 55.37559
72.34501 64.57247 70.25263
4.09907 76.78620 89.27901
11.46091 47.58102 11.14128
79.83513 39.86779 67.87373
21.10109 31.90480 16.33719
83.57243 89.46957 74.31190
85.93074 72.49849 88.06715
71.31980 39.68342 92.40785
75.10960 69.73762 51.31339
72.43368 70.61255 50.71527
73.10557 51.17093 97.79117
61.28467 54.17430 53.32949
99.57672 83.32747 97.59403
67.47320 36.74641 73.05295
88.61893 4.01936 72.86630
89.94981 92.06128 12.25055
66.89956 90.06427 56.84052
33.70990 12.61117 32.85361
53.48040 92.37214 80.53371
97.32822 75.73120 79.78860
55.34042 96.14317 82.16883
45.29347 33.13143 4.38359
64.05140 90.45847 61.90334
93.59999 69.29728 87.03248
82.54867 74.59597 56.47332
80.16525 86.89004 7.42006
8.07822 97.71647 78.27795
75.52303 94.86073 79.29599
68.41509 82.35338 82.18702
89.70785 50.27858 59.78510
21.01286 42.74013 18.72032
61.58425 69.02607 58.52943
93.77451 80.52712 49.83036
85.08623 67.17532 75.98474
98.26816 98.04989 65.08240
75.41575 83.77247 90.86371
54.76464 65.12639 79.83516
97.18337 84.12182 24.73506
52.14284 65.77495 76.06485
86.95397 57.11766 57.44017
23.34315 76.02187 85.68987
91.93787 88.76136 58.60939
67.19123 67.35739 4.59373
92.31106 61.56353 95.87161
99.14302 87.26648 74.43127
67.08190 73.77208 86.44039
59.78362 52.47816 77.95604
52.49679 81.68025 98.47554
70.51025 76.02017 52.05191
88.96093 50.02694 51.63920
31.62478 68.30828 77.80191
59.86298 83.45640 79.78942
69.59333 54.15835 52.23348
86.52200 89.44536 66.28973
70.20860 94.36378 10.63681
79.14671 87.68516 68.82641
55.21671 58.57686 67.99328
67.60179 88.04793 84.67635
80.06880 25.73683 96.63717
37.20029 40.06668 21.97766
31.16096 90.72696 97.39319
68.35921 52.75101 56.09921
53.05131 88.39894 82.42786
59.55488 60.25564 68.37042
66.45629 78.63946 65.04471
93.95552 48.57364 90.44789
30.87544 32.08067 44.23144
52.40973 77.18168 55.05320
85.80138 39.51795 86.94917
71.37108 2.83509 68.77969
53.26709 54.37673 82.52410
75.34773 87.83682 87.70839
76.97246 2.05405 80.53451
50.75714 74.97002 77.20787
57.45912 87.47241 87.62087
75.28063 73.56825 57.27339
77.73689 84.88504 46.93061
75.21146 76.14273 30.38574
89.61358 66.91747 88.05760
98.46111 83.71534 96.16129
67.32911 73.59745 16.81299
91.84750 74.85787 34.00956
58.99483 81.62387 72.61204
89.78805 69.66145 53.93703
70.94426 84.15817 73.29297
55.64775 51.58276 76.71920
85.62489 73.89013 75.97084
37.64234 71.69074 90.90413
76.44598 62.26393 57.78890
70.91029 64.79397 71.41826
7.98353 94.18707 87.80995
70.49175 70.72670 61.83363
95.34151 64.00538 53.54957
92.71362 93.42651 36.33644
98.96516 91.42744 70.51373
96.38803 71.37473 75.39897
86.28155 87.33680 83.45918
40.44256 94.24492 73.45014
55.88017 82.02888 72.10712
67.18185 57.33365 60.44269
58.51303 84.08263 67.10283
21.84552 67.09453 82.87247
77.25684 61.92344 58.46481
82.12326 50.34866 66.98465
91.73687 55.75766 93.36328
72.88890 98.28311 33.15642
69.61420 73.73101 19.40578
67.33732 58.92573 51.67486
63.05751 62.96402 50.97757
60.13681 62.93296 53.43027
95.38709 71.06532 56.46960
95.39958 58.48415 99.89481
86.74927 60.90536 55.59602
77.61835 85.29681 61.82695
56.33315 83.10967 50.14292
21.89441 44.61132 16.16754
66.60044 56.41200 94.37487
66.49787 69.16158 98.26876
55.35116 55.38457 81.24585
87.60341 76.24673 3.65694
66.25662 93.09171 67.56111
67.39005 70.63173 60.39558
85.87888 76.15606 74.77209
98.61238 94.48808 62.92708
85.64222 91.79715 64.81881
87.07483 78.26359 84.25514
64.10706 90.19897 60.46652
69.59488 74.71060 97.35701
74.47912 79.87763 58.34129
48.71562 20.78007 20.26911
51.88478 62.27215 55.96194
74.49695 90.95537 69.48103
78.93679 72.70310 90.06581
70.96678 83.87854 57.38428
36.24549 49.55926 40.73698
86.04548 50.75894 59.01895
65.24407 51.67276 54.48141
43.17174 31.60151 22.93497
73.33235 72.23899 60.41108
52.07243 77.16302 66.59303
37.80691 41.58649 26.44144
57.87711 75.68792 56.54802
79.30195 46.27720 87.61101
85.77067 54.72653 74.89729
96.73826 61.27103 67.09559
79.72772 62.93871 80.35311
58.24065 76.33320 65.11960
52.57819 81.52592 72.42428
87.44920 98.06379 51.28722
81.21002 67.87117 96.26142
36.06830 78.97943 81.88560
12.35226 35.45826 12.63329
40.19371 95.88278 93.70473
54.56041 96.66746 93.68680
23.82632 12.59366 28.83940
4.36714 69.94161 81.22611
15.75154 40.65058 44.08735
55.22304 83.95095 85.65572
85.40999 69.57362 94.53334
75.62169 81.99677 99.90919
23.34368 74.40463 67.52424
54.03234 84.77195 82.25538
17.85578 35.29267 40.40256
60.92919 74.92251 90.94642
62.99031 96.49721 87.86059
78.06162 75.13094 55.09551
56.70742 97.45168 75.05403
71.47800 85.36675 50.27866
81.45165 15.60606 90.73064
91.90713 1.84029 97.02946
63.02191 79.49612 91.78494
40.61463 75.43745 69.60137
93.25446 68.59868 86.99936
74.94166 72.29026 24.78737
88.42104 96.87715 66.69696
71.43138 1.91569 76.62493
99.52697 91.82448 74.24003
71.30328 71.43142 13.32640
83.66156 50.25824 97.99573
70.73357 84.34123 96.84207
84.95733 98.54953 63.79440
34.93868 47.51691 45.29483
23.75094 75.60878 91.90641
83.62709 52.26159 58.19963
80.05575 81.23189 26.47639
68.08536 56.65219 99.99011
84.62775 60.10153 51.58119
99.36475 52.79279 84.27816
88.73730 80.84332 27.40779
99.80435 68.42574 1.72922
77.53116 89.30807 96.44846
84.14272 64.35874 90.24750
64.97293 86.16740 53.87836
80.83299 88.81926 71.57393
4.62583 86.42516 82.44164
80.60410 55.21678 71.69278
67.49820 95.64409 51.93003
91.97776 84.64804 95.86108
90.44524 81.01773 62.74690
87.93649 83.09980 95.41638
66.95664 52.13900 63.35472
82.73293 61.32786 84.98453
92.04685 9.90109 97.12363
75.27660 67.86213 66.78912
91.80574 98.25639 8.32194
17.70166 70.67856 98.50701
55.73303 68.61845 84.91006
59.96696 60.04419 74.22378
55.37921 94.91007 82.65247
42.55261 38.06762 41.05326
71.55769 67.46525 42.61498
61.39484 55.70521 95.83402
1.71688 92.45557 79.81673
86.78105 57.70581 58.87753
71.59344 73.32044 58.45157
57.55117 53.92166 84.66905
57.09973 75.74138 84.29878
98.90891 72.73574 63.60836
81.47354 86.37459 54.74879
74.60817 73.04767 90.98702
61.42484 77.66630 82.90359
30.72142 91.51038 91.13469
74.13969 56.60463 58.84943
12.42861 76.35565 91.93762
14.11564 9.78826 45.03724
19.62441 80.92155 85.10431
72.03142 77.41020 25.79887
85.74696 88.81107 19.77774
3.15033 98.59185 69.67101
68.77956 59.25310 58.34477
60.45658 69.45459 79.45055
81.19732 26.30385 81.29128
96.59229 24.04444 88.35254
72.12293 74.75723 28.42453
70.11915 73.97843 73.83969
79.77929 13.92454 97.26532
62.76820 98.35250 88.05646
85.03362 91.87139 7.20090
67.64102 78.93014 25.83141
51.67992 98.27682 69.13962
95.91521 15.07997 73.02270
51.70340 65.16413 71.00954
66.07977 72.13747 70.21157
73.61273 75.63439 98.19817
19.16108 68.88275 75.45863
94.67046 69.68337 74.00992
79.10943 85.26825 89.13708
54.38173 96.25097 61.93121
57.05294 92.59707 84.76006
96.59476 97.23777 73.85906
90.63551 93.57605 45.08087
74.67134 85.50846 59.57086
63.38909 65.01820 58.79383
97.12396 71.04167 58.44493
10.44753 17.06485 16.78835
89.31755 47.82541 97.84818
95.63457 74.30566 70.85026
82.96224 52.50662 57.45239
91.92030 91.79356 90.29182
75.28339 11.38091 67.94297
89.20551 82.10089 16.82097
98.87136 96.76704 76.79823
33.92912 95.24565 76.31602
78.09467 89.68178 3.06588
97.04186 97.29571 74.01972
93.18805 67.54228 67.99978
1.42436 37.44846 48.14586
79.62959 9.65974 88.47322
49.05860 82.68555 97.05632
89.79718 53.41177 50.08975
56.14876 69.06214 92.64850
93.83146 88.51028 86.50557
97.67449 68.54825 42.01221
90.88105 98.21526 95.85682
85.88596 63.17343 98.92460
95.16029 67.27884 33.84126
35.56331 85.81361 90.56686
85.11797 18.10496 98.12853
53.78040 99.14394 90.06894
72.90375 56.46776 87.95009
98.52292 55.60229 69.12883
85.92613 60.80815 54.41564
76.63821 96.87129 90.22514
73.11499 16.61702 93.39878
67.95524 93.66294 50.90811
1.01874 45.77173 1.88791
66.84382 96.25922 33.83581
71.62669 93.70186 85.79983
82.20415 72.56617 79.73869
77.34246 78.86919 34.54508
82.52347 76.85701 11.06876
75.54357 50.65845 94.48257
61.02872 94.95354 61.29390
71.78862 70.93282 17.29174
49.49140 20.27352 15.93109
93.57121 76.17127 94.82835
77.39834 88.59745 25.09689
92.55027 72.38834 52.58249
79.06549 45.59197 97.28485
49.83302 88.88680 73.62439
73.73529 44.53368 99.06798
8.60172 45.41539 44.82804
96.92959 38.25159 79.44997
65.10227 93.66159 96.92572
75.63561 80.25025 15.00863
77.61966 4.80677 68.98161
85.77271 90.89808 7.53742
89.13081 67.01949 17.56662
66.75522 75.58955 60.71628
92.52973 42.57820 99.95655
55.79892 92.07921 96.65156
96.77218 76.26949 5.37616
28.37093 78.77408 90.60634
44.57902 72.40779 97.24852
79.84171 91.26529 96.32045
62.79920 92.81131 64.50354
58.08134 87.22472 84.07480
83.10832 55.88889 69.59388
69.79711 94.17578 81.07372
56.94925 98.10654 92.42273
27.23781 34.83834 18.28857
52.75197 94.26668 50.19331
90.54104 52.84848 98.75393
74.08976 69.67480 99.83733
76.99208 58.95042 98.77666
54.35988 79.02372 96.73576
87.14467 99.92008 77.47019
75.36941 57.14726 90.68352
20.90075 31.24341 29.37877
63.96291 92.06115 63.32241
70.58839 73.47265 26.89766
89.76819 69.04305 68.51780
54.70161 90.94802 63.06652
54.97690 69.10545 81.52924
53.75968 68.94196 94.35810
96.85105 37.09530 98.70216
64.47685 99.84746 90.50990
67.57044 91.79910 55.85753
59.38120 87.35176 83.49775
59.28021 72.05529 85.88440
79.12824 49.23896 90.33727
68.68096 96.73223 95.86599
92.56203 98.15798 79.10614
53.15173 64.15538 84.06068
52.46549 60.06072 54.71352
31.17516 92.49868 77.81824
27.58029 44.68672 33.31502
96.95049 92.01770 79.04377
97.71351 80.41616 83.19740
54.14452 58.06743 60.52496
90.02183 71.48597 86.18472
88.55734 81.08339 90.79252
74.30333 90.69807 55.77501
85.36212 3.90587 88.97445
85.37760 98.54499 5.25972
56.87284 53.67278 94.03336
70.05593 95.28509 91.88938
5.17229 71.67475 83.84369
66.21377 69.53755 69.48041
68.15519 65.66153 89.39157
94.42800 79.37302 92.68015
68.61782 58.85440 91.54036
98.16176 60.89180 69.53185
50.51707 52.08185 75.26431
58.98021 94.68432 83.12195
90.69720 96.92528 98.79775
92.94244 82.89404 62.23046
67.79032 87.94776 69.27184
73.18790 63.55946 84.40047
93.34068 56.36783 98.06294
97.52439 77.45643 54.84729
52.21220 83.79748 63.65809
67.76119 69.75830 54.63317
5.78055 78.47272 66.99612
61.54860 65.31733 63.94833
70.26886 93.91973 61.43163
83.28300 78.21292 74.29532
89.83402 25.67312 95.41261
23.72439 40.55218 19.53415
65.24944 87.63254 79.70228
57.94007 89.67698 75.06311
58.44789 91.43719 67.63725
99.99261 97.27736 68.14159
43.53103 6.89026 43.77372
67.81376 73.65168 17.88536
10.05421 29.40424 47.53727
97.20276 68.83582 95.14651
20.51360 5.58175 33.84819
99.85322 86.39779 60.64752
65.03326 77.13160 75.15043
93.81569 89.50920 89.61742
9.75320 93.03161 91.64604
76.64274 53.56032 98.53616
17.62472 8.75074 38.13410
76.66972 69.81043 89.05889
3.11657 97.62330 90.07591
37.14594 14.81627 48.51363
58.18609 57.51571 99.60657
53.57960 57.33398 86.85525
95.47677 80.80269 75.12327
90.03786 26.35681 83.39977
63.83808 75.71297 50.34052
91.17425 70.03073 58.53281
75.55134 52.33773 86.84060
77.32072 71.72015 86.35648
76.26364 70.15308 88.07368
42.32544 93.01765 85.28122
17.38929 33.07206 35.15169
72.62230 54.08912 77.64146
55.58336 67.01250 63.84479
72.69843 79.04635 64.41985
84.78477 88.76640 75.42974
98.24598 24.57174 70.15130
69.92790 81.47952 68.40849
18.23745 73.20014 98.87381
97.60663 92.83598 3.40901
27.28909 38.43547 28.83253
73.77823 49.62773 88.92766
81.54804 59.92073 68.39034
90.27316 66.95155 74.20967
44.79191 9.32843 13.88232
29.90356 92.70448 70.71950
26.20791 19.02293 15.28521
34.76855 7.91368 11.78601
54.65034 92.14074 85.74852
59.56471 70.77642 80.25031
53.74628 56.57426 77.42593
76.03569 88.44273 96.24673
25.68721 70.94463 71.43931
81.11483 76.87178 59.01678
93.34622 53.53426 50.35450
67.18141 45.66529 86.06005
57.01053 52.74158 77.60477
83.53545 68.30778 78.39043
80.35872 94.08652 73.03880
91.64176 78.77386 10.81322
84.74399 58.25727 51.40428
82.63099 27.60227 81.79536
63.41078 73.20554 76.10907
57.68124 92.22901 55.40619
92.63828 58.98826 89.93155
70.71583 97.38311 53.70668
72.70944 64.65568 66.93357
31.14788 8.10506 31.00908
70.64856 71.64858 53.58051
86.89306 40.82395 91.31892
99.97899 94.13550 24.28730
29.81518 95.33323 78.19514
92.11458 60.83095 92.71106
80.21201 55.97860 83.24642
85.39610 80.63133 65.91102
57.48322 51.66556 89.34829
76.91063 92.08312 74.93145
17.12707 75.49193 88.05505
72.71601 42.47445 76.23248
67.12434 79.98197 20.10879
70.86546 75.55236 11.50321
2.69280 36.17532 10.19837
91.98340 97.66633 77.95321
20.94402 43.99490 33.21816
54.24521 97.89239 99.73829
92.72940 61.18755 59.32435
93.31970 91.57499 62.20738
94.05537 68.48657 72.10844
1.40212 94.20638 91.97762
77.87063 69.15619 56.17301
87.26382 81.81358 84.28547
93.88635 95.49702 51.09053
92.41440 53.21070 63.13195
30.76410 6.34078 14.99273
44.63610 40.91311 19.12751
15.58872 48.50456 24.41895
67.52169 96.83106 81.60777
61.77060 99.34954 68.73232
64.52761 67.23360 94.78081
67.74774 96.66077 39.55631
43.08706 44.95673 31.29577
91.72375 58.39743 88.50759
93.41858 73.06669 22.00829
26.71533 34.96221 31.86628
96.68745 10.18434 79.44569
24.41104 95.48404 91.96374
93.53255 81.19896 85.11256
99.95007 98.42313 77.62005
52.66354 92.54022 91.84193
41.74927 42.00669 29.44916
36.78953 27.02125 49.55036
37.39469 3.07724 13.65139
93.54548 71.13758 52.19822
69.45304 83.90504 84.47851
3.61164 17.46003 16.80089
98.48955 98.05835 47.19773
55.03178 97.93126 56.57930
65.44691 58.75538 97.96001
52.46927 95.72950 61.00006
92.91413 97.72397 42.34950
96.39827 93.99244 67.57715
99.65103 52.23428 63.92237
67.90557 70.46910 83.95564
67.58803 97.04124 59.73916
51.56142 71.30850 64.53064
99.58227 87.38938 16.49057
92.14016 63.22873 52.24494
68.90615 96.86132 75.00331
12.74255 15.32738 1.62960
55.13098 65.72930 51.90559
97.62363 97.32522 62.88243
91.72627 62.68652 68.40562
56.43717 89.75088 69.61875
21.86045 33.33230 15.12429
21.62290 9.44901 3.58664
95.76802 73.42613 18.77361
83.08117 85.75273 91.44433
74.80093 19.81043 92.45997
74.89768 2.40512 92.29179
92.58551 73.12525 57.10739
97.88879 98.06413 9.10719
81.28423 91.33137 62.32820
73.10479 51.10683 68.20131
95.13556 52.37172 55.02691
30.03776 27.24191 46.05464
47.91693 86.14007 82.10638
12.65307 38.04956 25.90702
70.16951 65.64485 74.59393
48.51463 98.47891 84.64360
75.63961 65.10373 79.82576
82.31377 1.70309 73.71201
55.47404 63.95331 75.85912
52.50145 51.62118 56.22585
53.91169 51.30471 74.59892
61.99695 66.65396 57.93994
87.70800 84.85934 86.80029
90.87394 68.85479 71.04588
28.50037 5.29502 43.64360
61.18062 96.55281 80.27411
46.30045 74.69421 97.72454
59.30929 81.69988 66.62628
63.17275 84.44139 66.86253
82.88445 74.16016 33.71333
63.18318 99.68818 76.78728
71.83007 16.50967 77.48065
46.86554 43.12489 43.99565
79.40379 97.00681 58.05907
97.41511 86.70911 69.81762
97.51882 6.73336 73.34906
98.13167 10.24805 71.17883
73.68693 95.22074 22.52910
97.63889 98.25676 90.93492
86.01662 79.99118 76.65336
15.17035 19.76252 5.55664
72.12439 86.33225 38.53623
88.10662 91.66773 64.54614
54.59994 52.79189 56.22483
3.48217 70.09586 86.11375
5.35412 43.49740 10.05344
41.02734 37.47724 33.87639
47.33449 77.87607 89.40725
78.19233 84.86335 68.36868
72.62397 50.50241 50.21237
89.14509 91.72666 35.81093
86.51671 85.73404 83.14832
40.43241 42.97468 15.88942
23.10813 75.71227 84.47860
75.71410 48.47717 76.43989
5.65245 3.53791 30.56393
52.03514 93.54369 97.24205
96.56515 82.77833 90.24899
76.25922 42.42718 90.99301
54.59687 76.05492 64.19719
86.02440 86.34239 90.63818
1.24751 5.45318 46.10378
91.97799 52.28057 54.55495
77.71793 42.57098 94.66383
22.82289 22.16727 16.29245
26.60829 35.13800 31.58681
64.48598 82.52145 98.33023
57.96773 78.04203 76.56517
68.97293 74.56015 91.83139
67.56574 62.39821 74.23877
13.81962 68.60044 90.22312
82.20258 80.60934 58.45358
93.15212 90.16845 12.61770
13.27234 32.08246 2.60100
54.34072 80.12616 58.32175
60.94743 52.34248 98.20925
76.42518 72.21232 66.79849
76.12960 49.05137 74.64572
1.53782 38.71511 1.68650
95.61010 15.27126 83.22119
61.43559 94.06080 76.93884
86.18851 87.79130 42.48508
75.74150 26.42625 73.17824
70.10127 91.76873 96.35691
64.59721 55.98201 56.46557
70.40285 61.87105 73.86082
79.67107 68.42968 75.19175
82.39760 85.71323 91.47236
60.12590 83.25061 69.62822
93.70005 86.42897 76.24455
71.48838 86.64340 1.70057
70.82327 95.89626 49.65871
60.02582 80.99150 78.92599
85.10929 82.04506 94.67988
71.02989 82.70302 87.04487
91.94923 30.22251 89.21366
70.01725 73.48311 89.19008
86.42912 83.64968 76.12695
34.97547 93.86294 77.34156
39.71471 88.30012 67.23628
72.92809 87.59266 63.02542
86.83052 50.87573 75.84590
10.08680 93.28360 91.51453
86.25591 62.01449 65.00203
67.95671 58.28282 99.53866
45.55390 85.93227 93.09663
96.88049 74.90257 87.14135
62.34383 90.17948 51.57469
73.39685 76.72143 93.36673
37.02531 98.96451 89.33064
38.53379 4.88090 17.95195
40.22992 25.21914 38.63178
71.25035 68.25209 99.70381
61.88448 68.43292 60.68032
64.19084 82.68829 89.95591
31.59516 94.87624 87.57069
92.45821 73.79778 77.45431
24.22847 29.19548 15.72301
60.83954 75.32311 95.09143
66.92504 89.31734 47.37617
88.74109 93.55222 37.61845
5.78955 83.75409 71.46547
27.78403 29.88488 30.53966
56.64390 82.41399 57.89757
50.24053 72.39521 96.24453
45.78488 86.87604 78.03961
55.28308 84.71144 81.11400
40.06139 84.36024 87.29628
75.71103 63.18981 51.16823
83.37152 9.87464 91.57090
59.73743 75.78481 69.21319
63.32495 50.24571 58.30164
77.95560 79.14277 80.28984
76.22453 91.88871 70.37245
52.94801 52.97666 93.94415
71.95323 84.07006 57.07700
69.00856 76.40293 70.20205
93.35246 61.64754 90.08833
63.26265 84.80265 52.57831
51.36098 77.41729 60.23135
69.92193 57.10935 83.99688
58.16974 75.76436 58.75729
50.17806 53.15877 82.85050
72.91700 91.16884 10.53730
83.60388 38.63122 84.86933
91.59215 81.36010 70.68756
63.12144 97.98257 83.63210
69.30454 75.23184 51.27444
51.56157 62.82775 61.29051
60.60002 64.06473 90.66520
90.51043 64.51300 65.82136
81.37135 98.39642 76.71593
98.26491 67.74363 53.53368
92.24875 54.00552 71.83596
81.46992 95.36861 59.18860
91.96096 82.78195 60.22147
68.26268 72.82890 90.30914
84.62239 83.16190 76.68410
97.59597 99.72311 56.30907
97.15493 68.33770 97.34832
91.95507 75.81726 73.32377
65.99393 61.62192 76.76471
67.67170 60.12815 82.23333
59.73039 80.30392 57.57326
64.49800 52.90985 90.92971
33.60090 45.09143 48.87020
92.96624 92.31028 46.39513
33.56542 32.10134 41.17215
92.16423 56.42001 80.59629
87.35735 76.17307 50.71795
86.73159 99.13227 60.34803
68.95998 41.20486 85.90736
72.91273 95.57191 86.03950
79.32953 65.80078 81.82017
80.41758 84.07386 68.45361
71.46862 84.67118 45.09557
52.16463 89.32675 88.56734
56.23926 94.52211 96.25617
98.13012 83.73121 96.83885
73.45475 98.44863 5.67377
76.64085 73.20891 27.04221
41.61524 87.76129 98.58133
90.16033 89.17523 77.02640
81.75729 61.96124 70.24586
85.99531 84.78847 97.59232
73.07858 52.65423 88.05698
70.07720 98.35822 71.73750
49.45517 74.04799 77.80128
85.59172 53.14382 97.99151
68.60692 64.33599 74.59947
63.79353 89.99919 96.57916
83.89782 9.33024 89.83007
59.72274 68.47167 67.51064
42.71544 18.25351 25.51406
30.43414 92.17753 67.90591
71.55440 39.95951 79.20425
70.97136 93.80012 70.91852
89.12180 88.32809 90.29077
76.48854 90.76437 21.98772
68.88354 62.70361 84.55129
40.82706 92.07260 69.57491
74.89603 61.36555 84.79481
35.00235 86.59949 73.80934
92.31216 60.75269 78.67721
80.93450 97.90349 52.00754
82.50887 80.21559 27.60008
6.54211 33.30652 29.65401
92.39019 69.90373 71.03901
74.89627 59.47991 54.93221
40.33416 92.88535 80.12311
69.66179 88.40625 76.55435
7.54442 34.23701 29.73592
64.43654 63.69040 81.76663
35.05006 80.37332 97.60855
94.25851 51.34442 51.91653
73.74324 69.98415 36.93884
49.64535 76.43777 80.00000
91.82353 52.32828 98.40207
77.50928 86.64328 71.50267
67.20072 75.83692 76.93723
33.51384 84.17144 83.72252
53.61818 68.27250 66.18961
88.66729 28.33272 96.74724
93.72205 89.84314 98.27583
61.45618 79.08409 68.66126
90.42561 78.48922 67.29493
39.67416 92.82780 97.10581
93.04121 87.49318 20.36872
7.73757 67.64796 74.30835
69.04186 84.27861 70.03678
76.49087 75.58501 46.68600
98.89780 54.28047 68.25995
53.53519 81.08346 51.14600
87.09800 51.05689 88.12262
44.79600 84.22698 77.73200
14.54917 35.42947 1.72063
88.52850 96.41037 62.63120
79.16393 54.91555 70.69066
64.69551 78.38575 83.99315
72.35100 55.36907 94.29143
74.01795 42.96875 69.02903
76.85692 57.39726 76.50913
52.20411 88.64913 83.96049
65.32692 95.13134 93.31000
89.67041 57.88461 56.39755
89.70462 94.54126 79.57299
57.72703 60.32500 96.00374
88.41921 80.83130 94.35595
59.11607 61.01927 69.92904
47.09689 2.91384 28.75415
88.39559 90.28269 69.55443
63.36027 63.90430 59.69391
39.33464 47.04038 15.72032
88.07326 95.57914 75.01612
32.60009 91.10517 89.08135
74.18264 95.94640 54.80173
96.86135 54.48366 66.05393
3.88015 20.00994 1.14865
88.46044 83.03936 94.04027
56.42198 55.33649 70.64795
75.23156 81.19875 34.43265
76.16839 90.28306 70.93913
49.76399 18.78181 5.22403
96.80884 44.79972 70.87374
20.30116 3.10565 32.35831
39.54476 34.71040 44.80482
99.18587 35.00719 88.67568
82.51568 11.38222 88.38175
66.87941 79.69307 55.02892
67.49650 91.04791 69.00494
2.48212 29.93143 24.70995
89.38602 86.94475 72.66026
17.15320 34.42650 33.71002
25.59060 43.78157 26.78149
80.84173 79.23380 33.39967
60.60104 50.13796 72.52804
44.87625 39.87582 11.96039
69.69533 69.27831 77.41913
76.15826 70.21774 37.43451
48.71203 91.16985 66.92693
96.18470 67.67525 27.93979
83.09027 24.55286 83.63349
61.01654 80.53757 59.42685
8.82278 36.40254 2.25727
81.40295 1.57981 97.98116
21.77481 98.56309 83.73890
78.95763 78.98657 52.80408
4.91555 25.28198 26.88720
52.65780 82.07549 76.08885
82.97618 78.00064 7.82782
98.54273 15.97428 96.65504
83.63563 70.98950 61.19031
67.83565 98.48859 91.45787
81.81160 66.25621 58.14152
97.32135 71.48926 15.98975
91.52641 98.77583 70.37821
28.34690 30.78928 36.29467
96.28190 76.06019 39.24649
61.84018 94.35694 53.67155
96.97202 64.09701 74.16002
93.54408 26.38105 86.61428
68.19918 85.38771 60.33754
66.93446 38.77844 83.83980
72.46764 30.59687 76.88326
64.17768 91.56398 92.31672
93.55071 4.29394 78.21402
60.19849 76.75313 53.36698
77.86396 80.30182 71.42446
83.93328 18.92825 71.85521
82.82705 92.15140 65.60418
54.85210 84.23120 70.22018
89.86553 63.26592 96.24638
58.02436 64.60355 55.07565
76.96156 50.28308 52.80479
41.56934 36.62001 45.29735
7.54296 88.73720 87.07022
68.63982 38.25624 98.72982
79.03274 58.96158 77.03321
3.88985 6.18576 46.14003
89.82239 77.95127 60.23952
82.36154 94.47279 61.13403
91.12338 76.19366 65.65159
84.33032 89.99943 70.73491
77.88849 63.19323 58.72819
38.09238 89.24721 77.78218
96.16419 82.86745 92.11167
85.27213 65.26641 78.10523
51.03004 99.45331 67.99533
73.60962 93.99794 72.02272
93.20001 62.90530 51.41457
70.21553 93.36157 71.04738
79.19499 86.79513 20.69634
80.07027 70.88661 90.13784
50.54557 57.06934 67.87496
42.63523 2.15315 46.24086
50.89539 92.57316 53.23335
95.09678 90.34789 28.69394
19.44463 95.38518 90.23804
62.31710 55.86065 88.17421
71.61583 84.42994 56.28829
99.77518 52.47335 78.26128
66.98946 69.67150 94.83579
87.70935 63.89182 70.49927
92.48973 64.29062 88.93188
66.54523 83.53670 99.14490
74.90035 65.07789 58.25539
95.23269 93.42585 6.71615
74.33860 15.03276 79.10649
39.14714 31.36223 26.70615
98.47866 91.56011 54.54048
36.63579 20.26710 23.07699
54.30401 65.37670 70.50579
95.02148 38.13961 93.18063
73.49126 58.14318 92.27065
71.70706 56.80288 82.92600
98.73133 86.40678 51.96403
66.67011 76.91167 92.29681
62.69581 65.18458 93.90078
83.32934 81.69223 61.05018
61.49040 68.52996 63.85157
10.28903 81.74729 96.65168
4.99446 11.64135 28.47763
65.27510 80.97277 55.09338
83.79981 80.32690 90.09192
74.61338 90.09035 21.50023
90.00125 95.38005 23.07525
94.60867 50.62708 69.75076
60.98132 92.65514 70.91710
48.16258 32.79737 41.77331
8.12684 73.68042 98.49221
25.25294 84.74550 77.61820
97.50084 88.09083 73.77439
65.29453 82.89613 94.91396
93.82790 65.88627 90.94689
78.38656 70.10006 63.52580
25.93864 75.43021 99.83343
78.64863 59.00554 75.98806
50.75692 80.53091 55.31413
61.76606 95.87781 78.39286
78.35689 39.50348 67.29669
87.88662 80.80102 78.64284
57.30190 71.46279 96.72817
87.94036 9.67558 96.37718
92.42852 73.74157 72.24584
84.72998 30.33236 70.41483
77.30831 27.07298 67.59436
94.38026 24.88146 69.47582
53.94592 80.42055 68.62559
90.67421 28.37154 77.64393
18.74225 44.86922 39.76059
69.66434 96.43738 89.02076
38.03331 22.54869 34.72057
62.44873 97.99275 51.65514
56.32738 92.47254 86.55678
84.46049 98.63757 34.62719
65.41752 98.73054 64.48661
77.49448 95.27962 83.01248
10.29471 27.98187 22.94245
40.13781 26.08720 17.34428
66.88599 68.99279 70.85570
86.35208 64.98076 84.30142
27.09105 70.01469 69.24775
92.66039 81.85717 75.46361
86.14896 68.60032 66.12943
83.82616 79.90210 91.50183
98.17569 18.18958 77.15066
34.49648 67.40493 84.27432
94.54162 69.48879 13.10604
62.13996 67.28044 96.61696
48.75013 6.01272 42.22328
59.19084 96.63042 90.27652
78.58532 78.34342 36.85178
60.34830 63.84159 85.89495
99.78817 62.37017 78.01907
96.54630 35.58903 76.36510
57.39370 69.43050 92.09818
59.64632 66.62889 63.70803
80.51618 96.20011 35.76123
83.52005 63.45925 66.92162
92.76955 85.42709 78.90598
79.13640 92.06652 78.34857
3.47498 69.94924 70.17785
99.50405 55.93866 68.31335
86.36985 82.68541 68.16460
45.17545 67.51237 90.35356
5.03689 26.40221 14.83530
97.02134 41.17670 95.20392
61.82938 63.57093 57.13077
3.79984 90.41595 97.50004
70.08814 60.56517 58.77846
31.47374 74.44663 97.31983
75.50984 61.91327 54.45257
71.58237 97.33938 47.80577
99.38656 32.35525 72.80073
69.20005 51.35075 91.29116
50.48430 70.91675 88.09345
59.19239 68.35647 61.74655
61.40015 61.60925 50.96651
48.67314 30.46012 30.52014
17.31424 87.37972 90.07565
80.88044 93.34037 78.35554
63.15394 67.10433 57.04607
85.76200 96.22421 68.90499
87.87501 95.19400 87.72153
50.23251 89.41661 99.37799
77.89810 19.17538 70.52002
71.32800 89.59105 66.26539
18.88431 99.53387 91.33061
77.79154 68.74971 50.95606
1.95407 35.73666 17.49000
96.90235 72.84464 63.92664
93.42280 60.93461 71.57762
97.33070 91.62034 55.20344
50.58974 76.62794 73.42773
96.77902 62.09012 94.96826
58.88187 58.60755 61.86885
90.20347 78.19078 52.75589
39.85038 49.68495 24.71710
57.04732 59.50084 58.89502
86.89200 93.02847 90.82613
71.29830 53.18745 73.44830
62.10315 88.36402 81.79172
83.58454 82.01186 90.10579
46.49496 43.59257 12.63631
65.60510 79.02596 69.79733
67.34785 52.35059 50.54181
81.06668 92.44782 63.12513
77.76873 73.91329 53.31301
46.45563 47.86098 14.45019
79.91994 50.34335 53.84686
83.17299 55.53482 83.66466
83.76731 52.51845 95.81257
97.88937 82.03305 62.11032
36.92848 72.35077 69.33309
80.99037 72.62956 76.99628
62.13984 72.47469 94.58730
92.34199 97.74288 93.94905
66.73738 75.79214 76.14945
45.13538 86.61400 68.67298
99.56589 83.25845 98.64077
72.95754 74.90372 5.48780
80.20486 83.81179 51.83300
50.04445 88.74576 57.43472
74.63205 90.48131 22.10422
94.21149 95.57664 44.85139
61.55129 90.81437 91.79584
32.92247 99.42678 99.64865
68.49460 93.04135 84.56691
88.90770 96.26765 88.11440
58.04268 81.67203 96.31703
79.34583 40.25214 81.22900
90.48588 92.21543 17.37265
35.06661 47.57907 24.69335
70.73280 63.00325 55.34938
97.12350 40.46999 71.64923
99.74762 87.34002 65.53242
81.83383 57.46290 60.22746
78.37207 69.27190 53.11538
23.23938 38.60725 42.63563
76.70711 62.53622 77.34391
49.07039 29.35167 17.45024
98.59974 97.44838 55.82042
53.43973 56.11405 85.15889
87.56205 79.40428 53.36687
72.00470 68.43242 7.50635
56.40952 99.47100 70.56641
51.40188 80.14623 97.22243
61.75982 93.25105 86.35656
83.47068 65.12868 66.06610
58.17620 87.01133 67.94125
24.92239 26.56499 39.12470
90.18702 88.74667 49.23965
76.54586 24.12291 84.97162
77.59862 57.92616 78.63127
92.85502 52.16506 79.84958
59.86440 85.55722 89.12102
96.07455 82.63216 63.55605
53.33014 54.24981 85.60846
88.31373 63.09191 76.57184
62.12546 53.15646 59.06179
72.60609 73.73332 82.16702
87.52869 82.23390 98.67382
78.39264 56.26426 52.99678
86.91073 4.54570 94.46405
68.64139 12.94641 69.90997
99.70108 30.28284 71.88668
62.09357 54.48350 53.02177
50.42750 63.75739 50.90352
65.28267 78.75757 83.44479
96.25394 62.00023 91.14458
74.01626 52.83127 59.65671
61.32938 70.78934 62.22934
82.90863 80.32456 71.79124
91.87391 67.28213 8.07749
66.15315 73.48427 73.56302
68.24717 71.53945 99.04463
99.72202 88.86799 35.90208
63.00025 51.08431 83.87863
91.97427 9.24526 88.33825
77.08083 63.91235 87.30708
33.74176 75.57787 74.44357
16.63709 31.28732 46.95540
71.33075 66.12876 59.34401
97.41361 2.50794 69.65191
50.21188 65.58325 68.64140
3.92448 31.48891 16.23747
99.31046 3.26300 99.79586
2.43674 91.93190 76.83950
76.58673 81.61671 44.26246
78.93970 90.55050 71.36234
98.62484 52.28080 69.53622
75.07071 98.78123 63.34805
81.63715 77.48651 58.75863
52.57611 64.49796 60.88777
98.85097 85.21167 65.49494
42.40803 77.48774 89.75310
68.81716 92.90486 52.94458
58.08347 79.93630 71.31776
35.79201 47.59443 23.88744
96.46456 62.94584 83.74319
74.25899 93.62220 80.73066
4.56741 91.08303 76.25516
10.25325 68.24475 86.41874
99.79773 52.28327 95.32848
24.21573 24.60062 49.00835
68.71342 15.96244 72.64822
24.10781 73.20839 98.15693
73.48168 90.63092 56.36929
98.31903 96.85670 70.84591
15.77055 89.42411 68.48629
42.05903 45.38380 41.35692
75.83256 72.58612 59.22941
67.67428 71.46391 32.15639
79.05659 98.15161 62.54896
37.49784 9.20835 3.84106
86.30735 65.52089 96.43868
93.41284 87.27797 19.91800
76.46900 53.87771 53.62078
80.27837 98.35954 66.29015
99.05952 87.79527 57.71630
86.14130 80.37080 65.92279
81.60132 61.84100 89.39708
40.64309 22.63212 27.01223
17.72976 75.31755 68.33615
83.85224 73.48143 73.64442
60.21438 62.87874 81.66041
54.55999 52.40701 96.64852
90.06929 87.98567 97.59139
92.95601 91.11993 87.05579
27.52334 2.81602 15.42071
94.09987 79.42353 77.12012
40.65992 4.33864 44.32698
51.19853 67.78368 60.10023
84.92787 83.97417 62.61764
40.09572 77.84171 94.40661
59.70854 56.42046 79.79678
95.78059 9.97622 90.81032
72.64835 29.50447 97.80520
33.83169 5.35428 29.50230
92.81507 90.89121 63.41038
89.97118 75.90225 63.47361
54.84054 57.02782 77.83915
92.68762 52.28674 55.21016
72.98486 57.97521 75.08449
72.92456 44.28644 68.52405
89.33569 67.13712 36.94474
71.57932 77.82429 61.28944
95.47667 80.97539 59.44233
6.22615 79.53308 97.34971
51.54649 74.51235 88.00283
50.09107 52.95266 68.34584
86.09817 52.23012 53.94467
86.75054 80.11000 80.73522
86.10733 98.54953 60.39318
33.42109 96.86064 91.18027
2.87451 18.57630 32.17940
82.99165 80.07991 59.56160
59.27986 98.14782 51.99280
78.38736 3.98420 75.56583
98.20193 50.25584 72.12313
7.99018 78.36733 71.12892
81.13327 96.45430 97.61977
59.84597 61.89435 71.26675
76.05878 97.35361 48.92959
83.72494 7.85728 97.88480
89.53286 88.63530 60.42392
69.22168 68.74654 54.29928
90.06535 71.64430 56.43650
48.23291 33.94178 7.59828
75.25106 81.04221 51.68661
52.32275 89.17799 57.52999
89.47621 90.31726 59.60647
69.09515 59.72534 53.48691
93.43793 92.86464 6.11849
52.00389 91.38277 55.48638
77.36244 56.07873 90.94047
74.77201 40.12041 79.39437
95.69033 86.18004 60.51344
69.91763 36.48500 94.38553
24.75886 10.76756 1.12915
72.10784 9.64559 80.47036
65.97758 67.27213 73.82006
2.43544 68.89128 89.69005
13.13409 68.53341 96.85454
72.98551 54.56773 79.71073
54.42250 51.40653 87.38464
44.14252 22.44369 12.73832
85.32215 70.68213 91.94541
52.91938 73.75113 93.67640
92.25703 95.83493 53.74923
52.25121 61.17296 62.46497
19.32534 27.40909 24.78157
88.18932 43.35018 99.90062
65.72465 85.90988 76.40910
91.02649 85.11405 56.67635
62.04389 93.48153 68.91491
54.23457 57.10621 61.86461
71.19216 83.34394 68.27884
96.14682 70.17286 97.94525
81.30152 60.03580 77.29618
73.51563 61.10895 75.94937
64.33550 93.87006 83.53333
70.94795 99.35543 20.00353
90.75508 62.76568 70.49738
63.85141 55.49746 70.53739
99.53234 59.97794 61.34145
98.09506 99.64700 59.44506
20.10204 71.90158 80.46827
67.57336 52.87029 52.65131
68.72905 12.13540 67.77804
76.92690 96.06006 2.37547
92.49605 61.17975 68.27826
90.41475 99.28310 1.75386
68.77220 89.21010 5.51459
58.91799 68.73509 98.07326
42.12935 94.86355 86.39977
84.34316 74.36401 95.33203
1.10804 36.31979 20.47580
67.31112 66.15212 52.01050
94.09592 66.83898 34.55315
56.59867 75.25435 97.91053
79.98208 57.70108 67.05477
93.72618 28.53678 82.89500
95.06137 78.72236 86.66872
69.44586 64.70297 97.47881
36.81003 37.49031 17.40829
52.47309 55.37123 81.91161
94.79807 60.73111 52.94223
46.80566 79.42361 83.22969
91.31577 85.29920 47.58096
65.13766 69.43633 68.62606
15.46652 95.26203 95.71544
76.92356 88.22731 82.38297
84.28770 73.59994 19.84965
66.87637 70.27747 61.27832
73.82811 15.06127 91.09589
52.74816 72.92707 56.66964
7.74132 20.16080 41.11394
53.95011 75.93532 56.08951
83.70784 93.94949 79.22070
59.23636 93.64352 55.14710
25.72597 4.37594 24.27728
86.85133 89.22961 22.41848
58.04821 67.78600 57.63305
97.01693 85.38122 69.84216
81.19302 85.19549 78.48428
66.08816 85.05735 96.53268
80.49666 81.69840 75.91219
71.90840 81.49179 71.43997
82.32034 93.46648 62.50485
73.57829 54.84238 93.77384
59.90311 64.64285 66.23889
54.38366 74.01931 90.78536
59.66020 96.08794 51.01407
92.44266 48.41773 84.45249
61.03831 57.97828 55.90121
30.81318 8.31615 2.63028
54.18984 89.20316 90.37725
88.96546 83.76695 93.19180
53.44819 90.23752 77.44402
79.62015 83.96090 93.94567
58.76649 89.84290 67.58443
83.52787 74.13493 95.45586
72.70072 79.17430 20.28733
78.98618 5.98711 78.53494
52.09935 79.63127 85.24237
79.89873 74.13203 43.95465
90.22166 50.46051 81.64794
2.94668 69.48617 78.10335
80.63639 78.56235 65.54919
67.36823 85.62128 54.73983
90.11711 85.86953 63.54728
62.38034 64.76049 61.07156
75.29465 68.84838 68.99610
88.48915 75.01524 63.21163
90.72101 38.99768 83.78780
17.16590 36.19221 10.68112
71.16768 98.88264 80.03921
16.24357 22.41636 7.23673
60.17743 68.23380 89.88274
50.89278 56.86419 60.39981
27.43540 94.09509 86.65725
87.79593 96.53065 93.68577
52.86412 85.99554 90.19692
80.61034 63.25153 58.69470
73.92537 70.89999 97.01173
70.60098 94.93099 71.01764
68.70493 78.31069 75.34628
75.96733 81.66867 85.20852
79.10209 99.87527 4.39878
4.97390 12.27923 32.38644
77.78225 41.90112 76.14905
67.35812 82.54058 60.99402
72.87292 78.94186 5.77533
99.07334 32.41597 92.95638
75.05612 75.02113 66.07220
84.41295 99.43315 77.63139
71.53802 59.56913 55.72273
97.57212 50.71673 89.59150
71.26742 92.88945 85.69743
64.15791 61.01708 89.31599
62.92236 65.97132 76.27827
76.18375 76.43111 67.44305
60.75113 97.66270 73.21109
25.73185 1.73237 13.22633
88.30801 55.39537 59.24959
74.29164 18.61729 74.25148
72.21391 75.38842 98.78782
51.93405 57.26094 64.34848
45.68604 45.77962 11.21438
77.27198 72.64049 64.43358
14.94995 43.51736 10.51093
63.29123 82.65316 99.98962
4.66555 98.63963 89.48427
98.29339 75.65229 85.98314
98.35114 67.18248 95.51488
