100.00000 100.00000 100.00000
68.74702 72.44213 47.02810
99.18884 72.56832 12.48519
99.85780 3.58422 74.38168
27.68141 36.35736 20.78607
29.60574 33.30177 27.41427
89.98626 26.56292 93.74793
88.64765 53.90139 96.65501
69.58657 95.29659 12.30316
95.57963 88.57522 25.95406
80.18981 71.20589 70.93098
94.84072 95.86637 31.85087
98.51257 68.81927 37.74586
31.01938 74.29872 78.32332
73.23292 42.74576 84.41975
45.03340 22.58762 1.54743
95.22549 96.33569 48.43378
76.59335 93.61758 7.36157
95.70452 70.40719 50.81710
94.51375 95.82667 54.62444
75.14422 94.70572 32.61659
87.16107 94.94187 39.74288
99.34140 90.78790 14.99199
86.48481 95.37226 94.54304
67.26073 82.92892 82.15681
43.97733 6.72298 36.51383
85.72397 80.48157 49.06605
94.87168 77.54658 30.08802
91.67144 96.37645 30.66745
82.22199 90.29234 18.12145
94.75655 6.30474 87.88122
70.29429 69.04213 40.29923
85.98292 2.65160 71.38746
67.30503 98.55166 11.03334
91.84436 73.06131 19.51063
88.28760 69.17933 31.99927
82.56521 93.11700 26.29372
88.02797 67.86838 34.94642
93.70733 93.41271 44.81580
83.33352 93.44188 46.45343
87.34663 87.33725 23.41062
89.16158 86.95559 24.11807
69.52499 78.23147 19.26299
95.29875 84.45153 9.00185
72.25921 66.73976 16.40158
98.54557 94.28484 6.96256
82.12992 68.19033 35.79905
78.55273 80.17501 49.28219
81.92343 97.13032 6.43192
79.02533 75.03911 4.99989
97.46899 92.75464 43.30345
93.33148 6.79374 96.03789
6.60291 85.43007 81.31896
47.13849 37.13385 35.25894
69.86371 98.97515 48.59945
89.24153 35.19855 67.09952
94.99162 99.53068 35.36224
77.32587 80.66939 21.70771
91.70330 28.23859 98.28091
2.34943 73.72228 70.95414
89.60264 83.86354 5.32518
78.43000 69.50810 37.58488
57.83069 97.81407 81.68422
83.57147 92.18120 78.53321
76.97597 84.52934 13.04731
69.37381 13.86975 99.44659
3.79451 79.71507 75.19747
76.67216 68.05219 30.99437
99.06105 68.80427 6.88290
99.89363 76.65882 11.53012
96.54658 63.12420 53.32735
80.28640 86.89402 6.99640
26.28642 21.56482 37.70029
98.83673 73.03187 25.46236
49.03862 96.61553 86.84380
29.55426 36.38800 7.13838
69.10978 79.58631 21.83822
62.20985 58.81815 75.89264
92.21430 79.95739 43.05296
93.31061 94.56004 93.78441
81.45217 86.79993 5.77257
73.59150 94.70257 47.97139
69.74495 67.19723 2.84181
27.93761 84.03143 67.29994
95.14243 82.38075 2.36460
97.90532 95.95532 17.95178
64.41835 98.46897 72.47262
44.60125 24.66005 5.05862
48.28760 6.97129 13.87599
81.90995 94.97373 38.96530
88.35837 79.96871 39.30752
75.83508 98.36774 10.50036
91.79511 74.20745 46.07244
2.40980 32.92346 34.46827
76.09937 93.85141 38.16775
73.48197 87.06959 6.61123
81.02587 36.05829 81.76627
70.82819 89.14691 11.46433
52.90967 66.06302 69.18535
28.41277 12.66633 36.34060
21.68007 27.55090 33.61983
66.44616 63.00683 68.65051
78.03965 93.01372 38.76801
42.09129 80.65101 78.20823
85.69873 98.87474 45.19795
71.31530 89.84869 47.28977
72.66807 87.64993 74.72231
53.32807 59.54381 53.35950
93.79102 70.27155 37.23910
58.64885 97.93070 61.31300
42.37839 21.60654 25.23690
87.97335 22.58243 74.24633
23.83711 43.68939 44.13046
23.20677 66.91969 85.18127
85.56349 84.03965 83.25191
75.58255 67.12182 96.34660
76.06932 85.94673 31.16910
87.62842 99.29547 9.95023
69.52633 26.18547 78.66941
44.46643 96.69898 80.91825
25.49629 70.41713 72.90876
74.19485 81.28078 8.40637
82.41530 77.64175 44.04072
86.02057 23.70592 66.85236
26.83781 12.97761 2.48949
69.05869 70.55771 31.83048
75.30218 79.47236 13.88559
35.68153 36.02905 19.12444
79.14001 57.71281 59.87189
93.99890 87.60251 44.76487
82.08990 74.97844 35.97175
78.56642 82.35183 19.37916
98.12476 54.57696 94.51020
74.55231 87.19664 23.53488
21.50070 15.57258 31.23057
95.85900 76.49975 46.82641
80.82606 67.63132 15.55953
35.27371 71.00343 83.74865
98.94843 97.47486 2.72472
83.66650 68.51177 42.36013
68.68224 29.69371 80.44625
69.53929 71.46444 14.50780
21.06507 33.28080 47.72293
80.95224 97.72439 38.83478
91.31757 13.60204 95.97208
98.55636 95.58877 31.55307
81.86551 13.64857 75.68341
58.11296 88.65375 81.63284
83.07323 67.35783 2.71016
92.38447 85.51236 46.42207
91.02253 90.56729 14.04615
24.38035 99.13025 66.78608
53.00449 85.77218 80.64560
83.26033 90.94717 27.61276
11.22184 78.38140 74.10791
75.61003 83.84067 48.60849
93.51784 96.98050 27.55028
72.91102 81.96017 49.47104
77.43999 98.48593 50.13399
75.77898 82.82707 9.18023
24.71013 71.27941 99.97344
25.39775 26.42751 3.84302
53.86898 62.17847 82.72824
73.39787 81.08420 24.89067
94.74534 72.03374 20.50352
97.56749 73.73828 49.56295
36.72125 33.76506 19.38419
96.27125 96.39863 34.21074
35.37316 38.32281 24.24850
85.25324 91.00347 43.38047
75.84705 57.86314 58.42070
72.28361 67.51771 29.44887
70.40428 77.08647 88.97710
63.55145 62.91533 87.76080
41.48010 19.09019 2.86230
96.22321 99.34150 83.39413
83.67481 77.05384 6.56453
76.95118 83.80527 18.40093
49.72480 17.90996 6.87499
19.30725 37.68902 46.22966
75.94901 80.96959 13.60136
99.86227 75.95376 32.51639
9.31032 25.41731 9.17838
88.11862 81.24463 28.32931
87.71438 67.04136 97.53704
87.68777 92.39184 29.27035
96.68085 93.20401 7.51683
83.66399 97.16789 85.69909
94.79480 92.19091 27.00792
89.02393 90.05368 21.05971
91.41593 81.21857 24.92732
91.02068 84.58003 11.37440
68.16910 78.86260 49.49582
89.78436 24.51867 83.92772
76.07376 86.62993 27.36486
82.43622 70.24572 17.36668
83.86963 83.83269 7.46782
70.03555 68.78877 19.94936
72.38198 67.60920 1.50947
90.08049 74.63972 28.17634
76.11554 5.94630 99.91286
72.64863 79.89997 39.23366
11.87663 29.89058 41.67450
86.69169 33.71717 94.03659
99.85174 91.78996 11.25503
67.55207 88.79631 46.53080
85.64361 48.09997 78.39194
68.65876 83.99687 49.97287
99.41908 84.56556 17.41863
17.46209 79.74136 86.37533
47.01442 95.09226 97.90532
14.95595 9.56054 28.97354
84.92376 95.56945 39.74990
82.84649 75.51849 81.79620
75.13854 77.05336 37.40425
71.71655 94.82131 47.48034
83.07591 17.34343 80.00563
99.48705 71.05891 12.26261
31.52140 44.89188 33.40526
79.85910 88.70765 27.34466
93.47262 41.28907 80.05608
33.01074 98.39748 67.54588
72.05804 87.22653 18.48706
22.51891 10.06095 26.88746
66.88333 78.35643 28.58770
68.93584 71.06747 27.13793
93.21691 77.34993 35.20312
80.31373 90.25911 29.52988
91.49573 98.30871 31.05613
67.54289 97.25512 48.21508
89.79059 82.61990 25.24212
86.23798 23.37502 76.58770
75.20089 74.86785 22.71377
11.31148 8.50548 9.32891
81.17586 73.98999 24.42534
72.59058 79.31796 17.54130
86.43041 88.47824 22.90509
94.83215 83.45148 27.14808
22.96236 84.24208 91.03148
73.93431 95.68925 7.04152
98.82349 72.41635 39.74219
74.70751 99.79519 57.45146
95.20924 93.87809 49.54677
45.21449 38.03962 2.98750
40.46808 79.73443 84.04019
29.02920 21.84391 10.92656
74.40448 74.02537 20.20800
85.76032 80.08814 23.49887
69.02052 81.79669 41.80387
82.10428 87.49468 26.35650
72.60465 87.20462 28.76984
80.28184 84.93374 46.74320
93.06975 74.48031 9.07213
99.70479 83.30550 5.46623
80.20147 27.30298 69.46603
69.51516 78.49857 14.25012
86.47361 43.07510 97.22110
3.10773 74.29264 79.03355
91.62443 84.85368 29.63803
17.43010 97.44505 77.30005
71.61781 91.98013 5.33257
76.61284 68.06758 21.83567
89.85611 94.29071 30.93578
92.32951 72.88369 16.83439
89.50404 57.24647 83.74467
73.24919 71.45038 10.23657
85.72301 93.23463 35.35467
87.12078 97.63383 49.21403
62.85773 63.98532 66.26974
98.32607 83.35081 6.24086
87.31465 84.47519 30.15651
66.87394 80.78883 15.49792
3.29105 45.40924 44.97175
70.84393 82.02532 33.89319
80.82178 51.10743 68.95690
58.93376 78.71049 73.64718
93.51788 82.49488 33.26805
27.57651 74.86198 68.15013
84.82817 79.14624 3.05427
21.20126 78.18780 97.49359
78.69812 71.95952 26.75655
86.20956 66.77444 45.84281
55.35540 58.34206 89.17084
70.96149 23.23306 78.67494
92.89163 63.78751 59.03450
93.36394 87.60944 19.56608
81.66205 88.15177 24.92892
68.10940 70.71958 35.71437
93.34666 66.79033 98.34486
39.58830 90.53318 74.34697
85.94324 73.27635 75.56991
46.86635 84.11494 89.94181
9.16154 90.04425 83.76732
90.86818 96.19394 80.43853
94.57872 69.98757 23.55110
89.41875 89.67872 22.94414
10.36402 23.05482 43.63682
86.34142 80.25267 20.39186
97.29097 96.90900 13.09456
95.50075 90.43111 45.14646
73.22186 97.55560 57.27425
87.31014 68.13944 19.97814
95.44099 43.28285 88.54718
89.65629 76.09332 67.34228
51.04929 80.74853 93.08435
92.88019 94.53850 18.93656
80.51633 75.20516 34.89437
98.39741 98.56402 17.91135
96.10148 86.55058 11.05666
93.67898 98.84669 45.81180
85.16445 77.70092 27.55287
76.61207 51.60336 85.88127
51.14328 89.65800 77.22880
78.98494 64.46599 97.21901
81.87923 98.08415 10.75808
67.36807 75.62983 39.39306
70.49375 88.02888 24.25893
88.40028 89.32396 10.41281
87.04241 94.52880 2.19147
67.64007 69.75989 29.87522
98.14637 80.90971 33.79664
69.02961 79.07608 66.06985
40.98890 1.38231 38.19892
85.78995 70.18440 45.06874
87.25995 98.12965 18.81839
85.30684 71.20160 28.99014
95.69575 92.88743 29.12387
68.04924 77.83164 5.06228
66.55097 63.06375 71.57224
95.24136 82.65118 20.80314
68.21704 76.06795 68.56468
88.03332 71.54900 38.00211
23.46000 81.57446 85.98897
80.07830 35.76694 98.27870
31.84589 42.10165 3.66573
91.50464 12.64127 94.41394
12.94727 84.10496 69.88974
97.64209 93.48049 30.34688
1.49642 33.03773 19.94428
11.19114 98.66281 97.50345
5.60903 86.90536 95.10146
72.59933 38.42489 93.14257
50.85805 98.13744 74.48133
8.81992 90.22987 76.24560
85.73527 70.91274 6.62033
77.09546 95.54698 26.42666
92.45755 82.87850 49.66136
57.74603 80.19226 86.99194
93.64856 74.46124 12.22102
68.15248 86.57107 13.77608
99.79202 73.30344 30.42519
79.60340 86.42196 33.36241
66.79925 85.97719 27.93970
98.62254 73.92392 23.79001
91.17212 78.35543 48.97865
87.38160 72.94861 2.83608
89.22671 79.32411 45.42656
82.45747 29.29410 67.81363
88.22785 93.52940 4.36766
4.49595 47.91521 20.23879
86.38328 31.91176 83.94222
86.72981 65.43600 55.29157
81.52228 87.74636 29.90996
87.23909 99.09847 97.00813
98.27360 93.52791 5.95354
4.94893 80.76565 75.50995
76.45329 97.40065 27.83357
96.51006 91.72229 28.80194
11.62565 77.02200 75.18261
75.76629 88.19974 78.63758
47.37773 8.99295 43.81887
18.65351 26.97227 43.14684
95.06242 95.53450 17.90821
86.30643 87.58461 5.35716
72.76808 74.88603 44.60725
97.90206 83.22321 47.13692
73.52056 71.16923 29.83375
77.53444 68.37293 10.04548
4.37626 82.87237 98.86018
68.25459 93.40712 18.93286
86.12242 92.68914 19.21754
84.51152 87.76738 27.55858
71.99077 87.05997 5.20936
76.89486 97.25542 17.44187
99.54291 77.53526 47.79765
73.06192 84.33201 28.46391
25.02371 89.73427 73.12573
92.42432 18.80462 78.77768
76.40970 73.33405 2.36217
95.92329 73.65397 36.72737
33.63784 18.32906 43.35011
81.27532 75.31840 35.61417
93.38456 76.81310 42.88043
96.54868 77.61660 4.50772
32.92731 29.77566 37.13531
31.95800 93.86065 71.84006
96.19197 99.62926 44.29529
78.06512 71.42201 36.91900
91.44004 68.13040 9.76302
74.83161 12.59166 68.37003
70.27056 95.38088 41.61004
81.75519 83.22258 21.67128
83.44845 82.50162 8.33262
95.86877 90.52142 12.67772
81.86256 93.28649 47.81424
22.40118 4.04267 2.10106
87.75285 92.51676 31.17787
87.23834 90.75974 17.02380
72.93877 91.53209 5.65113
84.44674 89.93568 24.78781
87.54269 72.83603 23.17119
70.54032 81.94422 24.58346
99.07856 21.02688 68.78001
75.74893 80.09637 7.12047
85.80393 1.73139 97.33596
70.97167 78.05066 1.71978
90.09812 85.30979 35.04626
93.60396 88.51619 8.49170
4.31454 84.64710 79.81318
97.05274 22.63819 70.63910
82.34925 92.82083 8.02878
87.57002 86.76994 28.19088
25.45849 34.52726 23.05825
67.88509 78.94389 9.34308
89.23382 78.39570 5.73596
94.32924 72.76265 16.14982
70.96880 68.17718 2.55019
90.78757 27.71232 68.04208
58.73819 52.39259 57.72137
68.69886 84.19536 10.52454
76.58728 92.78581 31.59026
78.17489 97.30204 28.31366
35.81237 39.45932 5.28049
98.78645 68.50440 28.48062
8.53401 41.37736 25.05314
83.41070 67.96448 7.64914
92.27593 67.70102 33.15781
57.50534 69.46189 75.54248
88.89911 78.69360 41.70703
69.72642 15.94463 84.42468
46.31949 11.88412 12.49921
74.54470 85.01254 45.65272
13.45736 67.25434 69.09156
84.26275 98.62839 41.96307
69.94209 20.53317 87.57690
73.37975 86.48579 47.15613
92.65979 85.48977 44.41559
85.56139 96.32343 32.73170
68.40340 24.65699 70.52946
83.92847 68.12391 47.78199
87.70974 93.27139 31.88505
72.95814 71.13863 3.29537
80.58464 67.16996 35.80479
68.97462 89.94488 27.68596
82.72928 77.62549 48.24484
39.89609 86.66698 93.33282
66.04103 79.82747 56.45266
78.10406 81.38767 47.33181
18.70406 97.23669 95.85579
99.34850 77.30948 3.97828
88.75682 71.70042 47.58351
99.68687 76.32945 18.62278
72.54729 84.70457 14.26298
89.86036 85.98225 17.19795
34.87104 28.86827 43.28667
99.75943 88.68109 12.85115
88.54885 9.44797 77.31951
77.63844 78.52531 4.30519
88.88578 73.37398 27.43121
39.32581 78.83736 98.07190
69.44344 91.57132 66.23174
73.90504 80.81802 43.47609
88.75870 85.33402 47.80582
67.18759 52.35988 53.09251
75.69309 76.78786 43.88550
69.73011 77.73382 19.86926
79.79966 80.36522 45.11397
67.15653 76.42344 38.58308
87.03111 87.93717 25.14055
82.16972 83.81538 10.15380
99.54861 77.56905 38.72632
70.28828 96.86153 8.55492
91.67751 83.38973 28.93855
83.24711 84.40083 48.07166
93.73691 76.71955 18.81105
85.68937 96.41499 45.49195
79.60813 84.88772 15.89432
94.42687 86.44737 49.16030
71.97137 69.82094 14.14304
95.41232 85.40831 12.60944
69.05437 84.79981 31.14364
72.03978 6.44643 84.26406
82.97784 75.84673 45.39496
69.44576 81.26487 24.01574
90.69299 70.31993 45.29354
66.90231 6.30794 85.28662
78.88090 94.45318 31.20180
73.43499 71.99067 5.34796
79.18943 92.60877 22.43115
81.06262 79.57653 17.20555
77.10028 44.40426 80.03133
87.28937 90.22593 56.59396
72.21934 91.47788 18.81133
14.23147 35.12938 31.56897
30.95553 27.55592 7.67919
12.03676 39.27737 18.81014
95.86931 89.30727 38.68740
72.19700 71.47934 33.43876
76.06283 78.59505 43.30717
97.56981 82.48339 15.76382
41.65614 25.51935 18.78776
66.66822 96.05722 25.60232
98.82626 72.97211 37.30585
15.03312 78.67199 99.59359
87.10823 70.77221 28.79437
72.71353 68.54348 27.94489
70.95079 43.50824 83.93013
89.31319 6.37995 78.97895
73.49356 91.57477 9.73805
97.93020 34.90470 91.21810
59.85743 78.91716 51.93274
1.11544 87.05275 72.04772
11.92753 95.79777 89.32975
11.76251 81.00800 83.86811
97.27067 78.24746 28.80667
85.52631 85.99267 36.37224
80.06168 32.32985 73.98696
72.35534 86.74049 1.86394
74.81581 77.10423 44.95524
27.88487 7.92015 27.12834
81.97602 74.50548 30.77561
89.62266 68.80988 23.45847
95.06614 70.11644 22.00914
95.77516 75.92249 23.43877
19.62574 31.14887 19.31997
67.99784 18.09669 98.91915
70.77952 94.31281 28.82330
48.65420 42.76590 36.96980
16.77631 91.65697 98.69333
90.88292 39.05332 80.72814
73.73087 79.11744 18.49628
82.46760 6.73891 67.72043
76.79540 96.43874 30.96092
86.27758 95.47629 16.85651
97.17990 83.03947 27.39389
70.02487 13.63861 84.09336
71.22553 78.77438 65.51376
89.96025 80.04993 5.76233
25.95642 78.11119 94.69353
99.51519 70.24438 27.03601
19.76813 67.26474 72.59502
77.95940 85.31251 38.65845
35.35582 11.09478 42.04308
50.56028 73.05975 92.36211
81.59803 5.48279 99.05532
73.29220 88.01526 20.70268
73.97217 40.02712 78.25573
95.94939 77.09391 5.58889
83.88298 42.45976 85.95174
67.00556 92.14651 38.09810
85.16148 63.91217 60.95101
92.35975 80.73718 2.17325
99.48025 75.06481 2.04446
94.28412 72.55661 46.08868
72.20434 75.71855 34.78365
33.18082 68.71902 68.65527
68.79500 77.85254 46.76528
79.19823 78.25912 9.27096
96.04008 81.31200 43.53712
65.21577 87.69183 80.81985
71.98678 88.57021 33.54796
97.37619 90.80407 44.03132
82.88361 86.08794 14.60077
90.76060 77.54003 35.05185
67.91395 92.99388 10.82943
92.68399 73.13301 27.96521
69.20970 23.36058 98.98982
98.19708 86.45077 16.95729
86.60646 80.61177 20.02380
69.96945 93.01590 19.81855
77.54541 34.19171 96.42020
66.96858 42.20772 72.78519
63.62800 99.65305 66.04483
68.98284 89.74275 29.49735
17.65425 78.25459 99.32678
77.59410 1.82101 74.66856
70.77601 87.08652 46.66538
8.40857 83.44372 88.38162
70.92337 95.25033 31.65195
96.00087 93.93663 44.16082
67.81344 57.22819 67.72379
68.71987 80.07486 47.52983
91.44529 94.77119 49.35360
83.01505 89.68086 36.36971
98.10913 85.97036 89.51131
34.12045 3.61266 27.67657
80.35493 91.84702 4.61215
81.59191 93.17154 4.50879
66.77509 70.93460 7.91100
74.29271 78.57910 7.19936
41.51990 9.28137 18.08501
1.88845 48.54606 10.93865
11.11665 79.83131 90.86787
78.43595 74.81373 4.20048
85.56673 81.65106 48.53701
28.86350 3.81584 9.79631
44.73858 81.84598 95.73361
66.87490 81.14179 19.01214
97.64324 46.56832 92.74933
63.11828 61.58877 82.95969
1.98158 8.68342 16.73433
86.77113 6.12365 96.89675
48.41777 36.47817 42.04103
98.72575 76.66846 42.10834
91.32256 69.31642 25.48535
85.36444 77.07839 47.02133
68.77145 66.62810 67.97856
73.28162 88.41400 10.91173
90.66137 90.75859 24.43813
58.96031 76.68206 57.14081
55.76988 68.29805 87.96358
99.41878 70.53810 29.32146
67.03850 90.09543 43.60489
80.49164 39.07177 72.53019
69.00138 78.86669 13.78907
36.56882 49.02478 11.58045
69.94533 85.79702 21.34223
92.90862 4.27676 81.64440
22.66335 1.80966 25.52191
21.53410 6.67477 27.39237
26.50407 8.56429 22.52624
38.77793 48.19335 31.59229
84.46349 66.82825 46.97203
34.99148 42.82161 20.99875
69.37876 27.55715 73.39869
94.37483 9.75323 96.74177
83.17528 68.39983 14.81131
84.17806 87.01397 18.96471
75.19117 68.90182 18.20321
82.96801 94.97763 11.40526
69.22374 66.90362 43.72182
76.38465 40.13245 77.48665
92.50017 74.86899 35.67670
39.30680 3.45869 24.25545
84.44518 95.18770 2.37099
95.86684 97.85286 46.96233
52.97189 88.67904 53.59905
92.80344 96.91240 44.11988
63.71773 83.76834 65.78351
88.62460 95.91941 48.48984
21.37281 95.38506 90.82873
82.07547 96.17830 7.26664
70.15759 79.88922 28.39531
94.61452 80.41096 13.73645
43.46513 36.55094 43.59163
49.82084 19.24485 14.91649
66.87156 70.61471 43.81217
66.37453 53.47489 75.89161
99.91651 67.02184 42.23044
88.66562 66.98719 37.38992
74.90701 75.42029 28.07212
91.63073 78.53733 9.04524
64.22211 53.61531 94.16344
2.61862 24.20196 2.19605
84.29084 95.60865 42.76561
76.93072 66.78388 56.43468
91.96036 79.36945 33.82030
90.53431 72.08112 56.25314
82.91347 90.99267 25.31119
86.00469 89.82383 45.74868
88.62919 72.94028 1.96617
97.18201 36.63905 67.55511
74.24803 60.74952 81.37153
17.27031 31.63529 41.54933
91.47060 96.50318 21.47263
92.89925 99.54545 9.58445
44.07625 77.59947 87.13205
73.68229 73.63670 47.42283
67.77087 68.92083 1.03704
9.50381 98.21825 70.72859
80.58527 63.59998 89.12179
58.81070 61.88854 99.23326
94.83518 83.96540 39.44750
76.96221 89.41481 76.08178
16.04621 20.41919 31.72892
47.59811 84.55146 67.92238
79.87801 90.57534 40.30374
70.42008 98.64154 46.50706
72.60836 77.98457 27.28766
88.07841 82.72512 26.39897
75.91223 58.48472 69.59189
89.27320 27.49599 90.97687
91.19482 73.18658 40.11548
32.20855 28.69742 37.33067
85.04657 71.34668 56.31584
60.97397 54.99865 73.58394
68.51499 79.03820 46.26456
79.22486 80.44970 22.39121
99.01511 76.29987 56.04305
9.42585 40.41599 9.94373
86.79766 81.05503 2.33120
24.54679 18.69912 31.80148
73.80080 77.37242 49.78881
97.42444 87.15125 40.89897
28.67237 17.30122 32.58800
39.69969 25.91523 35.47599
77.35981 93.20373 12.82627
74.83009 81.51996 37.72884
78.88014 80.82642 5.58453
56.12711 90.75200 84.80533
66.74011 90.47373 25.83579
82.96716 75.24560 6.07352
90.88444 69.79999 16.36275
28.89300 88.84604 85.89805
97.77474 95.32445 75.78407
70.69187 97.95112 39.04142
84.58357 68.73160 38.50651
88.99052 97.42015 42.26829
98.17344 71.46867 36.08881
68.81630 72.05622 2.31211
45.97538 83.99855 76.53791
81.77316 90.24801 63.86287
28.74744 14.22602 39.10127
81.82143 83.95192 33.37474
91.61835 86.40845 30.34791
24.66550 46.03389 45.75175
80.68431 52.93553 79.54695
73.86790 22.09521 67.17233
93.36939 74.60259 10.84721
74.07091 98.40545 2.14287
98.88509 92.47804 25.34328
92.93476 78.46705 44.08390
88.78338 38.62278 85.02536
76.02127 75.96175 15.06030
62.82034 70.04220 88.35119
76.59062 75.17356 32.62893
75.68057 87.67213 37.81027
5.54066 31.87475 42.87554
78.56718 88.59187 38.63017
66.36968 50.50670 51.86457
98.37494 43.67394 96.12941
90.75890 79.09526 33.57502
1.34873 8.19928 44.48057
78.97589 67.20613 29.69972
87.88241 87.06170 13.00581
71.05557 86.97649 27.28616
30.03192 66.68749 77.32428
87.23593 74.99173 47.94973
80.62121 69.50958 10.96540
98.75954 71.05336 5.11836
42.79477 23.90313 41.30648
83.75553 99.53265 32.40872
87.53809 70.34176 47.57989
12.86719 75.44479 76.01462
92.67826 74.26978 27.67902
43.17618 14.89949 47.41339
83.02205 87.51873 41.61972
38.15171 11.03179 37.49638
82.94165 97.85830 36.53795
79.66454 96.00351 10.66525
15.11945 90.85651 94.87778
70.93986 38.07317 87.58698
72.62676 88.03578 43.08877
88.15197 81.68857 37.10076
97.37452 67.85503 10.90563
91.82060 45.68413 97.19322
91.33493 93.68066 38.62653
87.89772 75.90748 39.69961
94.50950 17.53946 96.20050
87.38508 82.74706 18.77865
76.45066 94.22166 30.10657
90.25249 72.29693 10.39011
87.82988 71.34549 29.17792
73.93481 99.85688 30.57318
66.69637 72.90834 8.78169
74.34386 98.96932 33.95105
2.65875 89.60312 71.59982
99.89866 71.36434 72.64618
78.50655 35.87409 99.94029
49.38568 76.57667 73.15406
99.67177 87.02989 1.06797
34.46090 8.42586 21.11626
1.56378 14.71378 37.26761
27.91415 97.45895 98.62028
42.05479 83.79101 84.23278
76.13790 90.10466 48.62906
81.44870 98.91394 11.07143
87.29156 84.68896 24.25220
98.97059 71.44732 23.95385
93.92612 79.75760 17.97017
71.72701 47.05431 69.47519
89.84010 84.38929 8.74183
85.05035 77.02008 24.09763
42.62797 3.80390 45.31539
73.29422 72.33497 44.69628
97.26380 98.63093 12.63254
72.78834 56.15650 91.51941
46.01365 31.06935 4.61659
79.34258 91.11225 11.92114
91.56313 99.68717 44.35736
10.02070 99.37067 70.61157
31.58376 78.03589 70.75790
69.02104 67.00787 18.32059
88.82674 73.38199 43.10689
16.45138 80.17048 78.39268
94.33786 88.19615 18.71610
77.62145 95.71270 48.92972
98.32860 78.20774 22.76254
74.25516 71.51669 34.23899
73.28276 44.99267 91.03042
75.36736 98.74473 43.99026
69.42723 91.36808 31.02822
76.53769 72.81143 32.39972
71.67463 73.14352 22.67464
90.01763 69.53052 36.98058
83.22597 78.99360 16.70720
70.44680 77.25979 47.09567
23.17688 42.68163 15.31008
71.90497 87.53835 69.05713
83.44236 83.19036 26.82209
69.05709 76.19412 42.09913
81.62868 99.88631 25.82697
18.42391 79.19844 97.43888
80.68993 71.93041 68.97783
81.73626 73.38422 15.58239
93.99192 89.31827 6.56270
80.17648 88.91147 17.80735
89.33430 6.49457 87.43698
70.22513 45.41051 99.03581
66.69316 75.37075 34.32202
99.23341 70.20046 35.23073
95.23294 75.35993 5.68363
99.74799 99.15552 5.17450
80.46338 68.70739 17.16673
92.40946 58.77685 64.43928
73.13905 90.29617 3.18538
45.43615 2.62939 36.65599
98.66032 74.23642 7.52464
68.12578 78.09788 49.63753
69.79683 85.08017 18.93955
49.07721 14.74538 32.63580
35.02165 19.55293 30.65917
69.04947 81.13107 3.74684
25.00647 91.52954 73.98563
7.13864 8.17677 15.43848
68.58272 85.98646 15.92470
49.20017 71.14177 93.98383
96.36758 67.29401 31.05307
73.04201 94.03402 49.14817
67.40270 26.83387 94.02291
78.01572 92.18077 42.84417
85.43894 57.49303 88.87978
89.52551 78.12421 41.28139
76.07209 73.89991 37.32351
82.40006 74.44432 13.25350
80.35076 73.48486 20.25083
92.58993 91.97934 24.83377
87.13235 40.28535 76.01051
81.55055 74.77757 15.74066
68.75568 79.13487 17.58339
55.07191 88.41891 82.89895
88.03217 99.33987 38.77416
77.99444 84.68593 46.12210
79.57003 76.32625 30.88190
96.84745 90.33662 31.66318
48.32163 10.19923 38.95356
98.91212 89.47166 7.56153
87.93167 79.52090 91.15691
94.00804 98.80681 36.41282
71.31303 77.84913 8.84200
69.50337 72.42051 3.91453
79.60630 49.94674 86.86712
26.48842 86.84617 72.44979
13.22044 81.41166 99.43065
97.86911 78.77814 17.98747
99.73517 98.70338 5.98043
82.74843 92.21152 19.57039
82.63683 92.96267 43.63739
72.95915 95.93822 10.80712
12.88446 77.26918 73.16517
96.23934 21.02348 93.62598
77.05945 88.08519 46.98029
99.61821 82.64657 21.68180
43.11659 40.93295 47.78137
69.64983 58.93270 76.51831
78.72894 75.57231 1.84285
75.56809 91.79815 45.42355
91.96273 87.27453 33.87093
94.94783 84.71803 10.61544
68.43885 73.33788 20.72371
94.66077 48.62025 67.23989
93.50682 85.27675 45.58139
20.00946 47.91576 37.90648
96.64756 70.03563 39.39604
98.53509 90.67703 38.00426
17.73684 67.03150 88.36317
47.66108 20.09578 4.08583
84.69672 49.12184 75.63252
22.26834 97.12761 95.66059
79.37793 81.93355 16.33042
30.43684 3.14175 3.35240
91.16255 69.69584 23.18488
73.23817 85.55200 27.46415
84.09553 90.75360 25.18707
76.20292 72.29756 40.37557
78.83557 86.34134 24.56901
24.91186 47.09253 40.70764
97.84862 82.37098 13.87130
27.03875 69.90957 83.42996
27.64733 32.65786 46.39972
6.96602 27.46277 48.79839
76.67708 91.64067 12.12799
92.26023 89.02135 21.86821
81.11556 84.53468 43.97431
4.34980 39.40747 33.83037
74.13529 81.46063 43.99230
46.36810 28.68046 31.23817
80.17861 71.17933 13.05305
85.30865 99.27469 30.98774
81.67512 68.01857 35.90713
89.46816 69.59287 22.58903
13.45586 15.25516 27.09956
81.07046 78.82676 38.76236
93.54439 95.47370 15.36849
40.15309 30.92610 9.51611
90.09125 69.66904 40.79602
69.26263 90.80115 12.18450
77.73700 70.35238 2.48619
81.95267 92.22138 4.18010
10.37579 49.27890 17.76326
86.63043 77.69379 84.99786
78.37699 87.36528 7.20975
29.79279 46.82809 5.79188
71.23834 97.92691 17.00265
67.88283 93.28900 32.09003
87.98764 47.78950 76.41310
82.25098 97.29638 26.52366
88.66626 76.13771 8.43040
82.56480 82.03940 6.37426
79.79989 68.00651 10.56036
38.15959 32.56897 31.81270
91.47577 78.10666 17.48073
89.36392 57.36735 96.23750
99.04672 68.37166 12.50002
71.07160 76.81164 21.47164
85.80784 23.86263 67.78719
94.50720 69.47356 46.57195
67.70288 92.73957 45.46362
22.30495 94.52951 92.63316
71.81153 57.89733 52.89404
81.61890 73.99283 42.69476
34.36728 39.70672 27.89307
93.33894 80.92962 23.09721
37.58057 79.32908 84.13817
21.03559 18.97320 22.81235
92.85592 32.37681 77.76107
78.67172 83.94063 15.86510
76.73124 79.10656 49.86858
45.57700 15.61615 24.31254
93.38123 88.97181 1.59393
80.12491 70.71170 37.60276
2.52648 33.44294 12.01615
90.88785 75.75818 21.63727
90.11101 85.72933 12.27088
82.18229 89.74051 11.46891
93.35367 16.22889 78.46978
86.47053 84.42190 30.22233
89.77245 3.88162 95.63761
93.39427 88.47623 46.32220
3.26455 74.25061 74.70495
72.14431 29.73544 96.49470
81.79242 86.10676 29.09644
99.24699 69.44582 23.74739
99.35908 91.77653 20.37197
57.83018 90.74093 52.79705
72.16219 40.28029 67.68867
71.06548 92.63398 36.53768
84.34660 94.52040 18.39270
77.01616 99.33511 45.97272
85.80074 82.23169 62.06446
84.91033 5.92219 73.32277
91.23745 96.21416 32.02961
72.21912 50.23243 69.51162
74.78538 84.87965 36.01193
83.85218 7.53642 88.78231
73.76076 75.46038 77.16098
67.45329 82.74255 32.47698
77.52672 84.86366 7.15250
71.40203 86.15484 61.99047
95.44209 95.98464 16.44717
91.31827 98.22878 12.16113
96.23415 76.48938 21.62159
76.65455 68.97754 7.36165
96.24921 73.02688 49.94213
90.61928 67.87336 2.36078
38.03075 1.78436 4.14253
76.19262 51.14206 52.08064
22.84779 70.87764 97.49028
79.06505 81.80454 24.70011
66.87352 70.31799 11.70509
83.42578 94.51184 23.23339
84.35709 87.81624 48.26734
79.59841 73.15980 43.55801
71.76748 68.18673 29.19263
75.00811 80.92057 43.71340
16.67588 11.64163 18.06768
77.87244 81.31044 36.16192
42.22370 8.46656 4.86781
87.47871 71.13174 43.24138
77.38429 86.17273 42.45412
87.06629 83.27438 26.26647
76.77748 85.38577 45.73797
73.44091 87.11380 48.18287
73.66970 77.25494 21.85960
84.27114 98.52183 39.64248
68.80427 79.11656 4.40790
85.47329 94.03276 32.09052
94.71049 87.87829 22.45952
90.07225 23.51656 90.06667
31.33464 5.42389 30.94970
99.39975 82.86652 9.79481
94.14443 93.28487 20.17704
82.63198 97.30420 11.16164
86.84512 93.15320 29.46059
95.34537 77.51651 11.80899
97.78094 51.01884 60.63373
87.32174 91.55599 15.40284
88.80666 70.47248 25.61149
91.30075 68.83935 42.86440
84.19758 6.90043 92.93429
85.98330 81.55203 4.23038
79.16216 70.36480 43.65031
10.82306 14.80265 17.71048
54.58656 72.63509 52.82372
99.22381 82.24755 16.41874
31.48053 34.06462 2.23843
97.13074 95.92315 22.21598
95.20737 8.48264 81.78832
80.69353 80.79260 15.70667
41.04892 40.48388 48.16306
88.63207 77.31367 13.58283
14.40651 86.77403 77.51746
44.65333 69.39420 85.58122
86.69060 7.90423 73.36307
72.82825 76.79337 40.38344
81.56118 67.18704 40.34981
75.53883 28.88583 77.50621
42.10265 90.52538 95.15109
53.87789 51.76280 66.69661
74.70312 67.31121 3.42040
75.46956 71.50919 11.71749
94.83121 80.64982 2.54109
93.57026 81.31081 2.13957
72.87613 71.58134 41.11773
95.28170 94.34796 27.86959
81.47817 66.76162 38.79537
41.06745 76.61200 88.18083
92.15237 87.23118 29.73329
92.26637 82.73816 55.34265
36.01697 12.66048 1.88012
74.22064 72.91540 19.81114
82.55775 9.07801 78.34595
42.00385 69.70639 86.25273
87.94135 90.02405 5.67959
3.61054 4.23356 16.03401
84.06916 97.55085 7.56645
75.20118 98.51333 27.70783
30.15410 11.12773 31.85653
85.39754 80.13643 47.67949
75.58273 78.46622 36.78364
45.43860 21.32312 38.35555
31.43435 98.53036 99.13872
79.56726 19.83766 72.63376
69.68946 95.98009 20.02464
5.74935 26.56858 19.38037
75.01291 68.71813 31.31878
87.71007 86.03021 15.69463
27.40662 39.68808 34.08624
83.97353 78.46496 2.99636
84.52060 82.45207 48.97285
1.22681 21.92776 19.62480
78.53159 97.81038 6.45410
96.95942 67.29311 32.07880
15.78511 95.96243 92.03097
17.25758 48.70878 16.97057
68.01007 74.90658 25.32853
99.51177 91.68447 30.45351
71.90678 76.21608 34.85968
68.65238 67.32498 33.64998
99.73756 89.97440 78.16476
93.09643 74.83952 8.10626
40.96531 89.92962 90.92833
18.96227 81.60517 90.38434
4.23063 96.58005 93.76907
93.86934 13.91078 90.06703
18.21692 75.08232 94.86637
89.70837 87.96373 37.77754
70.84715 98.66153 19.98673
97.96758 18.16470 92.79444
93.57573 80.26385 29.18339
49.71215 26.94984 24.12948
68.70982 76.84974 30.59649
96.53680 92.22083 22.70761
82.92590 33.07025 89.43517
81.11937 77.89708 12.32391
85.27154 85.64724 48.93111
91.12822 80.45676 13.46105
87.87152 93.42325 39.27363
70.90783 74.52433 13.47166
91.20517 83.01504 33.10027
73.51126 79.59662 95.00170
66.80721 40.31833 97.63849
83.71246 66.96896 26.86578
88.88440 26.04372 80.73230
8.54773 68.06628 74.16975
96.09810 31.19630 86.35039
90.28966 85.36453 31.31275
99.00566 3.93211 70.30347
97.12675 35.20330 89.71922
81.66753 94.66272 45.96497
68.76470 93.55199 27.14826
98.84467 85.07965 10.36786
96.51941 96.99512 13.98914
98.28755 95.32903 32.21595
54.76310 78.82425 84.28689
99.47938 80.06446 4.56755
76.43349 83.74422 6.54877
82.54868 91.47539 39.29849
84.07695 81.19149 12.37800
12.74554 82.71103 80.61224
31.03776 11.87220 34.47788
83.73626 83.79900 4.29366
16.68834 33.18259 30.48579
90.68410 73.07226 2.13693
94.85272 85.42529 58.67922
88.32362 74.19709 30.76837
84.71839 70.09511 91.36058
75.78122 94.31743 2.22698
95.74656 11.96838 88.82995
84.43028 67.23338 6.09258
61.70036 87.29093 71.14563
66.68335 72.05866 33.57688
17.39821 23.06717 4.42658
52.73318 89.26817 57.49154
8.75181 27.06507 41.97879
91.56245 94.69943 7.63981
99.37329 81.49652 20.23783
87.19940 99.18931 40.06282
81.25680 60.06222 78.21397
70.94754 94.75800 30.83720
95.27196 86.75901 24.69883
84.45168 93.66333 52.77666
80.82574 81.34992 18.68588
74.37816 90.75450 31.22545
79.99181 81.46858 78.62917
9.74208 22.29013 24.45921
98.78560 30.99728 74.28996
21.86780 69.35075 71.24190
88.56516 97.87683 92.45546
37.70210 11.15457 34.33309
96.69415 81.30897 38.02745
88.25450 84.52423 30.62242
96.22872 94.65361 1.74091
88.30225 89.21173 21.34409
97.53246 15.79714 94.21009
75.06761 81.60951 56.73596
19.55013 40.81361 3.71357
97.54269 74.73480 42.78743
91.22289 98.55839 71.52737
99.89223 44.85010 81.73458
85.20124 82.15004 37.66241
77.86071 93.72165 19.39234
47.90466 17.09204 16.91182
92.08303 87.82001 6.03103
71.31904 94.74310 11.90987
44.09168 16.50357 8.13154
93.58671 94.95289 11.05461
75.95341 81.59637 15.00626
23.59243 92.09539 74.25310
71.35418 8.64617 79.38334
75.36149 92.31192 16.61337
76.04272 49.96254 93.42317
89.43658 90.88763 23.38189
70.69733 91.96833 45.30817
15.58579 96.72982 75.75220
96.34759 91.04647 21.66705
49.25174 17.13851 2.57871
89.61042 40.07256 87.24103
49.57744 69.62624 93.08376
85.70711 80.16385 18.32681
21.25485 66.72488 96.53238
95.24103 84.95351 20.13272
85.26812 91.70339 19.57312
79.55596 89.22542 10.42281
67.48428 38.73852 71.94706
85.27448 23.68995 90.69992
97.88539 89.64306 24.21481
33.57082 32.65742 45.25539
79.02657 84.31810 8.41562
73.25924 91.58626 38.17097
60.55598 96.76421 98.46220
95.60138 71.06753 11.57309
94.25023 81.07922 2.63592
93.95218 85.68032 8.05944
63.06076 68.61863 96.41134
67.51888 70.34608 40.80729
90.36291 69.28962 35.84527
67.61538 8.35380 98.67214
79.46676 78.24019 26.46183
85.01049 90.97176 3.26886
59.76031 93.06107 50.09142
98.44185 90.95126 41.96467
94.78679 87.71769 47.13653
67.11067 89.80154 1.90759
90.20442 86.44425 17.97123
30.34669 77.63470 75.75352
75.59919 74.25941 6.37039
85.94379 88.73327 24.45360
80.25056 74.41608 20.58559
88.45315 93.80135 8.09616
85.88097 23.31076 70.33492
99.81034 98.66123 1.83448
94.19524 84.33397 19.00162
92.58971 73.82879 99.41706
81.24436 1.08431 75.69047
80.52844 85.09316 22.78697
91.77101 29.52081 69.18620
95.09471 78.69482 12.98467
69.02440 94.40286 34.31838
82.04104 83.55664 38.25785
1.05640 76.52810 81.52707
14.06685 74.12410 77.23399
85.02882 86.09789 9.10281
96.48951 74.97082 23.92340
89.93972 83.50859 27.00898
78.06311 84.25569 14.62886
43.84429 15.97624 21.59994
67.87176 85.51907 8.54917
30.25650 84.16678 91.02006
80.77872 92.86168 5.05954
74.04590 89.44248 36.06616
89.77834 86.20624 44.01053
8.25368 24.84716 49.55064
71.82740 83.06490 27.65585
98.90391 72.27821 14.65753
27.42106 94.92017 82.92852
73.54484 98.08240 8.50315
74.84017 86.72433 20.76928
83.00080 92.41023 5.20810
43.12294 76.19474 99.51855
38.56160 41.25934 24.37748
94.35238 80.22515 11.02443
83.61381 67.55000 17.45536
78.25056 81.14093 1.91366
99.66778 92.19806 6.11723
95.24252 89.14042 46.61957
99.28679 74.95374 12.45183
1.32866 29.62951 47.46331
81.49292 98.81996 18.49133
94.13164 65.42175 52.46816
94.92045 94.79983 45.36406
93.10356 92.23812 6.16814
78.21890 87.28088 5.08858
70.38048 98.14977 20.70950
82.41540 98.11152 13.89344
96.50700 82.50711 8.38724
26.65242 20.42515 41.37730
92.14279 90.06253 33.54898
61.78774 82.31702 74.77033
94.02575 83.61535 37.24118
86.65397 72.97102 67.01200
88.43883 84.16331 4.20291
73.00491 99.19623 43.75876
78.09732 69.75914 22.67810
9.76582 85.06829 78.44310
84.02188 80.40837 13.58649
83.01429 89.28736 22.52115
83.62092 71.99100 33.65776
75.69116 79.75388 10.34505
89.91639 74.01821 25.79701
86.06453 58.73505 66.39379
93.80925 64.96912 94.21438
71.97899 35.24784 67.10928
75.07757 98.92885 3.84763
94.40184 74.21791 3.99300
79.89130 77.38269 22.38503
32.00306 40.28845 27.95022
88.85320 98.33630 39.72050
68.15063 20.90968 70.30021
86.06556 60.33899 76.39042
89.65868 84.73495 21.07810
81.53130 89.06324 46.58773
5.75539 45.28458 24.63705
23.09883 79.57262 67.92789
6.82195 94.79448 82.54654
79.12434 92.01329 36.12870
87.48383 71.77127 47.54410
31.28743 13.16598 17.72661
2.22114 41.73270 18.14474
37.88039 17.80536 41.26765
89.75706 28.79234 87.59903
84.46864 95.44379 8.43393
93.47430 98.84639 11.67112
7.50571 15.11725 11.99529
69.04102 68.40814 22.22648
77.67750 86.38348 8.41264
75.69322 95.85741 42.99493
99.18734 77.62680 25.78312
68.41602 99.24862 16.39274
38.63901 79.66529 93.12222
71.67400 87.26300 36.99415
71.04799 72.47349 16.59230
99.21418 90.55288 56.59874
73.98831 87.19662 42.99472
79.69807 76.69784 38.33041
79.76902 36.29026 80.93818
90.66688 73.36703 29.71293
67.40439 80.48788 60.78589
93.04294 87.51125 16.76598
67.87129 81.44963 38.19388
90.00900 73.68285 40.29009
68.69053 97.12366 17.84929
41.92352 84.12587 80.26069
89.01601 88.99685 1.09716
91.09784 72.16430 38.47211
87.46538 80.20490 27.33822
79.42163 70.79215 27.68945
90.30412 94.83733 17.62477
89.53598 84.56544 2.05652
80.17121 76.67675 53.94261
79.06789 46.64217 94.44766
70.23588 75.45256 22.81914
83.24885 99.62654 8.70554
9.57161 81.41839 80.21764
77.88766 72.68579 14.96738
96.88853 79.27875 31.68799
31.69570 13.51495 38.67211
68.11618 80.91672 11.84568
73.13894 83.99566 6.14676
90.10776 81.21568 2.53585
69.56800 90.22285 12.51255
67.54723 24.59690 84.26598
94.14902 71.22457 48.99138
18.36538 80.98921 75.58409
71.64297 96.70219 57.51455
85.73605 15.79526 91.32916
72.85232 96.34979 4.68079
75.36296 95.03686 44.20779
86.34940 96.05624 22.95712
77.95365 96.42521 25.40053
70.37035 87.50242 3.09380
81.95126 86.60426 14.08909
76.89071 14.48512 99.26354
79.50575 23.34538 87.14617
88.14533 80.82211 3.24046
67.82170 83.09990 6.27850
25.45644 83.25227 92.54191
94.44544 88.71671 10.09398
82.12382 95.22320 24.71273
17.48790 74.66138 73.75976
77.39094 23.86730 85.22317
73.53587 97.72096 29.98265
99.24921 70.51422 30.91761
98.93844 86.80020 42.71053
36.81337 85.70877 99.29449
30.79829 2.18211 14.30122
86.08712 91.92741 48.58067
38.20955 5.82445 27.11672
71.13009 70.67175 41.80828
49.85341 33.77622 31.73308
86.18758 76.43314 13.16113
45.89973 86.49275 69.67008
78.16458 78.70156 30.40829
79.35467 83.34772 1.69856
97.10852 77.93257 29.11256
98.77410 80.66507 19.77457
84.35293 81.17124 38.35027
67.92845 89.12608 18.40808
68.38528 85.48677 19.16349
99.30654 95.10033 17.54540
93.36977 80.23962 76.88104
69.54764 56.18339 93.20854
73.22052 86.29235 25.95396
27.31540 28.04441 27.06296
96.65327 72.67298 45.88799
84.89488 86.12301 6.19138
84.87331 94.87770 16.30895
72.14673 77.53928 34.74323
14.87851 18.70642 21.39338
54.65054 62.86719 79.99795
93.40622 99.98772 10.94235
52.64849 57.83953 85.49003
84.22013 96.01721 46.46945
95.73916 97.22864 38.24090
85.35050 67.84081 44.26067
95.12804 75.32754 16.79274
99.07111 71.77754 23.23920
95.60840 41.85505 80.60026
36.38585 93.49866 75.44223
90.23011 73.91603 10.07780
89.19386 75.94766 32.12265
79.22217 99.66807 17.59690
56.14615 98.19256 84.61580
85.60927 81.44193 49.18876
98.64898 77.77222 6.90968
61.79479 85.33753 94.24185
78.80194 91.51834 42.34808
74.20449 86.45145 35.96062
93.73796 67.70520 45.55666
75.19076 82.55161 46.83164
70.25973 98.63100 35.07600
91.07490 94.22268 23.43582
70.01034 69.90742 75.08423
98.27495 68.52956 66.80409
68.05966 96.42609 20.60048
46.15464 7.34464 36.53144
78.74707 91.84281 23.27545
59.84655 95.52405 73.79744
81.89683 71.08978 32.69813
95.45152 14.26918 75.44313
93.43549 88.79785 22.30243
99.07368 99.72431 30.14308
10.41393 89.73436 81.61683
8.16122 32.60441 19.26923
43.15158 73.51982 71.11232
91.93766 67.92746 31.29589
97.67319 76.87935 11.35131
20.25281 5.92400 44.88473
91.81489 98.65422 67.31322
89.76518 39.45896 85.56055
37.43734 73.10832 75.50314
94.90378 80.78674 48.79217
75.73813 50.03275 73.05072
8.09874 85.14506 93.49247
98.53458 87.72397 48.22790
90.01624 90.23180 11.93808
68.92119 74.59563 9.88864
68.79057 82.02883 32.72164
95.30882 18.25962 73.72680
46.43952 95.56654 87.48202
71.09870 66.79776 13.73674
71.50491 69.23389 48.29804
83.60231 43.20510 86.93967
73.36718 82.22261 58.81106
78.65176 58.06042 54.56987
12.98750 34.16639 41.69861
96.99245 89.33475 2.09661
72.35719 77.42957 21.85811
24.86060 91.13273 98.56121
64.64482 50.42947 71.20442
25.22211 80.57490 92.15924
60.64919 84.78260 72.24003
86.36533 70.04242 5.38438
99.95726 81.07247 14.67159
73.93777 67.97736 56.09526
17.58230 69.32833 86.86899
85.57183 77.14106 46.59176
54.85374 81.76862 86.91355
98.10938 78.40254 43.28254
93.32438 70.51648 30.50778
94.54768 70.95330 27.29069
98.64254 67.98483 25.54566
39.20710 93.03064 77.22525
25.28335 22.69231 19.77843
93.02573 98.68423 54.06973
69.68644 81.75351 48.24752
90.20358 69.01536 5.69880
2.01003 10.28652 15.73928
31.59314 36.53561 13.24080
83.26990 57.83038 67.34732
94.93395 97.33187 24.79036
91.56409 85.28831 17.23300
79.82658 96.09439 71.51929
96.25436 46.44037 84.01797
78.25085 51.28692 92.43477
74.73610 76.95396 46.04938
21.71017 42.48154 23.18280
99.94555 84.24112 3.73451
69.96303 87.15832 1.51904
71.00302 92.91570 32.54453
49.12168 21.84954 6.03518
78.51553 90.30134 22.77789
77.69883 80.91129 10.81762
97.52566 80.56963 16.24432
29.80767 31.10664 11.42665
86.55268 69.59568 42.28840
76.65803 47.66025 81.72093
72.37320 94.09125 29.67561
10.01525 40.25249 29.84478
70.69932 99.46958 43.69289
83.97011 73.73081 1.23808
72.19863 45.47130 91.05302
73.70743 98.77742 40.62824
34.55873 69.96986 99.88487
80.15213 82.15645 6.32431
88.56989 80.72569 30.23516
99.87037 94.98912 9.69851
90.47565 85.19343 9.72311
95.16637 68.60040 31.02109
52.08584 84.41074 70.31355
96.24900 67.75584 84.32121
