100.00000 100.00000 100.00000
4.43255 37.89190 53.88773
68.66461 16.42264 65.18308
4.87492 54.23893 14.53349
79.98436 24.84552 36.13736
75.92907 28.22833 77.85226
98.16959 51.26482 30.75692
35.11490 16.71577 50.42199
40.95219 5.83895 37.52216
71.50846 29.46131 90.72061
90.23082 7.14489 87.30438
28.62558 65.98832 28.86908
4.34773 45.45500 7.43063
40.39927 83.17884 15.66404
5.85406 7.45709 34.85699
81.83141 19.30054 3.62203
5.43089 82.05269 76.15656
16.27299 25.09725 51.75881
4.10390 46.45624 5.71471
95.93272 16.49477 25.82489
23.49447 24.70204 67.31256
36.97824 34.09628 44.99333
52.24550 69.87980 7.62796
95.33289 87.95738 72.03573
36.93876 46.58050 18.85881
61.17277 67.38532 6.73292
60.35276 12.20630 22.29399
72.47470 67.67537 59.74044
63.18076 65.40981 9.94966
72.00347 80.60055 48.84217
64.94385 11.34665 36.12315
99.62636 58.70241 1.91242
11.90494 44.08205 71.37480
95.71702 45.93173 73.74725
43.12907 48.00259 61.42504
65.63504 4.03483 23.16748
46.11742 14.58958 55.98332
18.69246 69.80234 22.27830
25.05227 94.64244 68.60194
15.04604 63.46682 60.75359
97.95263 14.34893 26.51835
97.00646 43.34179 12.69711
17.91245 16.57466 63.73844
45.92920 84.53832 52.86356
17.36364 98.30927 3.82484
42.99642 93.16435 80.27598
9.83776 38.53987 41.35634
11.48524 56.16513 63.20480
70.40845 44.44962 10.38272
6.09223 36.78392 4.24018
82.07265 32.26907 53.91801
23.25390 23.62637 1.42556
93.84088 36.57313 83.39518
72.54256 95.24079 3.25153
71.14202 8.19791 62.31035
54.99047 96.02884 50.68108
68.43424 23.57854 84.82143
39.31595 75.07890 24.31547
15.68140 15.43583 21.45512
4.03533 31.07814 74.97620
42.45255 5.88849 5.07292
77.76009 71.60115 37.47662
55.44636 48.07233 29.56427
29.09727 89.81977 29.46107
8.81902 66.19192 72.55578
44.58510 63.09731 12.42551
82.47305 12.20640 37.44477
41.45913 69.75242 1.43873
17.50660 25.04439 99.27859
23.80536 16.11049 33.50839
60.82003 60.01803 8.24593
82.46343 13.00643 16.74872
96.33256 47.36224 84.08305
52.33284 9.63205 58.96053
87.10646 9.97483 25.45660
92.13642 98.34082 33.43791
99.65276 17.53238 72.09311
37.07768 20.84649 9.68802
7.56755 9.45089 1.12320
34.75226 73.37371 96.28553
53.78154 56.15539 35.32554
28.89153 15.63995 58.99577
42.84562 71.37845 57.39697
62.78317 72.92496 41.29939
81.11507 11.50021 89.78354
90.10370 72.52787 95.28756
28.71136 23.20760 39.54459
44.55455 56.18113 78.38769
71.60628 8.38648 6.82826
67.07334 55.00457 41.87729
49.32565 20.86366 22.25249
91.33479 23.61822 12.81463
41.51329 32.82304 10.93125
92.77929 50.22033 47.75200
89.11963 21.00408 53.91562
69.21771 60.22223 6.55480
9.64936 42.52200 8.03858
61.22677 3.69434 95.80123
57.86330 12.79277 92.94618
1.17021 52.26085 71.72910
23.63630 33.27879 15.74866
1.87203 57.11748 19.71931
94.25971 13.09021 15.59768
73.94628 82.21387 84.28886
32.23135 73.81059 1.67476
38.40854 74.14785 54.60040
92.72572 11.59946 22.52377
87.81326 96.86784 14.48939
53.72351 46.78261 70.49950
97.91147 28.38999 72.83198
24.51820 51.36584 32.80042
73.65141 14.95795 16.01989
56.70530 41.73214 23.36432
55.16007 57.81679 37.27513
13.16303 79.51943 50.62718
16.80534 41.87345 88.74553
42.56030 17.95483 57.22948
8.06269 68.28635 21.90650
35.55424 45.25538 80.24694
50.70746 53.73112 34.78740
33.75155 48.14371 32.55371
83.23220 5.16889 37.31986
26.25193 6.81793 22.74313
98.24238 30.54958 6.99463
47.15677 39.54021 21.01362
27.65642 89.92696 35.08164
41.61311 7.36758 17.09750
88.99375 42.97244 35.06778
47.86804 42.17629 79.02970
38.46688 72.02249 4.48611
42.66521 3.58724 87.72633
1.03921 56.94126 87.51820
51.10591 81.41358 54.34262
27.44816 33.64089 5.02015
89.26805 17.35766 79.13297
5.37545 33.32692 78.13660
96.22369 8.02306 58.75951
31.00051 99.07503 1.29361
24.20022 51.84112 50.37817
87.32079 99.66994 62.15717
4.17476 6.20027 71.01041
84.21804 68.43319 92.65317
26.40682 33.09070 95.66428
66.67177 41.75306 41.18121
71.06498 51.87752 5.99534
32.04244 83.92924 77.76167
10.44371 62.70199 97.67283
66.91815 36.14770 28.01715
43.61304 68.23908 2.71420
43.43601 19.58407 46.12075
36.48818 78.32149 67.36516
15.11456 68.22508 81.12635
32.83134 40.47090 17.94697
83.99723 9.95955 11.41737
83.62806 45.68507 3.36554
50.68165 2.39470 52.59675
83.33602 49.61376 58.50221
19.55241 5.69597 11.79961
59.42130 50.65317 90.00897
9.68593 98.70629 23.87110
17.24121 85.93194 96.66875
40.78640 92.61359 40.37426
74.61468 67.04454 68.36071
33.60515 75.53513 75.01935
58.32468 38.46449 80.21851
22.80830 55.77231 88.24386
74.26595 83.82990 69.36713
27.39434 34.27956 77.75787
2.35265 59.27872 39.07777
26.97522 46.95658 48.59278
96.25233 49.72249 3.85194
90.69238 35.42479 51.20986
54.21151 3.94098 97.75783
36.94655 40.91333 55.76807
93.26516 69.85837 89.29655
31.64110 37.04357 9.98213
36.33101 77.76184 7.54975
37.32141 91.82447 76.95835
27.86501 97.82488 80.54292
68.68727 26.76590 69.80968
61.49608 50.73344 99.01046
16.01502 12.31569 33.23917
98.18853 9.47975 49.93274
34.63019 36.26944 47.08782
28.18603 37.40582 79.43383
65.46487 20.19778 89.55519
40.93318 63.67402 77.18808
23.53228 91.36413 37.20058
41.87743 61.07406 12.21470
78.22742 58.35048 45.96184
78.52080 76.73916 5.97788
48.68394 60.42534 83.76467
18.95654 99.49770 61.68405
67.92869 68.89670 23.09582
79.17895 73.29692 6.54745
28.01128 55.54977 8.99190
18.57030 63.95073 4.24839
26.13873 84.56398 65.56177
42.45910 54.87203 72.02153
62.03588 14.55213 71.64229
30.48118 89.42328 54.30563
48.88613 86.41266 81.26035
77.41606 54.83926 74.67299
28.79565 39.98905 2.94672
10.02781 75.31019 13.30742
39.44314 19.87704 22.56542
88.76257 11.20095 3.35742
6.42445 8.10946 41.23052
99.09161 86.21588 71.88499
96.87394 30.95353 6.33607
46.18176 6.48591 66.15617
92.74451 70.25587 3.50708
43.53380 11.85560 69.97254
90.48996 89.79783 16.83874
91.68562 92.72388 21.32786
39.63546 52.59293 77.10829
21.55782 63.97056 28.05634
3.93293 20.76193 22.07768
3.66153 83.29612 52.18472
91.89313 11.08712 71.55665
77.19288 95.95373 43.12566
65.61807 92.68434 7.41982
78.01845 81.33535 14.57931
25.80907 7.35312 65.13584
56.73709 14.85278 2.33183
76.49376 59.13969 3.02357
27.83237 49.25649 53.88779
7.08018 55.61035 54.79142
62.97994 75.64135 9.92473
38.78199 90.38753 15.62378
80.13247 25.34561 25.72832
36.82696 55.05650 61.85520
86.04326 37.70168 2.78246
12.37577 14.78356 80.44510
71.17596 31.28013 58.90343
31.43013 65.90204 15.90161
33.68833 69.66609 20.70629
52.62857 77.73117 27.03117
8.62158 9.41436 15.72345
55.28001 2.03161 21.56434
99.80439 85.71684 73.47113
53.44650 26.00485 71.31631
64.87413 68.84748 40.65706
28.20050 85.37570 23.95429
49.76617 70.16711 9.93749
66.38923 12.82708 83.00822
26.91055 59.58357 46.61372
72.18665 76.75259 85.43720
62.07589 42.95889 28.50961
10.61785 28.92231 14.97281
14.70492 54.13121 63.83518
66.16604 46.43522 11.20231
88.64488 14.72373 53.92959
13.98598 22.13089 61.55664
86.87769 85.55383 99.48631
94.16310 84.04799 13.54940
75.76325 65.06496 97.69976
14.84312 93.92686 52.61257
73.52984 80.18951 13.48418
94.21712 86.11785 73.51712
39.50952 38.14673 46.38995
89.38296 88.87997 69.20276
33.61025 18.03100 33.59992
59.64046 68.25444 77.97453
78.74857 17.92970 16.53477
1.19387 31.87308 58.78500
83.08663 15.60973 30.08199
69.24045 56.03009 57.77181
56.63479 83.52567 26.14336
58.98961 50.22943 14.03350
20.13037 51.05298 44.08971
34.73092 69.60468 13.81354
6.04843 57.40356 2.49125
15.10488 51.58633 74.06517
87.64076 79.83924 37.53580
89.04761 27.36140 89.19027
62.18773 77.00583 31.85695
66.38910 55.96758 72.74982
56.48219 63.83134 44.87471
56.77790 84.92368 2.12043
42.51114 99.33832 35.75917
46.34557 60.03341 23.12690
67.00112 82.65174 45.43304
32.27472 93.11879 27.20526
27.89866 85.88109 20.52236
68.08079 75.80136 64.78312
47.17378 50.23610 82.21552
97.58312 10.48759 52.84854
14.15560 14.63415 64.42247
63.14788 13.89581 65.97267
79.29262 74.42217 58.48666
74.23329 9.52803 62.40010
81.17825 84.30234 55.93543
96.05232 57.50107 32.13615
70.08381 3.77799 96.66987
72.03307 8.76698 36.04843
42.92530 96.56934 9.66700
89.44778 19.70594 77.40695
99.84669 78.70553 9.63721
93.31257 95.39195 9.92796
63.51889 61.60654 97.89576
85.13398 55.27775 49.21458
31.48284 25.08924 67.78449
86.23058 89.85802 33.52404
22.41490 68.77444 45.35762
42.60979 6.20468 24.96548
22.69555 82.94703 21.41774
91.93582 26.43326 11.77981
99.48370 92.02437 73.34134
36.71676 73.19584 44.01032
91.18563 95.29762 79.19089
14.47534 33.86751 48.90755
90.41256 87.90452 16.76394
25.70179 55.83262 51.34121
88.82023 72.93074 93.79481
45.44881 7.30511 76.55879
97.91834 47.10577 78.48459
60.75532 32.69831 81.39403
27.42867 37.49611 94.19839
56.32926 82.26725 13.05878
74.94718 98.44141 7.59900
16.84855 43.92625 65.44076
69.03254 21.85186 74.97574
43.46238 63.35506 99.36955
63.13514 54.48070 80.31499
86.37477 28.14417 27.54026
76.69258 39.62225 14.88607
23.52586 75.81441 80.43580
47.10821 36.63758 7.91955
66.17656 55.89928 88.56497
32.62560 19.00389 72.53557
33.01316 32.74629 62.61628
52.08388 23.02652 80.03811
48.77806 81.21098 11.15031
71.16625 80.01163 24.32693
92.69326 64.92700 66.47469
65.11054 1.34821 97.21191
8.70814 85.78720 75.60483
69.81324 9.65060 19.57214
32.95765 67.92827 25.65372
2.19170 17.05172 75.24575
4.61675 65.01260 94.18617
91.31768 43.35263 87.36243
22.08352 10.16692 45.13295
8.32488 5.99506 54.34600
53.04277 85.48654 48.58523
52.20924 56.00075 39.19992
43.40477 21.81737 66.23712
51.09348 40.24912 14.37588
71.12506 65.87496 48.43040
74.52780 5.44058 45.52774
94.45622 89.62853 84.44896
28.88327 58.95358 37.55943
50.91644 64.69404 36.19279
6.43129 54.35139 80.90266
44.39726 4.15802 45.24807
39.05470 85.57309 40.02631
16.65438 10.78899 18.96466
28.06238 75.76810 31.72332
14.61586 31.51798 75.67773
84.29503 22.56155 2.09657
45.57572 23.34466 21.41474
78.90431 63.34342 50.04835
56.21717 47.89173 46.06660
93.76201 34.15602 3.54418
72.14313 61.38521 41.29267
29.51078 75.36222 24.01941
83.84781 86.23587 13.98766
64.82783 33.44326 1.24771
58.05423 85.45918 97.14412
85.76338 19.97492 99.80072
83.63181 38.39781 44.69265
8.68142 36.70890 73.80573
74.46209 92.02853 38.96303
96.54915 32.94798 38.53655
3.93941 77.60265 93.27908
66.06458 53.43896 24.22590
56.34388 35.34149 59.58841
58.55244 32.04677 2.02582
97.39982 16.10135 94.93249
78.77635 37.54434 54.82245
98.06388 54.02334 19.09965
24.69381 66.79796 98.95119
57.67136 13.98995 12.63757
49.00932 96.72050 62.66739
89.32226 67.79088 74.22623
44.06435 76.91784 24.02303
7.34167 75.55214 81.51685
87.34027 26.26811 10.61063
10.38098 61.09118 19.57927
20.10775 15.69116 4.65077
1.64362 61.68636 62.31623
70.98913 31.74135 37.26867
2.73752 47.24755 35.53486
58.27667 72.04406 3.66610
48.59522 99.39371 43.79757
63.22776 68.50457 30.72818
10.21624 60.15529 10.89447
53.21131 84.47498 12.73884
81.11224 51.19471 41.72181
22.83116 23.48714 5.32797
98.58039 38.31011 23.24206
25.97893 75.55603 32.62296
18.82802 6.29884 81.66283
66.17132 63.83246 31.80998
65.86760 98.21513 44.51153
57.18937 41.27844 28.32173
68.53733 68.99997 58.85827
21.49198 68.19044 86.20441
45.74665 50.85295 41.44119
85.69112 63.79567 71.37039
30.05446 28.73807 17.23023
48.13121 88.03935 62.70085
66.96725 28.44237 69.57842
40.14644 88.36444 32.26078
23.77094 41.92674 58.68723
33.67601 26.75456 25.68842
54.29877 1.62243 39.67160
71.22610 2.99417 96.27117
40.22453 47.39061 26.86166
70.33268 40.14221 66.02093
56.87974 39.03853 8.80167
83.01705 81.24594 67.64263
35.79743 82.34207 70.85093
87.89613 49.23136 15.73955
13.12053 70.33504 79.34941
47.88720 31.56866 23.33376
53.90087 3.82155 7.96112
47.99484 16.07496 72.83314
3.36250 51.16345 49.93295
84.76541 44.99720 61.48764
47.19716 14.78885 35.78000
14.27761 29.56247 36.32894
23.57607 81.99655 57.32961
61.99761 97.40346 71.56651
66.46986 20.54114 11.58483
40.81120 59.68115 8.97391
7.77300 48.75122 49.38510
18.31322 93.08721 19.39407
13.99763 83.07302 1.81526
60.57486 24.88802 10.54664
62.65104 73.13625 6.74088
38.16752 88.89887 75.52635
37.61761 36.65367 36.74540
13.38535 70.27772 80.22974
51.75774 10.51784 98.92549
12.39020 38.43979 62.86656
75.39713 36.92704 2.31689
86.58655 61.84304 2.28999
78.79877 49.70070 66.33989
95.38682 75.89956 37.08292
40.81277 97.82638 59.51185
86.39817 84.92321 51.58722
88.14948 11.27763 6.55528
95.30777 61.72646 51.24953
43.52859 37.78359 55.49943
42.86053 40.47114 15.61825
61.53780 4.18584 84.39936
95.93018 32.39821 45.14052
67.74985 94.76292 35.90129
75.34665 48.69819 77.26046
34.09698 67.09822 9.71360
78.49478 79.84224 81.69871
82.88541 91.10220 94.86267
11.54034 50.02275 53.73167
15.05567 39.42938 83.97144
18.22936 31.64524 71.39216
60.17932 45.60362 63.95286
82.77987 7.86805 62.65617
49.02258 66.75908 57.18401
6.71418 34.85844 85.36358
16.87434 81.37608 7.00049
78.24994 59.40696 53.86344
40.02516 96.76870 88.58072
65.37766 33.68355 51.38357
44.20762 34.89242 51.58075
5.94172 18.23481 45.29469
85.19956 61.47627 24.02276
65.94386 53.36300 89.62492
55.56594 3.44416 99.93699
75.49335 70.13672 8.46687
41.46582 87.33124 32.27093
27.31521 10.14517 5.25706
79.77966 24.48169 92.80920
43.28372 43.23515 93.68703
51.49620 43.66635 99.21676
52.70401 33.02883 61.86558
26.71199 13.41558 83.20557
28.63963 78.79622 58.82653
93.10147 19.77093 26.55991
60.36263 26.34105 42.43719
7.73328 75.54905 55.84110
16.93176 70.26273 92.91667
49.86965 73.05650 58.44139
26.80040 47.09360 57.34275
97.09263 90.95125 75.38669
51.84447 46.09044 50.58319
45.72107 14.52466 89.63363
13.53735 60.50737 44.40785
74.26248 52.02038 56.16856
76.45238 56.09927 83.90555
78.33380 62.96943 78.53954
23.20335 82.44190 70.41960
86.17241 72.58949 83.98069
60.41781 82.05801 8.24120
7.17653 15.48035 31.05410
93.48543 63.51233 32.27457
19.55659 3.99650 34.74768
86.46583 89.64864 62.81976
72.48463 80.94920 96.87191
54.45258 54.55288 69.59171
70.79676 65.94623 97.00341
84.97537 3.98155 96.82123
97.48092 36.26810 51.64099
29.25114 96.46278 55.98725
7.41887 79.62358 70.76363
32.40581 42.39708 32.77592
2.34217 62.59469 92.11666
3.22065 58.38670 45.65199
17.36607 3.28417 21.29825
6.98346 47.38227 59.59704
66.37800 7.25386 29.06270
80.43206 54.33459 97.07231
61.04516 22.05272 19.61157
46.45518 52.72023 2.13632
24.94045 48.41018 98.25649
42.04576 34.53173 44.39506
96.66870 98.26789 12.29496
48.90996 81.36083 38.00486
17.02609 80.29925 34.53394
64.92338 62.70009 64.90123
2.62916 84.94884 52.28231
11.02196 54.18167 60.37586
72.51878 31.60305 97.83704
39.64668 97.57555 29.05921
96.46238 23.76734 37.19207
83.62566 18.15275 56.68728
13.95138 85.23932 53.64781
91.25329 88.63594 14.81270
88.04039 20.26006 20.90484
50.82996 97.82129 43.06998
97.42813 82.05009 57.26017
8.39734 87.15824 8.84831
22.08706 49.75148 56.32785
84.93925 31.02165 19.06011
83.24491 18.10458 8.71707
99.40575 63.81514 56.19306
55.75255 66.87029 91.88460
71.07611 4.69722 95.10899
36.65568 20.97851 54.24817
38.18589 24.04587 97.60619
36.12527 5.52167 64.57554
91.25791 45.54407 76.35747
46.15251 85.04101 48.56131
27.64331 42.57532 56.14937
14.31687 90.84495 59.45411
14.32356 78.68845 67.33675
43.94924 90.99473 17.12172
89.69857 22.67579 55.22738
1.34843 51.68462 4.20830
48.79670 24.91702 51.36297
91.91762 10.05803 93.11127
74.80911 48.60914 73.98977
37.18730 59.68394 67.12438
51.37024 88.99096 48.70937
99.05621 84.50347 88.30401
16.65507 76.53099 88.27547
89.10887 96.12728 46.38200
90.65472 2.57628 44.16915
96.12681 18.06987 35.00764
25.22454 95.48389 31.63009
45.15286 60.73134 7.13060
69.56372 60.96946 79.69057
33.20234 69.87438 4.30707
9.17723 21.33719 63.55200
56.06002 48.54219 11.13720
20.92943 89.21005 87.66663
10.95711 43.78014 85.51607
45.48525 34.38263 63.56383
14.78889 66.44556 76.27068
56.05938 90.35237 23.30283
22.38025 76.65848 20.36070
19.35781 50.62338 60.41240
77.70315 8.71002 18.83796
58.99424 82.43151 46.41101
66.37984 64.74218 65.26779
60.53696 23.59133 44.27676
57.76803 83.05966 71.83894
44.19789 20.75533 14.44112
26.39024 41.93488 65.23146
48.88200 33.94219 88.30206
7.46309 21.57819 28.79253
32.34119 26.37687 69.68241
71.27989 17.01146 91.15453
8.17727 17.87138 63.10661
36.25019 82.88220 15.99250
36.33725 95.04743 42.37889
46.42306 24.91009 95.37497
26.68427 60.28577 21.85435
70.66232 80.94486 47.56582
6.35499 75.72968 47.55844
9.92960 7.18752 90.14550
32.94739 45.00877 87.57558
46.91253 53.32368 10.30560
72.15711 63.51091 99.61490
52.23830 57.84910 66.08525
29.76452 99.51020 51.86926
96.43700 53.46977 86.42931
37.11945 30.97725 38.15946
34.48870 55.41363 25.47316
16.84848 82.93908 51.71198
61.52524 5.81388 31.61470
54.99803 99.89696 2.87631
91.67503 37.57255 7.30324
34.18957 75.27712 35.65362
54.58672 67.17850 17.40523
83.46581 47.45421 4.07734
21.71815 32.35555 21.09533
13.54102 25.54709 94.22785
13.18762 99.77532 32.48628
41.75489 16.83515 58.33290
59.90826 71.03243 30.78708
17.12968 34.59763 30.77125
77.08402 21.41486 75.32173
2.92337 13.84321 74.47452
4.83961 15.78889 25.54002
92.48181 73.40522 68.93272
88.72591 57.86061 75.77804
36.23269 14.52279 41.06533
5.70044 40.21509 51.24915
73.56114 71.71230 77.77528
71.75497 8.92020 6.74680
51.54296 53.37933 94.73344
81.51595 32.75883 8.56952
44.31815 93.13918 5.28491
47.17408 84.52859 75.34673
58.79107 94.17568 53.91504
95.32959 18.89718 38.54607
2.90638 4.38611 81.61859
77.37456 43.61122 63.28738
23.90045 50.35817 3.34969
70.45264 17.69283 24.45588
87.67927 49.82433 29.26861
87.23918 75.17283 97.48228
13.98689 2.52356 14.53278
37.61069 47.75798 82.02483
36.77838 8.41935 66.53403
51.14180 47.87274 72.47323
24.64013 84.17407 38.76309
78.49651 39.17619 96.69751
1.42407 3.30699 9.14204
72.86374 16.95133 13.26807
67.64302 24.37802 20.13613
6.80076 21.09891 88.49413
93.09670 7.74701 86.22125
71.09865 73.78813 40.82537
70.94300 66.04074 57.71932
15.62190 23.74472 66.57224
52.07300 48.96388 7.69828
70.25334 72.73409 98.36860
8.07021 56.55337 73.12464
77.76972 86.97630 1.09779
3.96228 22.94836 53.79056
95.21690 47.35463 17.69055
18.49164 37.04138 67.49995
32.34088 99.00631 48.29489
28.89556 47.18330 50.32555
39.34607 68.24872 87.24943
22.48345 23.37353 82.76676
30.78620 65.98054 62.54949
72.28580 93.03840 77.90640
75.08239 83.92289 32.43970
73.50338 72.99836 95.97928
59.56435 50.60041 68.85262
20.51839 59.13639 32.24398
72.26283 35.19015 94.31958
99.16176 13.67870 32.02602
31.08075 63.85418 37.42176
72.29147 3.91599 93.89173
86.80800 58.79665 35.99338
48.34685 85.69064 41.12710
59.93906 52.15477 3.12982
70.04273 79.81835 16.59413
1.68475 86.33678 33.59669
75.60055 30.23394 93.88696
69.28325 55.37766 93.80803
75.53264 90.22358 11.83072
96.30774 18.57702 80.24552
25.91033 22.13569 56.67081
9.57079 97.70453 23.49210
4.42974 75.86964 37.26363
72.98168 65.40574 92.03671
50.78969 27.21934 21.18985
79.19256 20.56020 82.59202
50.14774 93.93782 90.55078
49.37996 23.25170 45.05458
15.12150 15.98955 6.08396
26.55618 79.54217 17.25383
99.70888 69.51722 99.18834
13.06959 89.91272 34.63077
32.63718 30.61037 59.10684
14.14124 13.49165 93.82273
72.50817 47.96137 87.25842
93.20079 13.41282 45.90500
13.79632 73.81509 91.94330
82.13379 62.60795 39.71481
84.68564 59.47807 53.65511
1.14719 74.17291 59.69525
77.04926 68.02344 25.89123
68.19085 1.56685 22.86888
22.85266 88.00632 62.37974
81.33288 28.03349 2.47811
74.21378 18.19993 60.84566
68.25682 28.23222 59.42602
26.48945 48.25263 2.35035
76.78797 49.05096 97.40763
53.73943 33.28620 19.96761
41.95543 42.70222 53.18478
19.98825 96.97136 47.54476
37.38388 85.55931 94.94077
66.60947 2.48495 64.26294
5.13907 38.83194 67.92378
81.18176 92.28784 34.46086
95.01409 47.76624 77.62283
23.11042 67.06532 93.41505
91.27548 10.32755 33.80346
62.33530 73.75343 59.75511
56.74352 99.26188 28.70721
43.26420 85.74971 97.29879
3.78542 52.61749 60.98149
15.28566 59.67999 97.91875
36.54946 61.91113 4.21780
49.70329 77.20245 76.78805
71.57201 27.29904 63.33123
39.28792 16.44504 53.69224
74.70114 7.91504 75.23718
21.79654 52.64255 50.96420
32.92404 48.23724 14.09356
27.71408 90.17775 67.72690
63.74497 77.55228 88.89342
25.83355 66.21297 92.70512
16.45890 23.41959 46.37149
54.45431 19.94359 66.31689
55.86501 83.89126 73.50553
64.12082 2.25353 73.21325
7.17224 45.37576 11.03676
88.18103 95.58284 23.53590
73.13940 32.65212 93.31004
73.84980 96.43756 71.29944
32.12704 50.90915 62.40680
22.55784 78.84973 35.65003
90.29536 65.29493 37.01766
44.54214 6.30419 84.58862
48.58255 61.20927 12.53484
43.11386 7.65882 50.65732
21.11441 16.35379 8.02773
95.36944 22.70099 78.88195
66.63553 77.98394 50.00697
64.54301 92.23274 16.35234
93.64041 31.14463 7.88784
28.56203 54.23905 10.93884
37.20788 72.21568 27.36516
34.35748 8.92482 34.24718
63.23534 52.10300 74.85301
18.17675 83.23483 46.38297
69.01411 97.45335 83.78674
51.30201 87.37568 63.86346
26.56288 50.00361 18.32645
96.63207 18.74338 39.98771
79.20880 10.84719 5.10038
24.50251 59.40530 31.45813
69.16699 20.07862 73.19023
46.69155 10.95441 61.31122
38.42206 66.31267 65.71855
34.48886 74.71264 70.73730
76.52850 75.38004 51.05209
98.72233 9.49563 82.21394
44.15490 16.66487 95.45741
9.97063 16.90433 40.18614
85.99924 18.48696 77.75614
33.57841 85.02497 37.46042
1.37696 82.98700 76.76151
19.62556 38.72680 93.69648
85.10821 6.90708 4.16332
37.49268 46.92934 72.25203
36.77404 84.51751 7.60284
44.76146 49.35325 37.73468
5.01910 79.19378 88.66101
12.60851 6.68527 13.32329
86.33870 81.97640 78.99471
46.85129 74.75628 50.75308
99.58591 56.93228 73.78420
20.66727 96.30204 64.66855
88.66854 85.37254 12.26342
19.47443 64.16238 31.60372
50.03235 26.33677 68.74268
82.02781 21.65811 80.82429
54.72039 4.86503 5.55464
85.97265 90.34797 39.19646
12.85517 42.17583 32.49008
29.64639 77.19593 14.58821
94.89308 6.88484 32.10433
69.24602 98.29232 26.62541
8.68816 79.82357 16.12703
82.07867 30.23411 31.20320
74.18425 88.05800 67.09046
23.16999 99.12366 4.00763
55.51159 24.83584 89.38289
41.23725 49.76027 48.67338
41.23838 36.19023 82.18088
30.34341 60.12206 28.56321
93.74500 49.43216 63.86137
19.50078 70.87213 67.89642
28.38117 86.75647 55.74961
13.31981 2.86725 1.70875
62.84923 12.59536 28.39871
97.12785 40.19121 62.51207
54.74458 5.89721 73.95199
77.95697 24.05521 2.62409
67.48927 57.76840 43.87221
9.43688 61.88495 30.93502
68.87070 14.93193 99.36788
32.76216 82.22720 40.33215
11.58220 53.51197 40.08631
46.03767 37.66608 59.62026
81.81390 13.92091 13.67862
49.99120 88.65083 21.85031
10.98661 35.05001 77.31629
71.24208 81.70683 95.96438
21.57865 83.70138 17.61005
14.78526 29.69474 16.66247
78.37841 76.77703 54.00742
90.45649 95.47875 35.95839
39.62068 52.29492 10.76304
41.26843 25.21852 90.15464
17.80349 95.92099 21.21087
30.87127 20.50244 63.19201
22.71911 83.73748 65.99132
39.97671 35.29733 62.29476
19.03823 66.27735 69.56501
72.48711 65.04562 36.62292
31.77908 18.31917 63.09572
77.20112 71.70599 52.49552
1.62680 38.00315 44.85343
69.11806 38.22429 91.18210
79.52085 8.87965 31.57278
91.87684 17.28806 37.11897
67.43183 57.93469 67.15910
69.61937 4.46982 67.29710
69.37958 32.01565 87.47503
59.45100 61.90213 8.02145
93.90631 38.88659 33.71385
54.77866 5.63619 90.44654
12.12203 52.67522 71.00306
14.30000 47.47263 65.30346
65.96072 77.43220 27.76218
92.62250 92.09269 13.06080
11.19711 55.97022 86.90802
38.81694 70.86212 15.05469
10.15590 71.93092 69.94799
49.22168 20.30477 82.54022
39.79828 37.35267 23.35368
50.15856 42.66733 27.83711
83.81274 40.98448 22.13906
96.78092 60.57745 3.30925
69.09641 10.95261 77.81330
73.85401 21.26195 87.26756
45.20675 58.27087 81.04298
52.96423 56.94831 39.20520
8.58976 40.15699 19.74190
61.00821 27.33652 11.56182
90.16237 69.95285 9.81168
48.90366 64.79536 97.67598
57.90795 76.55984 96.90618
51.23917 44.47353 5.11091
39.18192 43.75245 54.68157
97.69868 88.00762 93.95181
6.18850 81.01928 21.59652
6.46328 39.77680 9.84594
47.46375 5.51542 13.69131
9.74223 15.75485 42.74591
10.38298 47.82753 76.21234
99.40407 5.07771 16.08502
83.07330 48.96680 90.89271
21.42998 12.34516 75.95889
32.32842 77.16378 13.10947
81.00901 29.72203 33.11679
49.84680 66.96801 50.36054
23.98994 40.21515 40.65786
57.56348 76.08750 86.30697
79.18867 35.97387 11.91400
15.81696 64.17773 33.27912
83.71574 5.67699 22.60237
54.63644 17.14707 87.40667
76.37066 63.00107 71.39969
45.48060 1.53147 5.25883
2.50166 78.75579 51.71085
12.62087 81.80068 36.86008
68.98370 84.19584 3.98886
50.55976 79.30699 2.77543
46.88929 93.70739 29.44936
15.22678 61.83974 8.79386
33.13260 24.31011 63.93175
21.02725 95.98023 89.59433
20.31969 3.20198 23.30307
12.62978 40.89716 65.79551
19.10994 14.78374 89.99314
98.70490 63.05546 96.04915
51.29779 29.65283 11.43674
29.71391 58.67938 22.79254
64.99334 41.47221 75.86853
13.85199 52.30487 45.00936
8.84811 36.28373 26.76364
92.05165 56.83824 41.35903
43.23270 36.74341 73.25475
84.09700 69.91548 17.67550
20.18862 24.32721 84.94016
69.10186 47.27510 17.47861
87.26760 51.38769 43.21749
6.85904 54.52259 98.55555
48.47932 14.57239 11.98105
46.65873 11.12113 75.96315
16.64851 66.47070 98.17747
18.73166 59.82745 50.47915
60.41277 94.78632 19.61972
65.10728 6.48124 6.61930
33.94597 51.34142 17.29326
66.14639 44.32341 62.82633
57.94026 17.80737 16.08664
54.22096 2.16922 17.22522
76.82376 54.53873 44.40258
41.98675 9.56032 46.85154
4.07925 36.52253 40.19335
61.69662 47.75210 51.36016
42.34912 83.85437 58.62222
41.57413 43.03639 63.38762
19.57221 46.00789 44.03799
66.37822 82.83971 66.74776
62.77417 47.40086 63.77923
52.25898 14.35267 62.03814
8.00321 61.43221 67.85315
62.52604 55.18910 18.02843
78.12758 16.94803 52.49785
24.70576 84.51263 47.64435
38.84677 74.43490 74.29217
20.52361 77.91873 19.57394
9.28300 55.10250 71.72499
78.02484 25.81667 96.00192
6.89033 25.50189 89.54801
31.16440 24.30147 72.43111
16.17458 11.49284 23.77544
21.14099 67.34567 28.10146
19.95892 12.68154 96.88886
10.25271 75.02044 74.24980
2.62103 91.65875 9.71117
87.15353 57.32129 6.26166
89.68248 24.61609 56.69605
19.00595 14.96629 12.89609
4.29732 31.51747 42.84471
14.72671 46.05373 37.14158
90.50415 72.09089 16.90692
33.65187 1.43098 27.12242
27.05314 66.36532 37.61878
1.29088 20.65438 98.99580
2.68922 42.50086 62.48711
85.05443 80.14118 86.40546
31.21440 57.42855 4.71142
45.60373 89.57218 93.42380
55.53078 37.00446 49.03362
40.97310 70.92222 81.13015
95.63192 89.89441 71.06098
96.11428 61.92517 88.45075
32.95128 8.58550 29.98219
85.68491 29.16270 92.00391
6.99558 58.29765 77.93714
12.57844 35.83725 48.79985
21.60909 72.30375 82.40721
29.89471 80.59524 54.18630
23.79765 1.44955 18.56247
54.63175 18.43931 16.64041
9.60825 59.95602 96.13885
71.33775 19.73404 72.93230
67.07198 14.52586 62.75132
66.65331 38.55104 29.12205
2.58747 43.90704 89.38350
20.87760 30.82594 55.55417
4.27507 39.46842 16.30119
38.34784 96.63447 52.70383
32.54251 97.57360 99.02589
36.92805 6.68203 2.99850
42.64778 1.84659 92.38193
84.06727 15.76286 24.52764
44.58660 34.40969 56.53478
48.97368 14.92263 11.45142
31.28494 71.78110 77.10537
48.80257 60.12821 60.29877
25.60660 49.86977 13.48265
36.01539 13.01137 22.00471
97.59090 98.65908 15.72979
51.40531 39.66587 81.44134
58.10921 72.91914 94.71665
