10.00000 10.00000 10.00000
5.96988 7.74278 7.05449
9.43762 2.61980 9.79024
5.64426 5.59349 4.30497
2.56870 3.55923 8.16382
6.27634 7.58276 3.53408
9.25177 4.31308 2.71655
6.42482 8.60747 9.89461
9.34492 4.58178 1.78397
4.60125 4.07068 4.29875
7.80281 7.27592 6.03186
5.26614 5.43321 3.75863
5.98483 4.09369 1.77531
8.23929 5.29236 4.85918
3.89284 2.44280 3.33144
1.52479 1.32508 5.23837
5.88170 5.88564 5.13947
4.38068 8.66934 5.53255
3.82419 1.79437 3.43924
8.50531 8.66560 9.49359
3.98342 6.83193 9.47350
5.99645 7.67236 2.75445
2.21642 2.66108 3.75334
8.99092 8.91674 5.73604
6.25588 4.61622 5.58272
7.91716 1.00497 2.50046
5.02981 8.14815 2.50917
2.75244 2.57880 1.52136
9.80584 5.42817 1.92989
3.73763 5.32437 9.88651
7.98760 8.73755 3.25551
1.86089 2.59539 3.07902
2.80527 1.53845 7.96841
3.98852 4.87035 7.89730
3.91360 3.30211 3.14660
5.94195 4.34517 1.89387
3.08399 1.80121 7.57427
9.11398 4.49255 6.94313
5.65564 6.63246 6.14713
1.12971 4.99222 2.32134
6.56737 9.83072 1.76180
5.72161 6.71948 8.01983
3.09497 3.48641 9.40464
5.05955 1.67420 8.92508
9.36300 9.97804 8.16500
6.93454 4.58699 6.05446
5.54414 4.01621 7.18296
5.02819 8.73847 2.33432
1.56584 2.01873 7.05212
5.18630 2.22826 9.59898
6.42435 1.07003 8.16346
1.46156 6.08318 3.30842
6.33961 3.91157 9.08812
3.89326 1.01452 9.68875
2.89286 4.56828 8.39257
4.62598 3.08502 8.72246
7.49575 4.38049 4.56565
9.99926 8.06647 4.12787
6.50912 2.10138 4.47152
1.02642 9.20716 4.85844
4.13794 4.54515 4.61587
4.30317 4.59954 3.37776
5.99878 9.04539 7.70627
2.47748 1.34745 8.54416
8.30290 7.87852 1.42000
4.68652 4.33345 6.12457
8.35792 9.91154 4.00092
3.66645 8.81091 1.48870
1.39458 7.98576 4.38475
4.89398 8.64470 2.66562
1.19950 6.35017 1.79714
4.96147 3.72734 5.95587
3.06464 9.10764 1.35578
7.84227 1.41326 9.54082
3.86881 5.82769 9.93933
9.60378 4.47024 4.77043
5.42323 1.10332 8.72297
8.92647 8.33804 8.50365
5.08287 6.08855 8.35976
7.69795 1.04989 6.68474
4.28238 6.89770 2.70574
2.54553 1.72556 5.97054
7.51477 2.99904 2.99662
9.41857 3.81491 9.48405
4.91938 3.24645 2.38333
9.13668 8.75716 5.49430
4.35352 3.09208 8.03565
4.74572 7.72446 1.54527
6.93574 6.24905 4.10033
5.80431 5.15434 3.44312
4.28217 2.80294 2.58823
9.80152 2.33375 1.15341
1.77309 6.44509 8.14869
1.50727 5.19584 5.47584
2.81954 7.29679 1.92876
1.34253 8.00211 9.61413
5.38594 7.27695 5.81395
2.83972 9.32750 6.49428
9.30070 7.82346 1.62684
8.48855 2.81403 6.58262
2.17772 6.88981 1.81766
5.04072 1.89254 3.80253
7.99452 4.19561 2.14605
2.89347 5.62470 9.79703
1.61965 1.50982 8.90937
7.96873 9.16148 3.25319
9.25399 3.10817 8.11378
2.40752 1.00883 7.66545
2.90441 3.12753 2.45881
7.22441 6.98700 1.27997
4.94267 6.58780 1.65644
6.50799 2.60924 3.25103
8.83068 4.10553 9.55284
4.69556 9.10916 1.25337
2.49165 8.21676 1.48496
8.23085 5.83194 4.93918
6.36256 5.36338 4.51116
9.28118 7.29573 7.35967
8.84789 9.65855 5.38909
3.56213 7.50690 8.54441
7.80017 9.77467 8.98289
8.05328 5.50984 7.70895
7.29901 9.88182 4.82515
7.09026 5.85161 7.31007
7.59334 4.44261 1.49165
7.32617 4.35202 5.99921
9.60177 1.01224 3.00992
6.99999 5.73857 8.98392
7.85880 3.46582 8.18365
8.25535 8.57543 6.95479
5.03900 1.18819 5.35560
8.95037 9.22820 1.09444
2.11337 3.32179 9.72042
7.97049 1.99908 7.48273
1.75799 3.48678 5.77466
4.06220 5.84565 1.42686
8.85912 5.46979 6.60749
2.85430 9.70980 4.12744
7.10231 9.41947 7.70455
3.31726 4.06820 4.59490
4.12698 8.45900 5.12314
5.44132 6.17859 7.09914
1.02440 2.92570 5.48681
7.46511 7.94563 7.39776
8.20147 1.74997 6.32578
4.76929 1.81972 6.97751
2.60312 2.17018 9.55789
4.61478 5.97689 3.32134
8.23155 4.35211 6.99143
6.80545 1.33270 4.68403
9.09221 7.89179 3.02666
1.42451 5.03269 9.97392
1.87059 3.21323 2.15108
6.93401 2.94813 5.15262
9.25203 7.01566 5.34059
8.37108 4.93456 8.78224
3.70260 9.17784 5.36809
5.04770 7.92599 7.17063
6.50254 6.84756 3.39748
7.53208 2.86399 9.41082
3.36330 9.58563 2.66404
5.82669 9.66957 2.51937
5.50490 4.33711 2.18221
7.37826 2.29842 3.59369
2.45846 9.71458 4.88966
5.20645 1.24085 6.84178
1.21747 6.07506 1.86805
3.67369 2.93856 5.35717
6.16527 8.57019 8.81551
3.53808 5.72576 6.94078
1.08099 1.01407 6.81724
5.13521 9.08921 3.07223
5.74534 4.13799 7.01790
3.98474 4.36327 6.02346
8.97689 8.77897 1.88249
6.74629 9.91417 2.50754
8.40808 4.76150 3.12807
4.17528 4.23951 9.54527
5.38419 2.80741 7.02950
3.32149 6.41035 6.82879
1.37682 6.31162 9.41413
1.52888 7.88801 5.81902
3.44036 8.51899 6.11754
6.75976 1.68994 3.20274
7.42685 8.43143 1.19629
4.86472 8.63111 3.32873
3.96083 7.11561 4.07572
1.36970 6.95103 3.27881
2.89030 9.41578 5.50290
5.58944 7.74356 3.12249
8.61835 3.18783 4.14980
3.98551 3.92455 8.14587
5.46087 5.51848 8.79903
9.71129 6.75796 7.25508
7.68651 8.45879 8.91698
8.61312 4.58914 9.87968
7.37657 4.63727 1.48373
4.80984 2.85248 5.64283
1.58489 8.79094 3.83886
3.89896 7.40490 7.48407
9.11346 2.16911 7.94669
3.29015 3.99069 7.60172
8.56408 2.47095 9.03858
5.83324 5.98890 6.59828
2.05325 5.37336 7.25578
7.77201 9.73994 3.60870
4.95086 1.46698 4.91372
9.62635 8.40755 7.24521
6.15892 3.21595 7.27142
4.25207 1.01251 4.67244
6.88317 6.30666 7.86392
6.57266 9.25664 4.53150
8.28951 7.59116 4.86550
8.48448 7.04810 1.42862
8.73610 4.48303 2.10326
3.16433 9.92081 1.65072
4.67886 9.49686 7.28682
1.00777 2.53510 8.26901
6.92268 8.99792 1.40832
2.51174 4.07204 1.43113
7.39369 2.31911 6.08217
5.62436 2.37687 8.97960
9.78413 7.88925 8.10521
2.63683 6.12768 9.25575
8.49008 1.32438 7.22610
6.46812 4.24206 2.54319
8.47743 4.55220 9.06657
7.13978 1.03411 7.06655
3.64782 6.52069 4.18725
5.26772 6.29825 3.67674
6.74748 8.18073 9.24056
9.53816 6.09656 5.20464
2.52493 1.67111 8.80211
1.09224 9.27267 4.97571
8.08716 5.00977 6.47134
1.22165 1.82039 8.93624
4.25370 1.78196 7.87731
2.03807 7.31346 3.08463
7.85366 3.31620 6.55894
2.33731 7.86006 5.88849
7.54500 7.90453 5.83351
1.63946 9.28047 3.90949
5.24969 4.21700 1.86039
2.15157 9.04058 1.47827
4.51685 8.46689 1.49997
8.38947 2.84351 1.02370
9.96595 1.99360 3.98885
5.94841 7.74118 7.00055
1.50040 2.40609 1.33819
8.31158 1.45036 7.95584
2.65928 6.62484 9.51993
3.84686 8.74594 9.41333
7.58171 8.00444 2.89668
2.21181 9.68445 1.52486
3.20264 2.77612 4.83925
7.69915 4.73704 6.55721
7.77741 7.27414 9.22723
8.16588 1.69857 1.53117
9.72070 2.29404 9.00912
1.50264 4.49076 2.51339
8.32217 1.44041 6.42379
7.38119 4.84360 9.69873
4.98922 3.71732 1.00377
5.00004 7.68044 1.17165
4.73081 3.86209 7.13450
4.10531 1.56125 1.05621
4.21724 3.10295 9.66804
6.44492 6.48069 6.51224
5.38779 7.84362 2.92352
8.66192 2.77188 8.69512
8.08548 3.63323 9.64262
6.93182 4.84108 6.63957
1.49114 4.40359 8.17000
8.97823 3.01509 2.31944
8.94947 2.66109 2.87946
5.75343 1.65361 9.91474
1.62193 7.25688 8.86107
9.57585 8.64971 9.97963
8.26091 1.06191 3.85026
3.10104 4.42363 2.74171
8.00266 5.57126 3.15754
9.48916 9.55073 6.39383
1.33141 7.63558 5.90083
9.45954 5.70364 8.91576
7.11308 1.14140 7.96477
2.47367 1.56757 2.11486
8.75119 5.19338 3.45081
6.54960 6.67132 4.17578
6.11207 9.57219 6.27241
3.48141 2.62990 3.89009
4.29019 1.68383 9.56346
6.16973 5.80659 7.49869
6.49334 9.78132 1.28526
7.67630 2.98798 8.24338
6.73327 2.52528 2.43783
3.98675 3.85372 6.05062
2.34234 9.22103 5.87003
6.75801 4.81405 6.19256
1.65219 3.18912 8.22295
9.34115 5.00239 8.35037
6.40175 1.43548 2.19718
9.78230 6.44177 1.31083
9.81877 8.94200 1.21416
6.10406 1.78183 1.28101
9.06608 7.15799 5.65204
3.47079 3.02778 6.15685
3.29516 7.64666 8.87013
1.61146 7.69649 9.58245
5.15556 5.58953 3.35665
5.42990 9.84853 1.07072
7.86504 4.73812 7.87384
3.61264 6.00141 1.75438
5.96127 1.19355 9.41056
9.76110 4.87483 1.93229
9.18339 7.49682 7.84376
8.80155 6.73353 9.53207
2.66092 5.96367 7.58954
6.68096 6.14242 4.10050
4.06917 2.56399 6.35834
1.87267 9.32632 3.75696
5.54690 8.27759 7.34753
7.27690 1.99010 7.88062
8.64371 5.78377 3.30197
5.28074 4.55824 5.59770
4.39468 2.17922 3.72175
9.17608 1.51925 5.62385
4.49579 5.51093 6.40756
9.59516 1.53693 7.30497
6.67692 4.22508 9.96050
1.37488 3.10149 5.39835
9.15894 2.69380 3.80041
4.21222 5.28011 6.20435
3.26695 9.20554 9.67327
8.42169 3.88682 6.89886
9.50341 1.51860 6.84880
8.40164 5.19863 8.63223
6.72293 1.19778 1.64603
2.51733 6.17066 8.70259
7.09428 9.66599 4.30586
6.31111 5.23476 8.07757
9.29693 8.71191 9.83084
6.32200 4.72324 6.24885
9.21953 3.85794 8.87821
3.28445 1.28412 4.38140
5.23181 2.75150 7.76795
4.39466 5.77960 9.25229
6.64400 1.03487 1.12418
5.36212 5.86682 2.40516
7.81383 3.21023 8.12026
7.61376 3.90902 2.40707
2.46299 6.64721 4.47689
6.71287 7.82314 9.92460
7.05642 6.60332 5.40144
2.67043 1.31255 5.60460
1.80231 8.98367 7.38226
6.02437 9.83132 7.38578
1.60362 9.95631 1.82693
8.22963 3.79058 5.62297
5.97304 8.27777 8.27873
1.46685 1.60226 9.86919
6.55853 3.80399 6.64785
3.48596 9.96527 2.80884
1.76615 8.38822 9.25105
5.87657 5.61923 3.36019
3.88077 4.83328 1.11162
7.20523 3.62877 5.02503
4.53890 9.37408 2.46136
1.02340 2.59847 3.07416
3.46554 8.12637 7.22556
5.05476 9.72727 3.36312
2.94948 8.39918 5.96518
6.73813 8.50529 6.90253
6.53576 2.87220 3.89850
2.36154 5.89877 1.46151
8.14887 4.98625 1.82771
5.11477 1.26325 7.72256
6.43168 5.39323 8.74288
4.88844 3.93699 8.23908
7.00835 7.40409 7.70461
5.84062 9.47793 6.17847
9.81998 1.64659 1.46813
4.47513 3.71780 3.51855
2.52226 7.09667 4.03058
9.93709 2.00104 9.87103
5.10264 4.26300 9.12867
2.74652 7.20694 4.97957
2.37651 6.10314 7.61834
7.21324 5.20137 4.75534
9.22751 3.10629 2.72622
3.68803 6.82550 3.51415
8.82894 6.50488 8.00358
1.74820 2.53846 4.81545
8.78990 5.04491 1.00077
2.75386 2.77672 7.83810
9.26981 7.89659 8.51984
5.13815 5.09057 1.98190
3.16618 6.31674 1.40201
9.45515 5.91081 2.82027
8.89116 9.60021 9.26557
7.17244 6.72512 5.51260
8.10658 2.62426 8.87330
9.35934 6.79388 8.15739
8.27630 9.87513 5.19670
9.41468 1.33725 4.67112
9.50097 7.19105 1.72500
5.36890 1.55499 7.38778
6.10991 1.65072 6.57349
2.16868 1.90982 9.86429
4.12773 9.94425 9.74883
8.27469 5.74791 5.39849
4.82733 7.82794 3.21818
2.25275 5.77785 4.62325
5.67131 4.33081 5.44164
3.89090 2.15422 6.57723
3.38746 6.62829 2.31724
5.55901 4.64334 9.78877
9.12582 7.60821 8.17488
2.89133 7.32094 9.19360
8.54797 4.74123 2.89325
3.92467 6.10008 3.18243
5.70349 4.05017 9.67930
1.46687 3.86431 6.35902
1.27943 8.61673 6.19773
1.00649 6.73653 5.62803
1.07590 6.58544 6.98911
4.21169 6.99291 2.03444
6.17112 6.07017 5.14299
8.52201 9.20279 4.14172
2.28847 5.05146 7.10087
1.86918 3.44395 7.76887
5.93377 3.12855 9.27858
9.37089 6.17841 1.30940
8.42329 2.97804 6.02097
4.02629 9.97953 4.39538
5.58384 5.20158 9.13691
2.57472 9.24338 5.80275
1.52484 4.06763 1.77023
8.64163 1.91574 8.45842
1.84098 2.15621 2.03023
5.96318 1.93656 3.77563
4.63764 8.58873 4.34197
2.89296 1.09764 7.23793
7.05793 4.12723 4.14793
9.26887 4.45992 4.48569
9.99273 9.03277 2.09760
7.32051 3.24165 1.98312
8.80437 8.36629 6.09702
6.38568 6.43724 6.86513
3.68468 7.75618 1.50460
6.47834 5.00650 9.61614
2.47024 4.20076 2.50585
6.48201 6.39200 5.16467
9.32804 6.18606 6.75612
2.76732 7.56492 6.61763
2.59290 6.84404 7.32565
5.32325 7.41701 3.20451
9.17167 7.75566 9.48199
6.25517 5.56822 3.90247
7.97527 8.42653 3.00431
7.32922 4.47366 4.50795
6.34528 7.12078 4.75656
2.47813 5.76992 5.93231
5.62306 1.07692 3.19658
5.19877 1.86563 4.27447
8.87226 8.59858 3.45842
2.89636 9.83171 9.03618
3.12134 3.66294 7.75783
9.84915 6.45740 6.60805
9.08430 4.67431 5.75065
5.27662 6.37061 2.53889
3.55631 8.70313 7.66909
7.97930 8.86695 8.12764
9.81091 8.73445 1.72356
5.43771 2.63486 1.77389
5.09014 1.32893 9.86256
1.50465 7.84820 9.31403
5.65435 9.00476 8.80134
3.70484 5.44295 1.60069
5.93274 2.34142 5.74628
1.14399 2.87727 4.82299
3.96097 2.08483 6.62875
8.59469 9.56098 8.87778
2.88777 7.41811 8.23441
3.26275 1.94622 6.46654
1.78247 6.44732 8.28840
8.35858 6.57308 3.89473
7.98706 4.34844 6.27722
4.30575 2.45098 8.75122
3.81545 1.70429 6.33736
2.27571 3.69448 5.33051
6.36772 9.73221 8.67616
5.83692 3.97463 1.62500
7.85693 6.89716 7.46838
2.10581 9.97997 8.54484
3.64934 6.41800 4.92851
8.13921 3.83047 9.60213
4.49892 2.66022 7.29214
4.16418 8.73611 4.96540
6.90194 9.40850 6.22747
3.82934 7.14093 6.90274
7.74616 9.57360 7.44168
9.00455 1.04328 3.23135
4.57521 7.07219 7.31913
5.43394 5.52151 4.20954
3.23626 5.26271 9.73217
4.93855 5.89616 1.66402
1.41201 2.77830 9.79812
3.48028 7.73365 5.38618
1.59081 5.29474 5.53832
2.43822 3.88534 1.72171
8.73589 2.56948 8.66124
2.35997 5.95804 1.19497
7.22633 3.93052 6.56724
1.67274 3.54210 7.48671
7.91147 1.23540 4.80808
1.05627 4.62907 7.28779
3.14992 2.23725 7.03947
4.48626 4.29236 1.21738
4.52428 3.82843 4.47742
6.07492 6.29192 5.23527
3.43958 5.09090 1.96107
3.37746 8.59186 4.97463
8.37475 8.67365 9.38603
1.70191 7.27452 3.96613
8.44801 6.23992 4.31722
9.96151 6.46299 9.73297
6.78775 8.58219 4.33132
1.66953 8.74297 8.37170
2.90360 6.37422 2.31639
4.69365 9.00259 1.07118
1.95210 4.74165 1.67240
1.08437 3.27211 1.66888
3.92547 4.18861 9.65689
4.75005 4.70116 4.02602
5.47305 3.98395 2.08696
9.04011 8.63358 8.37227
4.84951 6.34364 6.41604
3.76998 2.69940 2.88435
6.81127 8.53386 2.26599
8.54073 2.50984 1.88929
8.95169 9.99771 9.33257
3.01825 8.26262 8.61992
3.38604 6.32189 2.54561
7.84495 7.27605 3.71911
2.22715 7.12786 3.14227
9.04602 5.23713 7.47990
9.28439 7.36647 3.22567
2.99990 4.49890 7.04665
6.86285 3.04748 9.95545
5.93163 2.88322 3.87699
2.32429 6.06874 9.30661
9.81234 1.81879 4.31485
1.24974 8.06062 7.66000
2.78010 8.21541 7.17567
4.48290 1.82322 2.14742
3.58472 5.78885 3.12625
6.43254 8.90080 5.49537
4.68810 3.10181 6.56263
1.14579 5.53555 5.31891
8.07146 5.97607 9.88997
7.00438 4.96587 5.73048
6.82443 8.57016 6.41905
1.13317 4.38123 1.32870
5.28389 7.63683 3.83848
7.48307 2.07996 7.77104
1.26392 1.38980 9.26707
1.07338 3.82194 2.67625
9.43399 7.44537 2.13168
9.89251 7.41319 2.60598
5.01530 5.04168 9.99173
7.36549 8.68318 7.73866
7.69703 7.62427 6.93743
4.58533 4.20941 1.81161
9.54053 1.86954 7.87497
1.51387 3.80488 7.76183
9.76234 3.61255 8.62766
5.31454 2.61240 1.32166
1.18742 3.76680 7.41685
8.49564 7.44502 7.98236
3.90446 7.75455 2.96959
6.64551 5.18965 6.97581
9.33239 6.97972 9.77200
9.05078 4.18829 8.73330
6.16533 4.48370 2.84133
7.33776 6.09224 8.41159
8.06666 8.31771 5.41595
1.25618 5.49942 1.77627
2.32848 3.09264 3.18893
6.18594 4.12827 1.48022
8.12315 3.96356 1.01155
1.65275 9.86110 5.06944
7.28515 8.96592 9.33805
5.58683 1.08373 5.77741
2.00873 7.58835 7.50893
2.01582 7.73886 9.55252
3.60719 5.01562 8.70442
9.55054 6.94597 6.38441
5.40422 4.79073 2.98530
3.46584 5.37300 3.10119
1.56475 4.26122 4.65370
2.18606 3.23347 1.13961
8.37340 6.51149 2.24993
5.28541 8.43758 4.90359
9.51836 9.39077 2.41988
5.51813 9.15747 2.19936
2.06767 6.27986 6.55819
5.38433 4.20553 6.45157
2.31736 5.50611 8.23142
1.08117 6.81381 9.68590
7.70673 2.99798 1.26635
2.03457 2.52888 2.72908
8.82678 7.35541 7.92515
8.69227 5.36409 9.01336
7.45809 6.50638 5.28705
6.88755 7.42916 9.73613
8.70758 7.88055 7.52916
6.30687 5.68354 2.43747
4.86887 4.69306 1.79589
5.78765 7.61800 8.77899
7.85501 4.20330 4.86106
3.00510 6.18753 5.50178
9.53854 1.32121 8.87649
4.43395 4.53154 7.55974
4.33397 2.30863 4.79257
3.04737 6.34278 1.11034
1.88079 5.57412 3.75489
6.93151 2.02784 8.47439
5.81317 6.14698 9.97683
7.03594 4.09443 5.59119
9.23141 4.76586 4.59174
9.05943 3.90376 3.90192
3.47156 4.28588 3.19147
2.94577 6.83744 4.37748
7.61109 7.22269 3.35496
8.10818 5.58144 5.16194
3.71068 6.64406 4.06345
9.68952 8.62848 1.05764
6.93391 9.68434 5.41526
9.61929 1.82289 1.99238
4.35208 7.62055 1.06171
9.14354 7.59076 3.63826
8.95719 1.84712 8.13111
1.53378 5.31588 8.78824
6.57790 3.50072 1.28709
1.49415 3.82370 1.75903
5.97021 2.03815 1.96794
2.23181 8.93663 9.51325
5.10914 7.30574 2.26810
7.10372 7.71164 3.02388
5.78491 6.06757 7.11164
4.27624 3.80142 8.56821
8.73154 8.56834 9.72169
9.89656 3.95283 1.59959
7.92109 3.50934 5.55758
6.67064 8.56216 8.25354
7.09352 4.81287 1.18630
9.90471 3.06709 3.09925
2.19663 9.13317 1.39393
6.13640 2.41835 4.29828
1.99244 8.83172 9.82089
3.46184 9.28305 4.23121
4.89592 7.13541 6.43607
8.28584 3.03995 4.12512
6.80045 3.03837 3.98120
1.16405 8.33431 4.01867
1.43743 6.00515 6.12826
2.07925 5.07040 1.70193
7.43265 3.04007 9.96620
4.31555 2.54688 3.54740
2.17617 6.87675 8.63947
9.23200 7.76617 7.32892
3.88056 9.55761 5.08993
8.73792 2.36729 3.95674
8.73460 6.75086 8.86747
1.86024 4.32107 1.87317
7.26264 8.93577 9.95572
2.94058 4.41369 2.21013
3.80111 7.20715 3.95023
1.92500 6.84416 5.71758
1.21765 8.84861 7.53209
5.81098 9.85540 8.09923
6.90108 6.89286 7.64280
6.83414 9.97607 2.83532
6.10534 5.67098 1.06474
7.82623 1.99445 3.53439
3.73071 8.66209 8.70500
6.94346 5.28354 1.89824
9.98716 8.98630 9.89493
8.98826 5.29984 8.59897
6.90163 9.83944 2.56938
2.40705 3.95835 1.46150
6.09622 1.14851 9.00958
8.95304 1.37453 9.53974
6.86819 2.38927 7.27538
6.02094 6.90560 9.26057
5.40726 6.21805 1.03727
5.62774 9.46893 9.21047
5.29495 9.44282 2.88780
6.66131 4.78211 7.28273
6.99783 8.29515 7.29592
8.76653 4.33339 3.90623
1.60380 5.05398 4.49452
1.36397 5.30795 8.27312
1.42362 7.03639 7.27431
6.85450 2.40430 4.02811
2.04253 3.28590 3.58707
3.32867 3.87894 7.33203
9.74385 9.51773 4.68770
4.24043 1.99429 3.00136
4.50748 6.82125 4.92001
2.10085 4.58386 8.36941
7.53017 7.01131 7.28916
7.83224 7.48380 1.91743
3.40005 3.48974 1.16916
4.78436 5.87443 6.53810
8.29268 9.49708 5.81092
7.81194 1.65762 4.63434
7.21429 5.52945 1.26464
7.45199 2.46774 7.99514
4.20233 1.29922 5.13752
8.30808 9.77682 5.52810
6.69365 4.97978 3.93183
9.50852 5.93660 4.48937
1.84121 5.58242 9.49903
7.03581 7.61928 4.99701
8.49781 8.19685 6.16966
3.46456 2.12208 9.22420
3.78774 2.46056 7.26029
1.08116 7.67149 3.80868
4.95733 5.72892 2.21598
4.53558 2.41740 2.54667
4.05184 4.98443 6.50979
2.24701 3.84375 8.36661
8.75818 2.17525 9.61306
6.36368 4.23950 1.47862
2.99843 7.24716 7.86067
8.01653 9.16260 1.29499
2.03990 4.40182 7.32485
4.46693 5.92095 5.07965
5.55562 7.47112 3.78933
3.16533 7.51000 1.77232
1.41064 3.01373 6.88522
7.93096 7.48233 1.86873
7.31129 2.75462 5.39965
7.67771 2.82723 7.32965
6.53947 2.59491 4.05555
7.27226 5.59642 3.08885
9.14665 3.84304 7.04225
7.04261 2.58062 4.93448
2.55738 3.07234 9.71068
4.55291 8.81977 5.76697
2.45902 5.18120 1.83385
9.45413 1.39680 9.22891
1.44993 5.58451 2.56278
3.30514 5.16267 3.80517
8.57488 6.19539 3.19327
8.35827 8.36211 5.62723
7.12642 5.24977 4.73184
7.03840 9.56098 8.41261
5.40960 4.42098 4.70251
7.33723 5.07019 7.79762
6.82806 3.88653 6.94171
4.53377 1.84714 6.12103
5.45631 6.09242 9.87953
9.48184 5.01167 6.18474
7.23204 1.05589 2.72135
1.26721 7.43429 8.68316
8.29334 1.12266 5.77245
5.54912 4.31505 9.63590
1.62870 1.13794 9.72533
1.99373 3.11737 2.00123
6.89900 3.99716 7.85267
3.57286 2.91755 9.30325
1.78983 8.37980 8.27233
7.36789 6.95896 8.17220
1.71890 4.16301 6.86397
5.75797 3.42515 2.28007
8.63261 6.61827 6.23390
4.34204 5.67504 5.43904
8.82817 5.54609 9.50583
6.49316 3.62066 9.04801
8.53027 6.64645 5.30042
5.47576 3.37803 2.57034
8.27590 9.08953 9.71306
8.08657 6.97767 7.04796
8.80529 4.20563 3.24492
9.66256 2.75020 3.28429
9.39113 3.82991 2.62539
9.90917 3.62150 7.94100
1.54851 4.06396 7.56489
9.36368 6.86061 9.95692
2.01075 3.19587 2.63402
2.81070 9.55707 9.36029
2.94258 3.19109 3.34648
4.38675 9.37533 4.45024
2.65373 8.30645 2.22424
2.51273 4.68090 8.70449
7.17153 4.74935 7.45583
8.89415 1.16979 8.47091
6.29391 5.92835 1.95795
1.29866 5.85351 4.86066
1.98477 3.20345 8.81468
3.45082 5.48691 8.14563
3.20862 4.60006 7.35524
6.60410 5.54112 5.00855
9.69191 5.92434 5.06928
2.44773 6.46293 6.84994
2.87148 7.88449 6.99930
7.27654 4.31810 7.66289
2.04883 8.39770 4.31972
2.45181 9.17933 5.86526
8.77128 8.18271 1.31775
6.33558 3.35959 8.40802
8.86182 7.86768 4.87184
7.79945 8.37106 7.33060
9.44911 9.58303 1.36961
5.16727 5.83879 1.62956
5.10795 4.26197 6.01146
3.87622 9.36820 9.57745
1.46504 3.38023 9.82019
3.75233 1.54264 5.70394
7.29132 9.10009 7.47383
7.62457 2.54790 3.26667
3.51397 6.31033 5.12105
1.81792 8.59760 4.11943
6.29768 5.22966 5.47039
9.00066 2.72835 9.58859
2.78305 4.66521 5.64229
6.82869 9.66188 5.06116
7.88794 4.88253 2.34639
2.36324 1.53293 4.81282
8.50864 9.33275 9.83338
4.57444 4.93446 2.96518
3.61575 4.40224 5.59458
9.50278 3.10242 9.22138
8.70607 3.43340 5.85763
3.26938 5.58585 5.44558
3.08728 7.53523 8.43957
5.73356 8.32407 2.34008
1.30105 9.95619 6.68215
9.45976 9.41559 4.86670
5.30985 6.10222 9.75233
1.19583 8.92477 8.75406
4.27156 7.95197 9.45140
4.56754 7.30585 5.31006
6.44986 7.64421 5.63451
8.62451 1.66879 8.63336
8.06435 1.13903 7.51176
5.76239 7.90592 9.54842
6.39301 4.25132 9.50279
7.74269 8.41082 8.58253
5.97581 8.67913 7.71615
5.37073 7.39554 6.85251
3.58704 4.38015 7.36825
1.10632 8.00305 6.73771
1.27975 3.66093 1.87146
3.97915 4.41240 2.39249
3.47037 5.30756 6.43446
6.07807 2.44224 6.87380
1.78402 8.41912 3.24683
6.64473 7.24502 9.53107
4.12668 6.09453 6.08528
5.00900 4.32308 1.46107
6.40595 5.93917 8.66178
8.94947 3.84646 6.27004
2.64420 4.91887 7.55141
9.96434 9.53238 8.67618
2.58210 7.33529 9.27500
9.96933 3.16495 1.91169
7.52154 6.52661 7.83422
1.25977 5.28387 4.89627
7.81940 6.14181 9.13558
2.57377 7.80848 9.95056
8.11673 8.03731 6.26174
2.75143 8.87050 8.64866
5.52081 7.94658 5.59572
3.16105 1.89903 2.43380
9.46414 2.32775 7.41847
4.85014 1.55398 3.98617
7.06205 5.37864 7.27299
1.15569 3.06159 1.26272
1.82942 8.78647 3.78232
3.26241 3.10106 5.79996
1.03259 5.10246 9.30565
5.81988 1.60504 7.02298
6.85613 9.19697 8.16662
3.77037 6.48322 4.99815
2.19902 3.82276 1.19700
8.70238 6.04215 4.54023
3.88651 8.16507 4.31266
1.32108 4.99742 8.09029
8.50853 3.72534 4.72329
6.22048 4.74612 4.47715
5.86340 3.79599 7.70260
7.74756 5.13233 6.71318
4.87687 7.17305 5.98967
9.56223 9.35054 2.93414
5.06531 5.22306 4.30282
6.78811 3.96180 4.46640
7.01706 3.47147 1.89804
5.63667 5.15103 7.30956
8.02995 9.73354 8.94885
5.41872 5.53177 3.33939
7.68449 6.99815 2.63266
9.07762 2.16304 5.55599
7.10273 8.92744 9.29752
5.76452 4.46997 9.14173
9.33728 2.32109 3.35692
9.55803 8.69126 7.58816
2.03389 6.58849 6.96933
8.39672 3.51771 1.88059
5.32471 6.94535 7.55825
9.01134 2.84044 2.12411
6.46880 8.06296 2.10965
3.63502 8.38087 3.51280
1.09663 4.38191 6.08563
6.80826 6.29829 6.24016
3.84033 9.32816 9.02631
8.79622 4.13461 4.07857
7.72549 6.18779 4.65867
1.89197 8.03172 2.69134
5.81169 5.06836 2.64184
5.57610 6.08948 2.88856
6.57045 5.01919 5.94968
7.17971 7.07585 8.78241
6.46418 6.02992 2.12530
7.76174 8.40744 4.45416
9.34475 9.30528 8.94593
5.87707 2.88276 6.39662
3.86141 9.23316 7.53750
7.36733 1.32971 4.33842
4.35304 2.89021 7.69097
8.77159 2.78599 8.72553
3.37093 3.19696 1.26590
2.99311 8.68073 2.59675
2.79894 2.21383 9.14180
4.02185 8.83674 5.09602
6.01884 3.46848 1.70040
6.15685 7.96476 2.03949
7.03304 2.15069 9.51553
5.85740 4.23394 5.72516
1.11620 8.35373 8.30497
1.83691 2.70277 3.85954
2.66567 8.96366 3.63893
2.28646 2.38311 1.84761
3.51317 1.89146 8.17779
2.63789 8.86549 6.64157
8.80616 1.48167 8.01944
9.90364 1.69151 1.53290
7.11628 8.36530 1.04456
9.51602 3.18447 7.63066
6.78293 3.63014 1.59940
3.68998 9.48082 3.35684
7.92506 6.65364 5.48050
3.72967 5.96983 5.84767
1.37372 4.34686 6.73619
3.81413 2.34924 1.19877
1.16567 9.37436 2.42237
9.21874 6.51395 5.61012
3.09242 9.43083 2.35628
7.21938 4.31239 7.92921
8.70616 5.94481 9.76335
3.79314 1.51042 5.23734
8.42284 5.92618 8.02598
4.07879 7.05354 4.99381
4.25173 7.69828 1.21892
4.28312 3.37534 6.03018
3.10844 2.33849 1.03080
5.09242 9.48753 8.08027
7.87483 6.72353 7.80826
4.59923 1.08888 4.10131
4.14177 6.61492 2.80691
6.13588 1.72015 7.64344
8.95598 4.11841 5.41465
5.22266 5.45020 5.69969
9.56847 8.50747 7.34933
6.05212 8.96926 4.56364
3.55545 1.37931 4.40815
9.68264 1.20174 9.44861
8.79341 6.58686 6.76239
3.24623 2.29342 6.58159
8.81434 7.03215 9.75794
7.70362 6.99326 3.95582
7.93611 9.52018 1.05769
3.81781 2.76523 3.02866
3.11561 2.71550 2.27502
1.77714 8.87458 9.94922
3.51977 8.43201 9.53202
4.42673 1.73742 2.32999
1.18766 8.72739 4.92985
5.77251 2.19595 2.55826
1.15357 7.99345 1.99384
8.23577 4.43115 2.99866
5.96897 5.43502 6.69091
6.02669 1.27418 3.11227
4.15786 6.47623 6.02141
9.91234 5.24070 4.19894
6.38193 5.62028 2.45636
8.45502 6.82165 3.02920
1.42504 4.10723 3.18621
2.47343 7.54636 4.88532
9.72539 5.48674 8.55994
7.70446 6.45518 7.00982
8.52342 2.61041 3.47233
8.91234 2.72081 1.91616
5.71113 8.47830 3.12984
3.02345 4.22886 8.40996
7.91055 5.02499 8.75752
2.97346 8.40715 9.10290
8.57883 5.38238 4.23861
1.97787 3.86692 2.41024
4.95621 9.02587 2.10394
5.48690 8.46918 3.69656
4.85564 1.44112 1.83285
3.57570 7.58815 6.70745
2.58728 7.78581 3.13090
5.61004 5.30036 3.47360
9.93081 3.81107 2.13048
3.66003 8.43555 1.19766
3.34242 9.82804 2.77346
6.91064 4.68608 5.09093
8.12194 4.25674 2.34455
5.91703 7.21040 9.56727
2.72325 7.04151 4.85056
2.82681 2.04700 2.92521
2.21268 4.17332 2.63794
8.07425 9.82823 1.93682
5.24690 9.74297 9.64042
8.21433 8.18081 9.06405
9.91132 5.95558 1.64700
6.89881 2.53423 3.10616
1.80288 6.41163 9.63028
5.42886 6.07824 9.13343
4.91842 7.21570 8.89067
6.23694 6.30085 5.71828
6.81756 3.98485 7.62881
9.51699 5.26158 9.35049
1.28042 5.21117 9.80732
6.21770 2.88857 4.13865
5.65549 7.71017 6.15615
8.71423 7.55105 8.65134
4.98049 5.34518 2.96657
7.01417 2.95265 7.81339
6.84667 7.83904 6.26617
3.21057 8.62901 1.25253
3.09137 8.46874 7.90342
6.29942 7.40240 5.65340
9.11124 1.92141 9.18063
9.69585 4.72881 4.96366
9.10167 6.40740 4.41345
7.91048 2.40509 1.08260
8.89663 7.82925 1.37132
1.43697 2.75192 6.88024
1.39555 4.28463 3.58757
2.98329 6.73168 2.73187
7.52468 3.71511 7.58143
1.27609 1.61771 3.13921
4.65911 4.34919 6.39895
4.91785 5.10976 3.38823
4.12727 8.30649 4.32760
5.06015 9.34941 6.22417
1.97540 9.97763 7.80440
7.99074 4.96538 2.84042
1.36866 1.41031 1.35978
8.00035 8.15169 2.94055
8.99194 7.72648 9.95198
8.27210 6.32260 7.51128
3.93331 8.72281 4.72335
8.02394 3.37193 5.21950
2.18049 2.63488 6.44878
8.16962 4.89941 5.02292
5.00405 3.45998 2.32388
3.17198 9.47218 4.43067
2.67940 3.23485 8.58865
1.54882 9.41972 7.49240
4.77102 4.95488 3.51381
4.04061 2.37913 1.06763
6.88472 9.18602 8.81429
5.41889 6.91129 4.02041
7.25448 7.83478 7.99637
9.18328 5.85565 9.46952
1.56212 7.15001 5.71361
6.94434 9.11259 8.83438
2.83522 1.60820 4.86671
7.91269 9.36438 7.82491
7.40513 6.36413 3.79190
8.93483 9.36019 7.09044
1.91757 9.82248 3.80922
7.61347 8.35235 5.63727
4.86399 9.76951 6.53296
3.96330 1.54169 4.99071
5.48883 8.74903 1.74437
8.37166 9.01557 1.39246
6.50469 9.89607 5.56732
4.58358 8.00087 2.33266
2.05201 5.45323 4.25379
1.10933 7.14412 5.43726
1.49902 3.29867 1.58572
9.97610 6.60161 2.62720
3.02270 7.62940 6.56075
4.50266 8.04045 9.63398
9.86060 1.77614 8.91728
3.20018 1.50925 5.06606
4.48349 4.50743 6.94317
1.98312 6.46865 3.17050
6.83745 7.11504 3.25219
3.66144 3.59899 2.15608
6.39260 3.40623 1.28175
5.60804 7.70259 9.67343
1.31454 8.46813 8.27379
1.43842 2.93163 7.93654
3.06767 2.46976 8.31751
5.37121 8.88588 8.00800
2.78143 4.37960 8.00237
7.00201 6.03790 8.09992
1.04274 2.89208 1.06974
1.74835 7.10755 2.41393
4.95258 2.57812 4.06852
2.06865 7.18609 9.26273
9.77307 4.47562 5.01347
4.86487 5.82175 9.91874
3.98336 3.46697 9.35269
2.99859 6.10864 3.36686
6.51507 5.44710 2.76926
8.59350 8.12547 1.19823
4.71063 1.14485 1.30998
4.36423 1.91889 1.44591
7.24970 6.73236 9.00345
6.18003 1.32340 6.35447
5.21915 4.26326 9.79731
2.81841 8.87805 1.24001
7.64158 3.68752 6.29535
1.63942 4.11648 4.75148
6.93617 5.46325 3.20007
8.27766 2.93436 6.28553
7.84047 2.61043 1.75180
6.87975 6.21218 8.36523
3.34816 2.54948 5.06125
2.11120 4.23869 3.70172
1.69170 9.51741 5.31684
1.18025 3.04974 9.37811
3.98318 7.71561 4.15702
6.02405 5.05465 6.87587
9.78535 3.33450 6.64734
7.01983 4.89868 1.10499
7.56253 9.59945 9.51764
5.38279 4.52129 5.04296
6.16683 5.46362 3.35406
5.53925 7.38294 7.63820
4.91210 8.03256 8.35473
6.59104 8.63992 5.59722
4.32574 3.09367 6.10061
4.63602 5.33151 3.46307
5.96087 2.62238 5.00308
9.57872 3.67889 4.18934
5.78449 2.68262 8.66581
2.38360 6.30941 3.00498
5.39170 2.40148 7.50304
6.61154 8.37682 8.72996
9.57224 2.90053 7.98564
6.86324 2.02501 4.99999
4.41414 6.33650 2.67706
2.39648 1.45608 8.71772
1.97621 5.17376 6.79960
2.57406 6.02786 5.25139
9.19819 1.61172 5.39081
5.41124 4.44763 3.13327
8.47514 2.49184 9.87162
9.98867 8.91342 5.58587
1.71613 5.24182 1.95827
9.06473 9.98402 1.68652
6.16712 1.59922 6.01206
7.94568 2.42738 6.88444
2.21254 2.79972 4.58503
6.29873 2.75036 6.06474
6.08687 3.01235 4.40570
2.50469 9.00857 7.37445
5.82287 3.93076 4.38025
9.98491 4.03417 4.18626
1.16234 3.85985 5.27044
3.48735 9.04269 7.92560
8.25308 4.84766 3.92825
1.33524 5.32169 4.13250
8.40094 3.53868 3.08387
8.21425 7.05630 4.89560
7.54707 6.32117 6.51202
1.21660 1.74612 3.78461
5.87887 6.91123 2.70613
1.94949 5.06273 9.41265
2.27096 2.86940 3.35910
4.99675 5.36628 3.65714
8.25462 3.56401 2.91029
1.57211 5.37127 1.55362
6.69527 1.16049 3.09953
2.44774 3.65307 2.15385
5.50366 2.06163 9.47713
5.52548 3.41047 9.87631
8.30072 4.85910 7.47270
2.08510 7.88600 4.69767
2.09404 2.43733 1.20613
4.12365 3.51360 8.08104
4.37167 1.18762 9.99740
6.77935 3.12477 8.77062
6.22890 1.69385 1.92572
7.18922 7.77728 6.44930
8.63679 8.61878 4.92294
2.34226 7.13114 6.17787
8.56592 7.52799 5.91622
6.12133 8.81350 1.23828
4.82710 6.11790 9.38753
2.49252 4.56334 4.88337
5.97749 5.65394 4.77377
6.54568 5.34208 8.74976
5.16189 4.42499 1.49284
8.29755 9.14844 2.58421
5.75299 3.37317 9.45514
6.52807 1.76626 7.31487
9.22504 4.20557 5.66545
6.00916 6.26412 5.63288
8.03274 4.79051 6.07489
7.28111 5.91419 2.23736
7.78839 7.17741 7.56109
8.79464 7.99623 3.55820
6.97061 6.98822 1.81025
3.13983 4.86802 1.33218
4.15751 3.81095 9.31122
2.91966 7.21052 9.25685
7.68099 7.93125 2.81719
7.69418 6.30392 1.08135
7.01131 5.26601 9.93170
2.01830 6.85996 3.22539
1.00201 4.43324 3.37009
6.19128 5.27516 5.77245
3.73090 2.19595 5.20324
5.90766 3.75774 7.84442
2.77141 6.94923 7.04877
5.30840 4.32754 4.13671
2.39892 3.78228 9.27824
3.44935 6.48195 5.60906
4.71376 8.37375 9.32159
9.29659 1.24814 5.47107
5.98958 4.09727 9.08646
3.43271 2.54823 8.02293
6.89040 3.47084 1.04140
9.50966 6.05102 9.06640
8.27971 2.46971 7.33909
1.44173 4.97433 6.78636
7.67659 4.01484 9.21060
2.87412 7.89660 3.56437
9.39851 4.80627 4.28927
9.36871 8.34942 8.56764
1.46657 9.54894 5.55204
2.72524 7.09430 8.32429
7.13440 9.62509 4.64473
9.46852 8.18608 5.03252
6.74990 4.28364 8.96604
2.31694 3.44438 1.05414
4.18084 9.03307 2.18385
6.92291 5.91312 9.16171
4.40020 6.25686 2.81879
2.58242 1.99214 3.90156
4.10449 1.53226 5.21494
8.86842 6.14509 7.74523
3.23466 5.22598 6.35909
1.25056 2.13401 5.38352
6.06364 7.54713 7.06544
9.84068 2.83510 4.35725
9.82368 6.60896 7.20639
5.53693 3.44964 3.26984
1.42081 7.51391 9.34048
2.15779 1.63576 6.91680
4.46748 8.53465 4.46799
2.74333 1.51739 2.80940
3.88821 9.00448 3.62822
1.44001 6.39556 5.42051
9.35005 1.44305 1.85999
2.95108 9.53459 6.76641
7.53031 2.74746 9.28222
8.65530 4.64215 8.00622
8.87298 9.85788 9.98369
8.64877 3.28102 2.89411
2.64502 8.53947 6.77802
6.86717 6.61917 7.86062
7.19258 5.41570 7.29684
9.51238 9.92304 3.88563
7.09567 3.67033 7.77210
9.53012 8.46850 2.04790
6.29178 6.33717 3.48151
7.53273 2.32501 9.41081
3.90257 3.64421 9.51277
2.55225 3.54175 7.73782
4.09681 3.46213 8.09923
2.88649 4.17800 6.06999
3.82243 6.34567 9.23629
2.65179 5.91384 9.49538
6.71448 5.23511 7.25394
5.06831 9.41694 5.09099
6.48811 4.45986 3.74873
8.60883 8.10445 7.79258
8.27258 1.36564 6.16370
5.99200 4.08618 6.50528
8.88186 3.46505 3.13803
2.04266 3.92057 1.38627
7.41800 5.96029 8.96334
9.15666 2.03980 4.85547
5.52243 9.44081 7.26065
2.63152 5.35180 3.74325
1.39767 6.74200 7.58830
8.91262 8.33389 4.92911
4.38536 2.79585 3.58111
2.20183 1.84959 5.65248
8.67743 4.79076 6.81242
7.16748 1.35044 9.39828
6.34119 5.08901 4.31991
2.14292 3.66251 5.52037
5.60738 1.89636 9.01880
5.42116 2.15049 6.09921
2.45605 9.32464 7.20286
7.90042 4.70191 7.67972
9.69255 5.79150 4.14061
8.45931 7.27181 5.77988
4.28501 2.47435 2.74542
2.74975 8.36173 2.85141
7.38295 2.07112 1.60473
4.85042 3.01098 9.33689
7.47609 5.68812 6.12874
2.24150 9.72206 2.69331
2.75501 7.89938 9.53187
6.35068 7.78573 3.88896
8.91799 5.28899 7.22624
4.78209 1.78810 8.12894
6.38994 1.61608 4.90626
1.16441 3.53757 5.35825
6.81035 2.43425 4.23839
6.15428 2.81759 6.51999
7.57557 2.51091 1.07738
4.94739 9.40538 6.71493
1.61804 5.85983 2.31837
5.22208 8.36395 9.20790
8.39756 7.36813 6.66998
7.35430 1.81268 7.62199
9.42935 2.83769 5.02967
7.53987 1.43914 4.05802
7.98676 4.32202 3.79087
3.00837 2.54220 3.45154
8.44260 6.88917 6.03291
5.25313 9.87086 5.93257
3.92841 5.20597 9.56529
8.30655 7.10185 1.32817
6.61376 6.16043 4.65679
8.00080 6.97958 5.52327
5.72281 5.81618 1.61217
1.62468 5.65301 5.12168
5.91393 6.27861 6.85404
8.95347 9.20667 4.88919
3.11282 3.29637 3.98985
1.52692 7.94107 5.68442
6.02545 8.79297 3.12968
1.48977 3.88082 5.65757
9.01652 2.26133 4.19010
6.52712 2.35657 6.65688
9.67327 6.72579 6.45889
9.95520 5.58447 7.27261
1.33363 7.23789 7.97677
5.41822 6.64695 1.56625
4.05787 5.68237 8.17460
3.19888 4.75341 4.36840
8.33343 3.41963 1.01440
6.28178 6.58452 3.46302
1.74723 8.62140 3.19044
7.62918 1.41410 8.65530
8.32455 7.38661 9.92766
3.07088 6.96855 1.20400
9.07632 8.30819 1.14028
6.46217 6.21976 9.55191
4.32530 6.29401 2.18163
3.51841 2.54146 1.97871
1.48921 2.58106 9.28869
4.52173 1.77185 8.87470
1.54875 9.63851 7.20703
3.71817 3.44558 5.25050
3.23649 6.98551 3.94387
9.30404 6.68153 6.17871
7.19633 9.67098 5.53786
6.50335 5.45026 4.51282
1.22932 8.65881 5.24141
2.47687 6.13308 3.84247
9.34286 8.89053 8.86804
6.14246 4.28377 4.31765
5.59334 9.83750 1.47078
6.99561 6.90106 6.27343
5.37932 8.27490 9.92744
4.14126 3.62327 9.52873
1.02782 2.43192 4.91585
9.85960 4.39680 2.23032
3.53200 4.60946 6.72313
3.09168 1.76685 3.69624
2.07887 7.05426 2.72003
1.95597 6.59717 2.60040
9.32685 4.94538 3.92642
7.08302 5.23660 9.09948
7.56092 2.59048 3.65111
4.23182 1.38153 6.70467
7.13270 9.53113 4.10943
2.36687 5.24678 7.64837
1.80639 9.32075 2.65522
5.97644 1.32406 9.02485
6.00085 9.83286 4.35848
7.46335 7.61211 7.64094
3.26669 7.68252 1.99910
3.37384 5.66550 1.17279
2.64586 7.14802 1.23855
8.57297 8.52955 1.14934
1.29186 2.66145 2.65051
7.46883 6.38310 9.88675
8.25120 1.28626 3.33681
1.94964 1.27091 5.25598
8.99533 8.65742 5.53258
5.03779 9.01317 9.22333
4.26995 9.45335 3.94696
8.09814 8.43450 6.66020
2.92924 3.26844 5.44474
7.73224 5.16205 1.41388
1.79137 5.42054 7.21196
9.42647 6.36083 8.05506
4.35541 1.64197 1.89130
4.70099 5.46261 9.33410
3.68257 1.65363 6.41361
9.60442 8.23862 3.12776
4.93855 3.03362 3.09546
1.18318 9.13094 8.17606
1.97899 1.11532 3.02278
6.43658 4.33773 4.17913
9.30634 1.43070 3.68067
6.00450 8.85209 7.55221
5.42915 8.85596 3.22663
4.43701 6.83294 2.10775
1.56061 8.39666 4.69019
3.58107 4.54459 4.26359
9.64184 7.11758 6.85784
7.19145 9.84942 4.32530
6.45487 1.34257 5.82778
6.50131 7.80310 3.26382
4.42364 9.13799 2.63939
1.50930 5.72928 9.90037
6.71579 9.40915 3.07791
3.09762 7.00430 5.18761
2.90273 2.41826 7.50392
8.94873 7.94117 4.33289
9.33983 9.49406 5.19338
3.81370 1.43134 8.54741
9.21051 4.23318 5.14689
1.49782 3.11439 9.95491
2.07536 5.90954 2.19738
6.05055 4.46854 8.69162
6.60685 6.78679 9.68754
5.67972 2.40937 3.11908
7.87960 7.72963 6.31759
7.72891 6.73847 4.95778
8.25944 3.94663 7.31269
5.71970 8.65278 2.30658
1.46675 3.57208 5.23051
5.33289 8.94369 1.13312
1.90396 3.97423 4.04382
5.75171 1.44935 5.72416
1.10981 1.39466 8.97765
2.02652 7.27064 1.85723
4.63266 8.49312 2.24106
2.32443 5.69399 1.57802
8.46933 3.54797 7.88497
2.40317 2.27737 4.77230
3.38773 6.27033 7.31640
8.80462 7.29959 5.02360
5.37232 3.73110 6.68591
6.56032 8.48001 5.12277
1.58449 5.02018 2.58718
5.81096 5.93042 4.89666
9.07969 1.01042 4.51666
1.74469 6.53621 5.63509
7.45222 6.65753 6.79819
4.65863 7.10402 9.36346
1.13023 5.63985 4.50211
5.35703 8.81666 2.47799
9.81836 5.17051 6.14834
9.16433 9.87445 1.73596
7.65277 1.23975 9.15021
4.01301 6.67260 4.83648
9.20162 6.80617 5.82956
8.39333 9.77393 7.90829
3.47931 7.53033 9.08698
7.98673 1.23420 6.11121
9.14677 4.04546 4.24193
3.68578 2.24073 5.43722
2.95271 5.00885 3.36890
5.77952 9.49002 9.92568
4.36554 9.71305 6.58022
9.59830 3.05249 8.28209
8.84981 6.60511 1.85157
8.67445 8.27444 4.35467
8.63806 9.91626 3.58665
5.85149 9.61649 3.76660
