100.00000 100.00000 100.00000
3.02464 14.65793 97.73009
64.11412 58.54564 24.97235
18.14449 85.49305 89.82012
95.49585 72.46126 30.13564
63.90728 18.20285 39.14193
51.80387 94.47730 9.78127
81.27455 49.16633 98.48213
18.84751 14.17808 92.27854
31.35136 82.05609 53.21426
35.91678 25.81027 72.60631
30.38606 93.93996 99.97844
81.94575 58.47943 62.16581
75.10037 49.08456 49.99582
8.07717 75.72355 38.38486
10.60839 8.46776 97.31941
27.58207 40.83666 76.08637
27.41497 93.07906 56.85221
88.04559 20.96979 37.06535
99.46444 39.19230 96.36993
99.43541 65.23186 16.84396
33.39178 33.75487 39.92601
62.82573 92.97642 38.29629
10.33790 39.58858 20.60875
9.15625 26.18927 4.86215
36.41276 79.99368 42.85707
67.44105 28.49278 75.07974
11.26002 90.23900 46.87151
25.44067 97.40811 79.30111
4.92071 30.92569 2.44750
57.10202 86.23283 66.90480
31.15216 51.37747 54.61698
35.60849 27.81833 36.17243
70.08087 9.24665 33.40162
31.58024 2.80722 61.22582
87.85583 69.11440 37.75303
41.31464 80.62064 74.13239
78.94821 33.20934 17.03268
36.08886 31.31958 39.63713
49.07710 41.07959 97.56093
14.57603 7.90848 70.72396
55.31003 38.10012 42.48865
70.82636 25.57105 99.41342
97.37172 53.12643 61.00172
40.27362 35.50511 72.31984
4.02574 26.56444 82.32858
11.94814 84.80731 62.29975
70.48738 82.64078 18.38905
85.98275 70.95110 86.80425
35.28518 98.99366 50.50361
27.01638 2.48182 82.11395
39.77325 64.51646 47.73733
33.98647 91.99005 86.13079
41.12917 28.82020 22.93154
14.37702 81.06344 25.25554
74.49036 81.41280 83.66511
43.89203 30.73481 80.44881
20.46281 45.23687 76.56730
27.97415 50.38103 44.15096
95.36755 6.19976 93.27793
87.76202 69.42627 42.73271
25.50015 66.66310 65.02427
42.59062 41.18148 1.57410
23.58131 10.89263 1.70594
22.76966 56.58179 18.80371
57.55608 24.19390 79.31258
10.92391 90.92942 97.89755
29.06605 38.31664 40.57791
48.75628 90.50215 43.98297
87.37492 88.85055 81.04470
1.44122 12.78626 51.29446
83.24167 92.33109 10.63662
32.35070 79.40191 91.39064
68.31339 19.31614 9.08050
14.44825 63.66234 9.95951
54.29359 78.91840 13.25233
5.50943 48.16070 72.21769
41.98934 1.38963 29.07897
45.54512 97.74636 14.92042
57.13793 87.69487 43.12858
79.25546 80.01071 37.80167
7.17142 42.50480 17.16000
39.37919 26.46982 24.12831
45.96350 63.30817 41.13904
64.23196 58.44037 79.29337
29.41513 33.97396 91.90620
33.23752 8.39910 6.89330
68.40171 7.59229 54.27788
29.40064 96.21495 64.46234
5.73223 79.46438 3.25016
83.44536 39.81942 54.23516
6.34677 64.61347 45.40021
75.37151 41.56917 18.99358
80.36500 4.75263 49.93772
60.41049 91.61221 60.82796
3.85468 97.78797 65.59946
33.80078 57.95971 96.08896
33.88354 7.80481 43.51821
54.24039 10.67143 3.76077
37.73697 47.18549 25.52095
15.86385 99.73996 82.90185
20.38561 80.69010 28.06840
67.95840 99.50316 56.15806
98.71866 37.28986 14.41889
80.52000 99.26743 31.81633
63.84653 20.45441 56.54500
80.01126 22.57489 44.12262
55.11841 70.77293 71.81021
44.11360 3.75238 33.60543
43.57651 69.67467 27.58242
70.64651 77.70494 51.36770
15.18109 90.79803 83.53288
60.26288 83.83598 9.56452
34.10880 74.52397 41.81814
11.26355 65.14400 17.56385
8.98837 57.70126 56.85936
27.71392 78.89050 45.01184
95.10508 14.00703 4.29710
83.79700 74.40672 44.74639
15.90128 40.45416 17.07716
57.27717 11.00819 4.16628
5.55601 34.58019 66.39563
18.23051 18.07401 60.72809
59.22220 91.10563 61.43541
1.42669 68.85727 25.89147
5.29915 66.16074 26.90633
55.84884 97.85664 71.32907
46.25847 38.65714 49.72800
69.33381 40.67154 21.35497
58.11582 96.29059 21.41052
78.78485 50.56364 74.23156
26.00699 91.60421 56.21652
78.59502 17.69748 89.76507
57.50703 24.66666 40.16614
6.27332 97.54453 79.45157
11.63597 32.05753 77.40878
33.99373 81.10415 2.37380
49.19812 84.65481 61.56207
79.63302 47.02890 91.92252
2.96143 41.65185 11.75449
32.96306 96.70162 48.25057
26.52836 61.99915 25.52596
2.96050 86.27969 19.36894
76.74621 61.86122 13.14711
58.61368 24.53515 49.83265
59.75693 98.91871 11.14609
92.73209 48.93483 85.76201
93.84763 31.52764 81.95223
26.77667 44.90051 97.03324
13.48307 43.08412 86.77337
81.43602 8.24305 79.62015
12.15565 3.69586 76.06347
56.61132 69.07795 59.24253
79.76017 63.29918 33.32555
35.41176 1.43920 71.39797
91.67220 25.22340 90.36221
36.37107 88.50617 96.89860
22.15705 98.70833 6.24799
49.84649 48.16167 66.54607
89.52452 8.86621 23.89732
49.49389 56.23010 24.52308
66.31462 83.48671 44.17364
31.01406 90.55640 80.75463
44.04417 11.69306 83.41966
4.75158 8.70122 80.44423
15.86200 9.85816 60.14140
89.74653 39.50972 36.40245
39.81080 15.29796 11.60765
84.35523 45.25318 9.33276
83.97218 53.02358 52.79424
83.82795 96.86883 74.24608
36.37282 4.99563 75.64932
37.72219 49.47554 29.08790
77.46691 69.67322 10.58949
45.93091 50.02618 9.60809
57.67106 21.31946 61.80632
29.27140 69.65440 54.33650
63.18478 73.52396 92.00816
4.23643 2.80222 67.90320
78.17259 18.30463 5.96461
11.52480 70.70455 48.29323
27.28172 96.52273 89.75926
43.38538 38.30275 94.68128
62.83648 16.43704 78.09876
97.20061 87.65312 57.56778
71.78346 53.38919 46.44541
74.60247 96.76036 73.01205
16.42270 88.23746 79.61878
93.95577 91.06936 71.28383
60.72065 15.41468 6.92621
37.41825 63.49857 46.57144
65.95228 74.61722 65.88103
98.21863 78.71079 4.39434
76.90452 52.80731 44.30354
44.04366 49.38202 73.98250
60.78569 40.18313 51.86253
54.60862 78.19461 3.34941
49.71906 81.17171 60.08619
2.65490 25.53104 49.47173
37.07465 79.33546 52.68827
2.35535 42.94737 79.60156
16.46018 77.34000 4.03954
97.96120 25.10923 23.50576
45.29621 83.98959 29.65234
57.50310 49.58844 57.42538
24.70297 66.76638 1.76223
90.23425 31.47980 79.31569
52.95110 18.45459 25.15758
55.00807 53.86912 8.86340
70.32147 42.29190 18.51974
9.87967 59.19075 89.15599
23.66045 88.69146 86.62741
53.12521 19.63177 70.83507
60.53833 74.46277 98.39268
54.66908 44.94338 57.99716
15.61439 81.24046 11.59114
96.32018 58.37818 12.31100
37.44187 69.47453 95.11037
76.68388 10.89595 29.87059
86.61821 9.12631 8.01550
88.14829 78.24864 21.68303
82.84519 96.42263 58.12995
26.38509 79.04706 85.74611
99.35042 16.57126 48.30698
58.51654 47.15204 36.25664
6.56391 83.82172 65.11805
86.73481 34.13079 42.96063
14.07117 59.53214 13.83265
3.77965 16.74587 19.48001
63.28538 63.40560 17.41727
56.22688 4.31589 72.13182
2.33534 10.94728 63.48616
64.02584 22.26001 19.27466
83.19777 35.60875 40.65426
10.19551 24.07888 75.79542
94.72680 4.29471 81.64129
55.23829 61.74987 72.15701
74.99783 65.86970 35.89029
74.77157 80.68955 29.37743
20.99291 19.74665 16.54812
34.86200 95.82867 24.37171
48.05970 8.07589 34.95059
83.58162 84.89730 81.38674
78.82445 2.18802 62.42271
17.28955 75.70949 82.55476
51.70864 51.92989 46.74514
17.76573 37.16852 90.94115
91.85511 95.65667 69.90009
59.60739 20.64236 66.88341
25.69007 91.68767 32.96520
88.45904 97.58109 75.88050
27.91117 1.95711 75.75106
56.89227 26.25631 96.91735
53.39586 39.89615 67.61167
56.83594 41.19412 3.14810
76.89238 37.56108 19.73528
4.37132 52.22107 90.98608
50.54127 48.41279 9.59895
31.19206 5.77146 31.43272
63.77042 78.40999 98.25946
83.90926 82.57864 26.73820
49.89457 87.83716 83.93897
66.72509 44.69982 38.53614
31.75395 49.64317 3.09011
65.43477 67.71288 8.14403
52.73772 33.93759 79.39711
63.18989 9.17201 10.62596
10.34871 34.09096 71.29739
50.04891 63.34749 41.65116
34.98039 38.83079 72.39228
91.56935 73.23643 61.32661
17.74938 12.59545 40.22053
56.98253 98.19076 79.64106
20.47094 92.35699 63.16542
28.11213 18.28583 25.66336
87.08216 11.22307 98.24234
26.34894 53.39964 19.26987
41.48649 50.66523 3.54344
68.88249 86.67975 39.86615
16.00000 20.68516 66.39032
76.82495 90.48926 77.77227
71.57864 40.92151 36.42861
44.55468 84.96569 52.04483
54.25262 61.03812 60.14467
79.37193 96.02686 90.42256
18.72594 48.39320 33.48304
63.83826 35.42220 65.79924
70.02745 35.64803 30.31689
84.53427 63.26617 31.69625
39.85541 72.04788 81.02104
35.56339 71.78557 34.82373
20.64440 61.10055 45.59924
32.56520 15.24772 90.25590
15.43880 40.84242 37.07038
52.11718 13.06882 36.32234
68.00569 86.42146 13.80768
42.85180 90.54776 93.25349
14.06579 47.19821 74.40693
54.21111 74.02121 73.44527
13.61527 54.45378 98.70248
36.52190 9.13999 62.63005
79.05681 36.05539 28.18169
57.73226 90.65279 53.24842
57.70729 58.39418 6.14043
43.94650 29.97792 40.68103
8.04539 71.78291 26.82901
87.73475 25.26835 35.25805
41.34283 90.99022 90.47270
81.32000 59.07439 81.77861
3.71153 40.68923 88.74848
47.19100 69.24118 71.75254
75.15137 25.53049 12.21436
59.53600 55.57181 7.54115
26.64503 7.93095 14.94201
71.69682 56.06751 95.60918
1.76311 46.66513 63.78757
31.39554 9.92164 38.74433
73.49201 53.98654 79.73944
32.88697 52.87083 38.10537
16.76196 28.20645 42.81955
53.00128 28.72278 90.56389
61.68102 10.14487 73.50439
49.27296 57.68004 19.71664
71.62014 49.61017 85.21617
29.15743 71.80047 50.08014
77.76906 61.12586 75.36814
11.97318 28.67392 66.10512
66.54152 10.69758 64.36503
9.23583 56.63562 8.09945
19.94772 63.09572 36.97593
15.76657 83.06225 94.72120
12.98099 35.38206 32.31726
69.38658 89.15188 37.92936
54.30227 19.67970 53.89470
53.90746 12.61545 19.31753
93.05140 10.04845 69.51556
29.17573 64.66436 31.67512
9.06284 26.94195 4.15101
89.53795 34.45012 60.10390
39.67059 90.03684 25.99039
85.25736 12.53888 24.20851
88.39129 39.31419 81.24213
26.57197 46.49451 16.61563
19.69400 56.09300 29.49190
93.45734 45.07640 49.94792
52.28287 84.44261 58.08346
32.37025 25.34789 72.12708
55.97245 8.05053 32.11122
98.00171 54.71883 78.51771
7.10479 58.69989 84.13996
6.73217 66.12784 5.67765
49.95863 55.58078 99.38944
79.56285 49.36323 28.72399
38.65425 71.60862 83.43461
42.91182 36.96025 50.64730
20.94188 93.15280 27.95490
9.41971 80.49040 95.16434
77.00860 63.04058 23.07147
81.52921 41.58209 51.95091
85.90847 41.25189 65.79853
22.30905 98.64609 6.38722
82.61078 8.11553 8.04759
33.95618 76.39198 43.34559
14.89550 74.84454 78.00742
81.20663 19.96316 2.53093
22.45776 96.88702 84.94263
42.86342 56.70767 80.13793
71.55105 49.11482 82.71808
37.64138 78.49462 53.51941
51.65419 81.11235 60.25552
9.66989 19.49181 78.50105
91.34743 67.66699 60.49715
76.43356 53.71836 60.39744
61.75478 81.01982 6.31409
68.11639 67.24833 97.58810
19.42655 40.82930 76.51116
21.30283 58.65876 52.91175
5.95741 64.82483 33.96756
52.07940 50.66387 47.64253
34.03143 6.92593 88.50820
75.81088 5.09663 24.60301
69.37592 4.96551 52.50310
12.14895 14.89445 36.84939
49.48620 4.86395 37.73818
6.49458 38.53547 85.68607
2.24512 48.40625 29.21607
71.86275 46.20004 9.55945
18.94579 42.00130 41.27171
8.04685 99.97939 36.72439
41.30868 22.02849 53.96202
19.60961 1.81012 97.63235
67.18491 10.50551 32.36026
52.54117 52.78812 3.39766
95.05924 26.29070 57.14699
15.98025 78.27120 45.96956
15.56682 57.86873 14.26114
30.09129 78.89623 25.96451
25.65468 7.67255 50.41869
82.99993 17.03039 48.92217
97.84127 59.88001 74.86026
53.72768 57.37272 37.61264
22.16303 59.94306 62.07769
19.45378 56.15342 87.37132
6.15249 81.41868 40.97682
87.77762 78.45926 40.71298
72.69671 76.05779 16.66909
34.08454 13.48430 51.95394
47.58851 95.85418 17.30372
42.53840 31.96480 69.09505
77.91123 87.21444 20.41753
26.29628 35.99415 71.25208
98.37944 15.88614 67.59156
10.25395 74.37300 59.66394
63.18000 70.69494 85.75632
56.89088 13.17089 60.72691
9.83894 21.67375 31.07945
89.40317 46.17874 49.28268
15.11924 69.45192 3.30642
32.25622 97.99638 20.72722
58.19279 70.37177 61.55044
42.26916 73.70902 98.29737
63.24954 67.22690 80.12490
90.32493 16.08856 53.88357
40.37300 15.78061 89.36122
63.74100 66.90626 36.26382
9.68616 64.30314 60.89295
42.66550 44.59872 17.27668
93.03685 62.40811 38.14920
74.18552 23.31113 93.94580
63.51845 66.35178 84.00324
85.69555 9.46374 34.34161
52.86605 17.63932 53.46931
82.06584 68.64801 60.38123
81.01888 5.57579 99.55175
4.42292 20.94070 92.02363
62.60008 47.42604 24.91624
34.37223 14.37594 16.76193
26.15518 68.66406 2.17016
49.89087 93.70937 96.47913
9.02274 45.24761 64.29620
35.64916 33.60256 46.98345
8.20718 14.67053 41.82323
21.04899 18.95037 62.09560
37.37230 44.24087 84.12872
45.70350 75.93756 65.62263
9.02903 81.33411 99.18860
56.47476 89.48244 21.10216
51.66660 54.48507 21.39620
37.61393 32.11902 2.17358
33.50265 48.79387 81.43739
59.72089 18.34344 91.92104
71.07008 16.88517 45.80887
26.59295 86.97728 94.96675
10.55198 73.75081 73.96480
99.87233 8.24585 44.28795
37.35211 83.38506 13.97053
31.73350 73.64461 36.96391
76.84064 17.79813 19.50945
20.13553 39.01372 66.40240
69.99599 19.76469 22.67561
1.14416 8.87378 92.76341
33.92526 70.24988 85.08704
44.75458 93.25190 36.46398
12.94231 44.20228 41.20232
27.02815 94.26753 27.05393
97.98537 29.63244 93.89636
30.28469 47.16442 90.26341
91.34458 53.82163 26.53262
10.98570 84.25358 38.05990
24.88144 53.79441 63.16841
42.96206 12.84911 78.79124
82.47016 73.46162 53.63542
13.00488 82.18164 41.84345
23.69663 52.50665 41.93596
52.53962 87.50286 17.16502
21.87387 34.61100 86.90631
74.77087 18.77406 36.17723
91.67010 80.72324 81.36160
27.38947 27.46011 41.07616
35.55449 48.23866 35.22981
85.05706 71.61701 87.37084
66.36903 29.80257 26.12316
97.44975 56.76506 68.17979
27.49409 29.35197 69.43027
45.11689 90.75878 92.82316
28.80948 81.41084 9.61361
97.45412 56.25216 86.13268
8.44986 22.03881 84.27704
71.40813 61.76271 50.10588
41.32522 56.94792 36.33855
2.95102 62.44984 15.00530
99.37852 65.81171 21.06809
3.08814 78.22713 73.40465
62.91678 80.81763 72.39588
74.52786 94.44452 57.15644
2.20438 11.89666 69.07345
95.03217 17.72926 62.61850
80.26329 67.55309 25.18952
36.25153 78.46980 25.49305
23.68246 16.92933 82.00108
28.09406 63.51138 70.48807
