100.00000 100.00000 100.00000
31.96091 78.24548 81.98544
37.16651 73.46682 86.76139
17.01819 95.29850 96.75646
26.86142 39.78115 21.56552
10.21858 16.50022 30.60140
3.80471 92.04838 73.00572
10.03478 68.95301 67.70703
82.96635 14.10691 99.66035
28.83617 94.27781 92.81105
42.81336 90.32567 85.58777
9.85084 77.80107 75.64105
94.60305 90.50524 41.96901
82.33382 34.61653 99.31429
34.24314 74.14077 87.10826
25.63676 83.22037 92.20175
91.11818 10.09327 85.77251
73.13824 91.86002 4.36976
8.15079 86.51677 71.99662
95.91276 72.33304 67.42150
83.56755 22.00680 71.79033
27.89990 25.21751 18.90934
63.75070 73.19401 95.86473
27.77341 90.65051 72.27889
31.59556 86.29030 79.41445
87.86102 98.34473 28.12797
36.14478 72.81094 97.11295
11.59854 85.31698 89.66660
67.64914 87.20682 18.37081
80.18057 81.24137 14.74597
44.21224 67.86093 88.73022
78.17971 67.31371 16.60455
8.69016 68.30142 85.28350
7.87301 21.59629 47.81189
43.29979 78.39277 90.30944
32.12730 74.61406 93.82444
86.32162 76.03323 2.48650
81.89156 83.14328 31.39541
3.96787 92.54368 76.43654
4.38872 67.57308 71.58288
2.07056 81.74119 69.92648
26.38085 76.47599 74.08801
28.24053 95.53603 68.64963
35.09732 79.65673 79.11746
48.03094 90.37712 70.82136
39.67478 43.65376 2.87063
83.79825 30.15647 70.21829
46.04273 80.92174 83.58025
34.86330 71.94832 98.86058
49.61510 69.19197 72.73020
31.40896 69.99112 69.86992
33.57777 78.52986 90.69583
9.18073 99.72173 88.02398
25.08656 68.43138 77.54619
37.42047 75.86458 92.55491
47.38683 94.17377 70.22679
8.37911 95.97097 91.10235
96.21110 82.06578 41.94311
35.96244 85.06028 94.94151
80.05063 53.53873 61.62534
88.98481 12.06145 88.15916
12.82675 81.95176 81.76447
27.16854 80.21948 91.44824
27.84763 82.70385 97.18613
91.54955 84.74764 94.11022
91.85158 14.40601 82.09260
46.76208 82.83281 79.09890
96.73057 70.99163 13.27143
8.13016 97.92552 96.10022
16.96917 1.36350 21.42187
82.08350 24.82141 95.24086
31.05465 75.81266 80.85729
85.36808 82.57146 89.17644
52.19576 50.47743 97.47327
23.76170 83.47575 79.52533
70.27835 55.07456 53.85871
55.93473 89.57157 78.45103
5.34792 71.11333 82.05285
82.51295 75.57318 10.26105
96.51002 71.79630 40.11223
23.80734 84.78108 71.19017
93.10106 39.83281 99.50863
45.87688 92.54427 68.37490
10.66739 86.89149 95.92488
26.09033 78.60277 77.86097
69.95015 9.93576 89.15799
91.46382 3.23749 67.36469
24.31479 26.98731 31.95616
33.57719 92.89233 71.61683
25.82480 92.64146 81.15591
12.36632 77.96663 71.12938
8.97080 66.87150 91.95593
92.94076 91.23779 36.46510
22.32483 75.39617 77.77596
3.30534 87.68134 73.90253
22.87971 73.51776 90.53045
13.18401 88.97874 89.07757
19.98283 84.38380 75.94319
4.02841 98.30550 69.07599
20.90880 82.40411 88.88217
88.64137 94.85470 37.66477
31.23521 71.67644 94.06173
26.99340 97.36451 94.90849
30.48574 68.77619 97.72959
97.94828 71.44392 13.11123
14.08198 68.56000 68.98596
70.96125 85.72022 91.98936
71.76034 9.07441 93.46990
98.34431 83.89031 13.33322
8.02032 93.20285 69.13722
69.10986 85.83179 95.62956
24.95104 70.34478 97.33539
43.05571 79.05648 96.99507
30.76910 69.10876 95.51599
7.17641 73.32568 88.59775
14.51534 70.05936 94.57726
89.77800 73.94367 42.94312
26.45800 77.71277 94.43635
42.64645 85.57209 84.68395
26.73824 73.58591 90.54520
9.26534 73.32406 72.78922
3.77638 91.79262 92.34695
7.80702 48.12477 13.71005
13.00073 93.54610 75.72539
12.20424 83.91501 89.51208
25.16840 80.06759 88.98786
47.64725 77.31784 72.80364
91.49351 1.70588 67.76063
9.11191 89.72183 91.50779
21.76383 90.04545 96.25831
9.75279 41.61599 36.12743
85.34539 74.73804 41.66401
26.87057 68.32816 75.41194
21.76981 91.32902 99.94056
20.94128 87.49568 77.32877
75.74971 29.98037 74.15361
76.41084 36.91871 82.83922
68.54500 26.98834 75.95144
27.03812 74.06542 85.96267
38.38097 72.04137 74.24496
16.37921 72.69427 90.07525
20.83711 79.63178 84.03238
13.40833 72.73096 88.82840
47.32740 30.18517 39.00141
21.34913 97.41282 86.22434
90.72562 94.48206 33.76227
9.73410 5.81020 18.33318
90.88053 97.91934 13.01700
23.76983 85.85350 66.74173
16.05780 67.07120 84.40982
8.26882 98.86875 93.77168
86.45617 76.29256 96.48435
66.24310 51.81126 64.62827
27.81471 97.34419 73.98204
4.48597 77.15083 72.84297
91.21685 13.88046 95.57178
44.72179 97.61833 79.72510
26.03657 71.75104 91.31715
31.56979 97.88746 96.85128
71.09900 46.80159 82.22451
2.53303 91.58126 89.82410
14.42438 39.50371 39.36544
34.89162 74.59798 78.19601
2.22167 97.45546 77.96772
93.73849 97.81130 92.15662
95.71094 99.70782 12.57446
83.33905 89.63582 65.40025
40.32854 79.41385 95.46946
51.09876 60.78860 66.09586
14.26012 74.71306 84.26777
91.44510 86.94180 16.28333
51.48238 61.67049 80.98878
36.57718 95.97854 94.41284
48.64255 31.98053 10.88770
88.05461 5.61425 72.38455
2.08532 93.96882 84.48373
1.32683 93.57575 99.14848
42.93130 78.18342 79.10380
12.27406 90.15666 98.25826
81.31931 95.51004 18.37037
84.71265 45.47850 82.17247
38.66279 91.23677 96.89280
85.88365 63.14329 89.82039
37.59615 85.71866 91.60843
84.27408 80.35909 36.33079
31.74691 80.80888 98.19890
94.13132 69.02664 37.86888
49.39256 90.89079 68.79692
20.90224 81.26934 94.10241
82.17754 19.51836 85.09089
29.93093 68.36841 88.04390
15.03950 2.21093 26.11623
40.49792 96.29701 97.06853
60.04213 79.01638 87.63804
5.29217 14.76992 45.57327
72.55564 80.65051 44.27688
15.68231 83.76907 77.78656
29.28830 25.93698 18.39312
96.37077 10.88520 92.85284
2.22781 74.89343 67.76361
81.70777 15.91710 89.42319
10.00904 72.43806 73.10050
92.30953 72.06598 35.94907
58.65078 62.11350 60.43892
18.88935 97.82065 91.90646
22.55291 77.15843 87.98090
43.32277 89.20599 87.22609
49.85717 86.05083 90.40896
85.86922 31.65126 78.67387
88.61686 32.66908 85.57349
98.53571 53.76273 99.77233
25.87532 98.01069 96.05303
48.10695 89.12558 70.32295
82.68536 67.26664 51.52864
37.78476 92.02226 87.52098
44.29727 87.60592 97.73813
49.65744 70.52259 95.24840
49.71309 83.04570 75.81750
92.02264 27.83838 90.76737
38.95689 88.54501 97.56940
88.73705 68.65226 37.85459
25.64525 87.41148 83.33783
40.38584 72.34376 98.77919
79.20343 86.41818 33.24873
36.17676 74.31879 86.02217
72.59592 74.88887 82.41226
5.15343 92.14029 68.60005
17.27654 76.06847 95.66326
59.09561 71.56948 75.84962
34.28622 92.25432 72.52215
18.93732 89.90947 81.64113
38.25155 77.14342 70.68743
17.31357 67.13207 86.44605
4.80205 80.24743 78.59916
7.66784 75.48243 71.64582
9.06777 83.04425 92.11912
18.23087 66.75187 74.61270
31.50660 91.13152 97.88139
3.01783 99.47108 76.81012
47.38429 9.09456 39.86732
85.68565 48.11254 86.62646
98.22324 10.04624 88.43542
93.85081 67.18291 13.73475
27.28340 80.49253 77.15426
23.91106 85.12657 93.86868
31.66635 85.55382 68.06366
22.73879 69.96097 72.22547
95.28127 17.46092 82.14107
20.33189 74.72263 78.10020
15.82374 76.05187 82.33692
1.05840 88.06678 99.18225
40.50404 97.96219 76.20088
20.90014 32.67917 27.01853
31.24339 92.12171 70.21662
83.74143 85.61457 44.83788
23.62832 72.33274 94.94976
47.74203 88.79101 97.73104
44.93452 92.47566 96.09487
38.56272 90.21686 79.90745
17.65122 87.34176 66.76297
26.02643 94.94752 76.92241
46.52624 71.15476 80.79426
46.87132 74.60219 98.83291
15.36848 87.52902 95.19835
10.64628 95.25814 80.56905
43.04936 72.66476 76.79109
92.87498 69.53232 37.13483
41.23861 89.72949 79.53074
95.22426 88.97939 30.57139
42.43707 69.62121 74.93556
81.66606 67.91227 64.94229
19.68457 96.08272 82.63331
45.43510 68.97152 82.56614
59.83867 94.13194 77.73238
37.81252 71.33961 84.93007
13.18777 86.95617 81.54849
39.27265 97.01198 95.74756
76.18762 41.68891 74.80199
47.65700 68.71738 97.72167
4.73950 75.23332 81.87755
46.51771 85.94393 91.35797
84.74664 28.48372 73.03608
22.70524 82.33727 72.73510
25.86279 19.69336 17.10066
14.44722 33.09155 4.72975
44.59502 85.20107 98.62453
33.03839 75.14041 79.71882
44.47651 83.51222 67.90742
19.55882 25.36469 15.27345
77.37805 14.95898 81.65926
78.00374 44.55088 84.40647
71.03681 84.20465 44.07043
20.45670 72.38829 92.99486
62.81863 74.23009 92.08668
31.70987 72.71746 88.34060
37.94930 87.15622 74.33846
13.43147 78.83422 91.12326
5.98774 95.29249 95.41851
84.48146 85.73618 97.24766
3.82205 86.74312 95.86103
25.52201 85.81653 92.18653
65.66955 78.42574 54.26940
6.10712 97.23787 90.31934
13.00542 72.60861 74.23377
48.67461 90.74507 78.93984
11.13006 6.45317 18.29498
27.96122 74.72474 68.54136
4.31914 78.92066 75.32022
70.73432 89.22552 83.27138
12.14502 74.90007 90.70707
27.83335 96.70034 86.86217
81.93007 88.08789 81.34040
3.28665 71.16917 84.81614
77.42039 96.22531 30.69246
39.72109 96.52060 85.67150
16.81581 73.09177 79.78148
1.48296 79.16392 90.76061
79.59331 78.82096 65.46548
36.53973 36.90716 35.06051
82.08435 87.93847 21.65637
36.26780 78.49114 93.48720
67.57334 80.78608 99.70567
14.59689 88.22033 91.16031
30.57297 86.54885 94.02939
32.21408 81.74533 73.07752
95.15365 80.12803 21.23450
97.02265 85.57224 30.38338
15.43506 95.19770 79.55716
11.46627 99.80117 86.92009
72.25250 71.04220 4.61553
36.73894 97.38083 82.65769
51.71113 55.56843 56.84301
18.79102 92.31099 95.85866
41.61537 84.33580 77.66853
3.03936 85.02508 69.67093
29.60429 68.31692 94.86095
35.75464 83.71935 74.99721
32.21656 69.72260 80.89011
52.78643 55.67067 84.99303
45.48265 73.48618 85.17940
41.88723 78.35923 70.28447
10.58762 73.33889 86.32228
6.59337 83.82274 92.53345
16.84572 98.98907 72.33744
29.53613 32.18089 17.18237
28.92515 88.13149 95.64153
2.48466 29.01109 48.47620
3.40797 72.76414 85.36075
94.43493 86.03945 37.65917
14.30629 88.31284 98.08859
91.47215 26.24898 99.55737
25.99891 94.63755 72.25355
13.04109 6.40925 20.34624
68.71253 39.24506 91.76532
2.76043 93.06830 94.02878
39.88524 69.67939 97.13760
70.93199 96.14942 84.42504
13.62923 11.50962 43.81427
33.10152 33.69875 4.85635
76.31804 16.57817 88.10432
35.56659 84.66003 90.08727
15.66032 13.40302 4.13805
16.06406 18.54249 25.32318
32.71483 84.43546 76.61931
96.61429 75.71298 65.82939
93.30987 68.49971 52.13801
34.83103 80.77701 72.53613
30.55005 93.84725 72.56790
83.40976 26.99055 88.45379
48.46356 70.96493 76.75272
96.74602 29.78498 83.87282
14.51301 49.31418 3.78520
96.48629 91.95808 35.95610
8.70701 75.35333 91.33623
22.19345 98.96086 88.18949
14.30946 24.66914 25.91662
90.91917 17.06447 96.54314
90.60162 82.63817 57.20010
4.88123 92.72908 67.85239
17.84278 77.74645 95.43908
35.80155 76.16958 77.68070
74.32426 67.79181 38.73689
6.98576 79.32209 94.31433
25.57680 91.75362 70.64077
37.12800 72.09867 87.58984
28.37302 72.02877 93.93395
37.34912 78.99074 85.52028
88.32145 46.53651 80.01549
25.63612 89.78042 80.91600
38.89518 94.20843 84.95656
99.27889 76.20366 73.24883
44.77591 32.21551 28.68737
75.79273 53.39516 90.78927
78.19257 83.95921 5.08081
79.96061 81.03086 26.39778
47.51890 95.33687 86.88792
21.80272 70.49374 94.79699
18.65730 68.39682 74.11691
22.45631 93.20291 90.87081
19.29367 72.25322 94.50941
51.34399 53.03555 52.87793
53.82478 94.69165 75.15896
53.52015 63.28610 77.05614
18.54325 29.46581 29.29343
44.51275 93.30693 98.86813
27.43594 88.19773 77.38570
46.85259 95.24517 86.53700
18.27500 88.67111 78.01160
37.08440 87.68689 83.99774
73.16694 37.69050 75.93979
89.13552 74.16912 5.99766
3.01086 94.14596 91.98355
35.92030 85.09408 96.33738
26.40623 48.21744 39.52203
80.02804 84.98389 14.76077
29.40151 68.09315 88.93681
96.97635 91.01772 13.19893
90.59913 81.43431 13.70143
45.50573 95.77095 85.41964
34.96416 81.88558 91.56655
84.28590 22.96884 72.81864
76.49603 2.63978 84.33146
14.58165 88.11673 84.75263
43.31074 97.29019 72.96427
42.24689 94.06909 69.47786
99.98010 99.57729 89.48971
19.65079 66.95010 68.11267
87.89640 88.07589 9.23112
4.19303 68.34660 69.10975
10.61228 87.04888 66.74164
70.27425 13.33952 99.63094
22.69298 85.37238 94.99358
32.31380 69.86215 94.87579
32.75903 66.88229 78.52505
35.57130 82.00204 83.38007
21.85790 82.42695 81.24703
14.01459 78.31573 81.99985
29.86455 89.51644 92.03911
84.90511 95.20199 82.63074
47.72501 78.06608 73.17038
64.15884 99.82372 56.28051
3.87129 66.95421 99.95486
22.57722 77.38790 82.15240
30.66615 88.63671 76.52423
38.09363 87.87425 79.26322
13.04041 78.31950 67.96525
89.91445 62.90969 84.14289
23.68416 80.88636 86.42470
7.84243 80.54990 92.76906
72.79162 85.06062 1.61236
6.65648 92.62135 66.95263
89.87799 74.88013 36.60845
48.08193 95.96268 72.62994
40.49369 94.73682 98.83373
8.97867 73.33661 87.43361
16.64393 81.38450 97.76194
70.46820 83.90867 6.51272
29.77721 87.98256 93.38040
76.86463 38.03999 73.95953
42.78580 78.49845 83.14794
11.23547 83.93292 95.83246
59.70856 89.87362 76.35010
40.98449 95.88418 75.62796
42.00402 46.03968 30.60660
45.34497 83.05207 77.99772
4.65075 96.42275 66.74402
83.71598 92.89884 28.93262
40.91646 87.01599 73.44028
10.26883 92.15298 72.90737
28.09941 86.84045 84.46429
5.79526 87.30219 88.04445
12.90405 45.03935 21.86404
31.01022 69.72345 87.36506
21.10007 93.15606 82.54316
11.68844 70.13601 88.42534
28.54886 81.19160 71.66557
99.77677 86.21298 16.40317
33.06724 35.35179 21.70601
70.83240 11.68757 87.92284
45.93973 90.86273 73.31034
24.65499 82.87731 81.51660
99.67680 77.12138 17.22700
38.31377 93.26304 83.34376
30.53360 79.59665 95.79850
70.48238 91.56068 1.60692
22.15307 77.44813 72.67625
26.13840 28.51540 20.38792
19.09556 7.67657 8.26549
37.99691 71.12026 90.24006
41.67275 80.68100 98.83669
91.45574 34.97602 95.20318
26.57681 85.69716 67.56368
38.69719 93.83420 68.16109
46.42699 70.17596 73.29743
80.34429 37.27843 98.19444
16.13012 97.19871 83.76638
41.65982 70.79691 87.24745
87.91652 25.47763 76.14135
80.29838 22.58376 72.34892
28.41984 92.59588 80.45655
70.73494 45.99952 67.86683
19.19326 83.31408 74.13107
28.44942 73.45387 70.16545
31.47128 81.20690 97.67138
46.27930 81.19838 84.04432
3.47430 89.07915 69.85708
44.81954 70.02712 80.65334
40.00070 70.79593 69.40374
97.59894 32.11145 71.16804
5.22132 95.96611 86.72655
88.24845 27.62327 66.91303
23.87447 95.76659 97.69799
45.41098 66.90388 77.72361
38.99963 13.16586 37.34390
71.03926 94.25795 21.99055
67.65765 19.99550 83.01230
81.27035 71.77925 21.50970
49.39578 91.70739 75.36796
16.60232 80.77265 91.67499
72.77533 55.36438 69.43745
23.02445 76.61366 71.75809
31.54797 69.24625 93.61579
23.87111 77.52590 79.90077
6.71154 97.17383 77.46767
17.90209 75.89483 72.43663
28.52731 15.53126 30.72574
99.37575 79.91523 23.74571
4.17129 8.19667 30.72487
14.17020 92.29285 72.95126
82.96256 10.82913 69.08595
22.04603 2.50786 23.52531
1.11837 79.91070 87.96582
22.61890 70.67579 99.22830
80.31192 64.82127 65.49049
36.57374 32.42534 46.26531
27.82501 96.88262 95.35939
81.05395 68.76221 9.47974
21.72876 87.27968 95.09450
79.84404 35.76134 96.87602
15.72354 87.08088 80.66133
2.46198 75.38627 73.72755
72.21091 77.15923 15.95740
12.58185 76.63037 72.66567
47.18279 89.64826 93.16498
26.73714 99.30773 98.33052
44.19127 74.64160 79.41467
45.41193 75.24954 71.64322
81.27440 16.73987 95.28531
9.75327 77.50853 85.29011
43.54280 77.33552 95.62919
29.60086 43.41744 31.81369
39.00604 76.15191 89.25388
87.88344 43.43877 97.21362
45.23811 2.43886 40.74235
37.35524 86.13535 98.50387
19.74890 97.08428 83.84485
17.53995 90.77371 80.21482
1.30533 68.33141 74.28673
30.84933 13.50939 11.74670
74.69292 73.35923 75.54396
45.64235 79.96103 94.69702
92.52951 13.63580 79.92829
72.27428 28.72118 68.35134
19.58104 9.34234 30.46212
76.58743 68.97745 78.96856
24.33491 31.32097 49.01176
86.68443 89.18059 27.79760
72.68900 5.18506 88.77511
32.85113 83.44958 95.22363
12.47430 76.06341 76.73190
85.48326 33.19333 67.40127
47.20620 90.97171 76.74502
7.26118 82.58638 96.98144
6.93039 84.01559 77.25194
48.91131 69.87338 71.38354
41.67978 75.10244 74.46047
7.00628 83.72573 74.78219
9.30823 82.75148 86.54222
91.47253 99.88960 34.08194
86.73686 83.69335 14.81957
14.83650 82.50559 81.03734
8.30913 13.77590 21.97457
11.95494 79.95320 75.70264
87.98959 40.37105 96.75221
42.39125 96.34580 94.13203
74.39717 87.03835 9.84298
88.38315 72.29420 6.95142
29.23624 29.27421 17.95783
94.47713 66.68927 32.03653
13.28739 76.26356 96.30530
85.24774 25.80654 99.28391
11.92181 87.66090 81.84356
41.90838 40.56284 7.08948
84.15825 23.22490 89.85742
83.73906 92.34741 29.56784
74.78410 74.15033 99.03035
18.64295 85.86026 82.51748
67.75638 39.04864 87.61116
3.21133 73.83190 67.58432
67.58695 86.90126 17.61937
42.65159 73.66788 71.46959
32.40923 77.38707 72.03554
81.57984 40.37009 86.87322
30.49035 11.61376 34.87746
30.33907 73.76342 91.47060
10.09591 78.34104 94.19255
20.23155 78.70695 86.71457
69.89528 14.53673 93.91749
5.35382 80.04626 80.31102
4.37014 96.97040 76.74975
9.77933 84.19167 69.84406
45.85525 80.79129 70.33272
69.82207 17.22375 79.65739
87.02681 76.23665 45.37674
1.41631 73.27333 77.34767
34.67039 68.93217 89.08450
14.95211 87.46751 81.66447
43.59957 98.51469 94.27304
6.92860 72.89473 70.03040
34.11558 69.35126 73.15012
19.91774 73.46544 80.12819
2.79556 89.34986 76.55167
13.03719 86.54378 73.96159
99.01943 73.81657 17.12414
88.46107 81.28872 54.65426
9.14806 69.37574 86.95966
38.81282 93.43787 96.68368
8.82247 46.53168 11.89898
90.39199 40.95832 67.53275
99.76244 48.71523 89.37084
11.81844 32.90945 13.46145
11.37741 90.77437 98.46173
32.79158 99.86523 73.73097
87.59854 77.10650 22.91138
42.42033 88.59528 76.05113
14.70963 85.85166 81.41601
39.32958 67.30639 69.59644
91.76248 19.83412 70.78001
40.63606 74.58985 90.83835
17.56621 86.01070 69.30134
81.74994 64.80604 91.21265
75.40977 79.31762 90.68307
40.08538 91.96697 67.24483
45.87761 67.42991 67.17325
82.54139 46.94169 76.66251
7.57546 67.53844 84.65660
90.73403 94.28634 5.65983
46.95051 86.94461 91.88700
48.40637 96.38508 81.99521
89.91199 71.19380 40.28965
21.88690 74.17811 77.27332
57.36598 58.11614 67.15446
96.35194 77.20513 71.26462
88.99068 33.24009 72.12519
14.97898 99.98517 82.60838
34.75927 91.32251 68.93627
27.20558 96.91868 94.90345
36.47346 94.99000 66.89311
10.95629 77.31075 70.08857
96.19546 42.62322 71.55810
22.09597 70.98382 88.73216
25.55824 70.25755 91.62240
27.30265 95.85474 78.31614
4.05867 81.19602 68.27890
19.13971 83.83949 89.64643
40.78145 88.63241 83.86220
35.27420 97.81203 87.87055
35.34675 76.59994 73.19143
2.30207 89.30534 85.73170
20.51666 98.20744 66.93217
70.07943 49.49314 72.45985
45.23267 78.42641 91.45860
83.36253 36.42969 99.63265
17.57618 45.65860 17.10714
41.63541 76.45629 88.19335
15.27899 76.79903 71.87907
83.37437 28.86607 74.37814
41.83920 69.26923 82.10800
23.21510 84.55547 94.68946
31.45421 67.62215 76.57093
17.97448 98.38243 83.62352
69.11050 39.80918 97.18243
37.50447 22.68283 47.86406
12.69614 79.04291 96.23639
2.05664 13.63921 11.46301
98.08025 55.68421 71.13007
33.68839 37.99019 29.76696
27.02349 67.14644 93.61593
24.80930 97.87152 75.86227
24.54333 85.73791 73.84016
9.47412 77.21373 94.58994
38.87502 84.40362 92.54512
20.96593 99.93625 94.17563
30.36964 75.01592 91.06607
11.46326 96.97978 98.72684
68.37794 69.97340 48.91472
32.51254 1.85933 44.03835
82.30690 21.14763 96.35947
71.88406 85.06078 61.40850
81.73016 94.25013 41.80202
36.76287 4.37147 25.78347
9.65542 71.51156 72.16058
77.75724 15.54661 80.38400
47.38492 91.94471 85.21614
9.37317 74.24817 88.74528
79.37578 40.14800 77.31360
72.51533 1.64236 86.45428
2.42393 94.05050 84.57751
49.88450 67.69870 99.84293
72.53069 14.34436 98.52385
82.70118 90.56683 78.83082
29.05089 87.73879 69.35942
29.81158 84.70823 87.45415
45.92268 85.49241 67.73003
38.26221 68.45598 68.62319
4.98810 92.48666 72.85976
21.24787 83.24493 90.10260
82.55012 93.44702 17.83585
5.52492 73.74094 84.52376
21.42837 67.01669 97.42435
69.38521 16.21978 99.33302
12.53448 68.74078 87.58955
26.86451 95.63740 81.15075
45.37347 81.54362 86.83453
22.85716 32.01204 7.87266
12.44197 37.53234 27.16839
30.16274 66.72114 69.23955
71.96053 7.85659 67.81658
38.80188 46.96104 21.62855
1.28085 81.94497 83.09356
83.50977 32.90996 87.78080
47.99549 81.55942 90.59706
7.39506 91.93707 66.77856
49.23856 98.94450 83.14688
47.68761 88.03804 74.40638
9.27884 95.44553 99.57890
65.58024 91.41811 56.11486
48.90824 72.39944 87.32915
14.07171 87.52624 79.52934
30.70094 66.93849 91.00738
86.22251 68.26547 5.50926
36.29514 90.72081 73.38720
82.08752 40.36815 87.52257
84.67281 42.45241 87.94830
71.08736 70.43890 7.00647
3.60771 94.47762 68.25967
48.24835 45.37131 30.66298
19.78265 11.09855 6.09536
69.67593 94.13276 19.87959
33.93333 96.22534 74.49671
29.86482 73.22746 94.75544
57.31022 67.11656 72.88621
49.88067 94.89632 96.96999
36.65063 68.23944 84.40750
65.45085 90.19518 88.10959
24.83681 82.64995 97.37524
87.33609 68.52707 18.48879
90.20571 88.01279 30.22582
79.24710 85.22610 29.89782
23.42175 16.97789 31.55298
28.99319 16.29970 1.89510
21.04796 94.21181 69.68170
17.32714 68.25043 71.31963
49.05691 79.69129 88.20594
31.05424 94.60053 96.21560
10.15139 80.37746 67.79922
98.43969 85.80687 91.27646
18.34967 1.98079 49.28479
35.95678 97.87993 90.32142
97.19190 4.66840 79.26382
2.39587 84.12906 83.93192
77.07728 77.10177 29.60028
40.34681 82.94481 76.90267
7.21545 20.73948 34.51841
47.13450 89.48099 73.75406
57.28822 50.75129 86.72121
87.02369 27.37981 96.25487
98.17689 49.69641 67.24796
23.78819 99.21030 72.45790
47.37087 79.02136 97.62366
85.14709 98.96734 11.35491
43.84016 75.87012 84.48655
24.84992 98.24110 71.81004
23.68360 70.55501 97.08257
78.66169 87.01677 12.18774
8.07043 76.32601 79.80438
19.35899 86.17404 93.91358
9.54737 99.72379 83.49989
25.58513 40.61680 10.08860
82.68307 12.16656 89.00368
47.43878 82.02967 99.43742
84.94558 22.35472 77.40763
4.70716 49.83884 27.86131
36.49577 74.69071 72.16865
8.72115 14.26750 20.14216
84.88746 74.39492 76.08494
38.01627 7.67291 38.19808
90.32316 77.06144 34.26349
98.12639 12.51814 98.20222
96.44878 8.46249 77.04021
32.77457 98.63497 88.98280
17.45764 90.81448 94.18579
17.02240 73.47123 81.19776
40.89148 1.04012 36.25517
47.45788 98.55159 89.54217
34.22933 98.95643 89.08415
29.13187 27.85606 45.62471
38.85056 67.21032 89.32849
49.64855 78.77723 76.96130
87.56615 39.54767 93.96668
17.09900 69.69228 98.11466
91.91729 70.66620 44.88126
27.98994 71.12022 78.39040
5.57786 37.58391 8.08497
88.57674 78.16608 20.90874
24.03953 37.77953 21.62279
95.95998 70.39933 87.56915
4.63860 98.74427 82.79667
40.18269 95.05983 95.00098
38.03274 76.99414 86.73090
16.27425 91.29344 72.41079
2.83173 73.15836 91.44434
35.34120 86.55868 88.88848
4.65410 94.27291 91.67483
33.87503 94.80016 85.59127
1.55143 76.57698 94.64099
93.14256 68.19046 7.34426
31.15120 94.54178 92.36129
16.55238 73.78208 89.81490
38.73712 78.29347 77.52863
31.31686 79.37485 68.82275
69.67334 5.40774 81.19660
99.63121 23.19874 76.37014
66.03559 78.25556 78.85311
71.36606 28.58602 77.63063
36.86793 74.92552 72.65641
1.00485 70.77095 96.43853
15.81591 83.00833 99.53045
13.99092 70.27809 69.38628
30.46594 39.69806 46.45676
87.75681 76.83513 66.33815
99.63375 59.24521 66.13768
9.08230 98.75739 83.62885
4.49821 82.42862 91.17746
31.12132 69.76988 94.96888
16.47764 98.40710 81.46162
8.38973 92.40263 95.73751
10.22037 79.99733 68.73456
46.96110 98.88976 86.53864
70.66251 15.96371 81.86644
3.89537 76.57167 71.94390
9.05226 97.23196 88.86901
81.13551 47.56063 86.89431
94.41935 48.28169 68.36113
14.46142 66.98423 80.08951
3.45833 89.30037 85.98028
22.54450 83.54791 71.66823
56.60307 93.40295 83.38420
94.49601 87.94662 35.76258
13.54630 81.69166 68.81974
11.62954 3.07279 45.23934
99.84354 33.63535 78.30372
28.18870 81.41655 83.54164
74.76229 97.96963 98.68690
97.97332 75.32330 75.89183
13.08442 97.63710 86.49857
16.25015 42.69916 43.54523
31.66106 90.63565 91.13759
46.00507 78.26572 72.24245
5.13415 33.64442 32.69785
19.24932 80.09874 84.76656
9.36231 91.20105 70.85095
28.12121 81.35374 95.38966
24.62881 21.52025 14.44456
30.91585 69.26116 73.58455
23.45371 39.98966 40.16400
12.86647 99.80827 75.14241
45.65655 91.94021 96.81599
98.62648 14.97025 92.36966
13.92110 67.13120 78.65375
43.58858 86.75504 69.24264
69.14814 7.44276 95.86458
88.79843 36.81215 91.81937
31.37343 90.87331 99.24743
23.08864 75.58933 87.78658
34.92785 5.17869 27.86329
15.57345 85.29396 69.50919
70.65260 96.74830 35.83429
75.87027 75.33020 23.41343
19.09465 79.08769 98.86098
22.16827 4.61339 48.28585
36.66172 91.11734 90.68885
27.00384 75.71004 80.45878
4.33193 81.82623 94.61439
60.94545 51.14021 89.23018
91.66171 9.05685 77.38334
1.15828 88.99143 72.43538
69.52114 79.79466 23.47900
73.96239 85.34298 20.45982
66.91783 72.98117 66.40261
16.94843 88.41518 71.76136
36.37529 90.96787 81.33069
99.75224 45.35792 74.18338
9.07668 88.01170 83.99371
71.92735 42.00961 89.77720
29.88225 80.57758 67.67469
70.19583 39.66778 96.33676
23.77296 71.55656 94.80372
73.76770 85.20854 39.68027
44.96816 30.05983 24.72923
18.88709 85.85385 76.56697
76.39668 32.67871 78.96997
92.26978 51.27557 65.09947
17.00144 73.65323 78.22549
41.32634 19.37048 38.59199
30.51500 88.27319 67.24565
24.71224 90.28576 94.99581
37.43184 88.48058 71.20712
23.25775 70.80106 71.20679
17.99282 68.43914 75.97190
4.60203 71.60902 86.31068
29.17054 78.95594 98.47007
6.75279 94.45514 80.13669
26.43370 80.47752 68.52886
98.90467 69.01360 3.09830
21.79058 69.28825 95.01125
44.79950 87.10446 70.19698
27.45191 83.08730 89.00621
12.40891 90.78948 67.30179
47.61639 98.97623 90.84883
67.27855 31.47472 71.90470
37.52397 70.35014 94.54671
71.95072 70.05384 6.39483
68.62311 48.88386 95.30324
67.60269 91.88934 16.56657
96.43568 59.48416 90.08132
37.46265 89.10716 80.43179
72.59945 81.65701 16.49276
6.95385 90.17129 98.65349
93.78212 92.08348 22.96023
31.32081 82.66536 81.40816
44.74174 84.23205 70.52282
9.71561 76.52285 82.20365
49.56728 91.37087 84.02324
87.00517 69.97364 72.56000
13.87320 83.24067 98.06809
46.73003 36.97841 49.37397
1.76314 89.45082 74.54740
85.99932 54.69705 55.00303
5.08375 87.17785 67.98713
85.16057 46.62614 74.91235
11.45316 25.85014 48.88415
76.67442 78.65874 42.96319
3.31466 74.49468 71.34119
14.73157 27.22413 46.22682
28.08613 9.55601 36.88286
9.15560 78.20160 75.17708
42.38394 83.89106 71.09393
16.35502 94.89778 82.34618
30.00860 96.75925 76.76456
41.24970 97.48210 97.96691
68.82804 30.61339 94.76325
11.02011 95.65265 87.21841
44.99147 95.23767 88.09034
2.55931 90.08474 91.84237
69.55189 74.81353 46.66191
87.23674 11.85661 98.13023
94.42602 3.23985 87.97983
36.39268 96.75793 81.30853
6.05647 91.49503 71.42785
29.80879 96.30299 74.96828
27.59317 84.10370 99.02914
99.92798 9.13757 92.16500
40.80702 97.85929 80.37806
11.28421 81.92774 90.09729
12.31315 92.09959 83.46939
45.13165 77.48776 96.34173
34.73199 95.54661 96.85426
48.99069 91.67723 76.34881
17.05014 73.52376 75.85731
45.39017 84.01270 67.39323
74.08254 90.97072 1.14630
40.83072 74.98067 71.33826
73.43029 97.61635 54.89718
4.17773 95.34857 70.03914
98.66061 97.37905 37.07149
90.50651 16.67070 91.35825
58.69277 62.72612 62.83240
38.16221 94.97743 79.60874
68.97846 44.62281 74.14786
38.69851 25.84115 31.02231
39.96580 2.74869 20.48890
1.55638 99.96522 91.97234
23.89852 72.73713 80.51680
81.25573 17.35240 96.73964
13.02935 66.71778 86.55115
90.58140 53.69483 78.56744
78.05730 92.94290 29.60971
30.01207 82.17923 76.18193
9.18417 70.08372 90.52706
13.95723 72.40356 90.69211
24.44598 83.26823 73.98073
36.60255 77.43287 76.53391
92.20546 69.26390 30.10289
8.67420 37.95009 29.75935
44.70736 47.74202 38.86257
2.66595 40.84977 16.80383
25.58859 94.27642 89.06440
93.19145 97.87611 24.45573
92.85722 96.78277 37.64793
11.16936 88.41824 90.90020
91.17931 43.66111 75.59971
7.91903 78.75287 91.71408
41.28808 90.08120 92.46673
1.61261 13.62227 38.12157
38.57935 76.96053 95.70358
2.02375 84.53533 95.83000
1.77625 90.16316 67.80808
46.74693 91.64092 68.15646
31.28007 71.63113 74.76355
76.49211 3.31432 82.07626
10.65548 85.79012 95.03948
83.23316 98.10160 28.55832
21.96324 75.23304 89.33227
20.70784 70.40139 99.71006
96.48436 69.24165 51.33578
86.86790 74.25490 69.70911
68.89046 96.81120 95.92444
15.45612 86.32008 93.85404
81.45778 72.02402 11.26753
22.79986 99.71116 79.43449
3.34612 73.02209 94.09056
94.08219 85.48371 3.95077
71.27328 82.60710 1.00638
37.68336 71.42902 90.56224
44.29524 70.74828 98.85601
5.53242 67.37065 90.79579
66.67604 88.13276 37.02131
90.48052 81.55173 50.50193
1.93585 95.56395 80.10592
45.33424 73.30785 84.58734
22.99039 96.87119 87.89244
72.93177 32.20601 81.85492
28.19486 72.22311 92.66262
28.02662 93.92188 72.11414
39.20862 78.92664 90.82246
45.48908 90.10429 85.37369
71.96676 17.18153 74.44528
5.40208 68.51875 73.32441
96.32502 96.75722 28.48847
44.49688 68.51245 88.07257
15.31827 17.08894 29.44926
77.56348 36.26481 73.51660
21.08491 88.01859 78.94083
83.58571 93.19721 4.78634
43.46417 70.01783 79.56492
48.90151 80.03613 76.23908
47.12334 16.97964 33.23388
35.71795 78.27845 80.76013
80.34682 10.96662 91.06439
27.36061 92.13494 74.42254
42.68102 66.82057 96.18543
10.80269 67.63809 89.73861
10.79136 87.32775 78.32385
76.58834 89.86942 47.87536
60.40875 71.99969 85.46414
77.25607 40.72804 92.08161
22.69629 87.31423 82.54986
35.63478 78.99121 70.47429
86.75340 66.93225 58.61179
1.10522 98.23130 72.62606
41.76844 81.10767 77.66393
24.10257 98.49657 95.48632
84.98131 97.48104 30.52617
8.08669 91.61942 70.87707
84.29513 25.33930 75.27942
9.65035 28.54178 44.72674
81.87752 71.76345 93.55306
31.02938 89.20661 78.23153
13.71350 98.69840 87.83125
19.19815 69.87077 67.75155
15.42955 67.23224 83.05707
83.02596 82.36277 59.42824
8.23055 92.71055 88.04825
34.85333 66.79146 96.35295
32.15117 70.12374 87.53218
17.42761 88.54092 93.97716
16.22493 87.91495 85.82164
69.27825 73.73301 12.16751
29.30991 71.32456 93.56873
46.92296 76.86839 73.09284
25.90578 68.32789 81.74450
2.43650 70.30043 77.08744
29.10245 91.46937 69.27244
34.89135 96.52987 96.68717
5.95025 88.70879 88.35467
38.94710 84.59911 85.66921
38.48418 10.68759 24.40891
26.66500 81.34236 92.55896
75.05122 89.90533 55.36363
9.37170 74.42434 86.89225
22.49636 92.14881 86.14527
6.08425 99.51335 66.72624
92.95185 33.85430 91.67558
12.04195 71.18423 91.34664
52.34856 82.01567 99.33624
32.85742 78.66057 94.66593
8.38745 87.73053 97.90409
35.76887 86.81586 87.63639
36.84229 69.21888 71.57134
8.89967 98.32139 91.08209
32.36018 48.50729 40.71515
24.65283 90.08163 71.75141
26.67898 78.49262 91.84315
68.88898 60.33766 66.53396
21.56162 92.78578 87.61445
48.60991 86.39864 94.04027
18.23373 27.11116 33.01636
83.89668 73.78068 4.75814
18.11868 82.92488 92.66474
25.17561 95.53082 88.54048
38.58165 96.84204 99.09940
25.78249 15.85478 22.58375
20.77577 94.92741 73.84936
74.87681 53.22894 74.82941
79.55853 43.81647 95.44200
39.83696 41.64957 17.33172
21.09159 77.28114 90.75734
74.29048 13.80645 90.98243
49.43523 69.81318 71.51081
27.23390 48.18137 17.63179
33.08677 66.97476 94.30578
2.04148 90.79676 88.86120
84.86718 76.95002 84.74594
26.04536 88.62745 89.76676
48.76824 68.72235 80.82388
26.87256 71.72486 84.06939
10.82676 4.94629 2.79230
26.69708 78.24782 98.63366
11.64715 12.20328 42.48269
90.44218 69.70641 34.90898
2.47847 84.10069 78.99105
78.80501 3.18357 79.03672
85.88004 3.39504 79.53830
14.63236 78.17247 79.47972
67.65895 65.20495 86.11783
10.39154 94.24390 83.13365
40.49721 98.79329 85.07683
91.61731 17.05117 89.07517
94.49714 72.09683 56.99221
18.14335 98.01989 73.38160
42.04176 78.91017 84.76354
8.24729 94.55725 78.87474
41.21899 98.68870 94.15962
94.40021 89.10478 35.73890
17.36047 39.26816 19.49033
82.93173 39.79843 78.20154
69.46433 11.59148 83.10380
26.73658 93.42373 69.77642
37.14967 82.57923 90.14907
11.97911 74.18783 67.70362
90.36303 90.68048 32.35646
69.76115 79.70656 58.97050
63.73155 96.46783 80.32833
1.74495 87.08483 76.56984
22.96065 66.93661 98.22550
2.31804 80.32900 96.85155
35.99249 77.51419 95.89180
35.03962 84.06989 81.70121
20.41745 69.90712 80.28715
17.00032 84.41793 71.60594
95.78415 80.04604 84.15573
35.05031 91.88812 67.09493
94.46650 42.01373 96.00621
67.04814 38.43240 85.80526
37.92837 90.38483 75.60578
30.58620 90.59772 78.45938
1.61692 69.49749 84.68158
41.03244 74.34052 82.03350
68.42254 64.00090 67.13279
37.51310 79.16712 74.59768
36.41359 77.93381 93.46677
25.33412 89.43430 90.26480
99.03323 98.90926 37.45953
67.88693 89.39064 30.77406
43.41554 89.55756 88.06965
39.69452 97.58961 70.11649
20.69345 98.37353 84.42799
8.66349 93.86389 75.71436
33.66712 98.35100 68.28921
3.05915 85.10593 71.33839
90.50137 96.79354 90.76027
97.20620 98.65063 67.96375
6.64299 96.51686 94.47371
75.02406 20.99330 76.59277
75.56389 78.93197 80.73717
33.07314 67.86778 98.34405
54.99461 91.63253 90.73559
92.43335 5.39085 85.87893
62.74076 55.73144 96.63828
18.41915 96.24585 79.30349
9.73086 86.34148 74.57160
32.86090 83.63027 78.65470
37.66366 67.91623 94.87878
46.85750 47.54314 13.33703
37.00595 22.29339 41.03925
49.32194 72.88229 92.36022
11.07433 90.48790 86.07106
63.81749 59.11187 60.72677
71.61224 45.67381 69.35911
98.32328 82.11381 28.23857
83.25403 77.69819 48.74256
10.71019 78.50875 85.89118
2.66117 93.32948 66.76339
32.48457 86.04858 90.00122
94.29051 59.30338 56.73946
5.00842 44.50025 47.39289
67.20663 81.67380 41.08049
21.49699 68.08338 69.05764
92.61233 38.51374 93.67866
24.42583 86.57913 94.03053
33.83316 96.89823 79.44556
37.84975 73.85138 97.49928
27.24921 9.49243 9.99923
70.59945 62.35631 95.45139
2.04798 72.04848 71.73258
83.52841 79.57712 92.14329
37.85310 67.10159 80.40285
35.45265 77.42456 93.91532
83.30874 36.13848 88.30912
44.54073 94.98878 68.31439
30.99522 99.99718 91.88408
28.44386 91.06718 98.80263
44.48452 98.87707 68.57311
96.50158 20.37406 77.28395
30.82859 89.70485 75.55180
86.19978 79.09814 37.83750
31.71794 92.71734 84.38178
93.65799 97.04910 16.72464
92.06731 91.25327 36.55152
37.57718 8.06294 13.83702
35.73370 87.49088 71.19093
3.77362 67.97209 93.34927
8.42113 70.08903 96.54178
21.97841 88.87999 74.19766
4.62364 96.93781 67.91625
30.54673 91.12623 67.05781
22.52265 7.93796 18.07189
82.53219 84.64850 69.15117
36.22560 12.44043 2.24581
1.92345 29.10845 33.25130
21.53916 79.33877 67.24995
15.56469 85.79033 78.55018
33.78351 94.23361 94.31504
18.32385 73.34791 80.92764
21.80779 67.69330 97.38837
85.20374 85.91484 80.54010
77.63159 91.04755 47.14062
24.39294 97.76865 86.02745
5.54361 74.28217 98.89554
80.34074 25.44266 73.41400
64.81192 54.87681 95.62050
37.44115 86.32323 81.86042
40.64900 87.74678 87.35838
58.52279 82.25379 79.46236
30.55865 73.47352 92.89411
44.03959 89.50151 83.43374
20.24112 84.22648 90.50821
6.58592 84.19378 85.23010
26.33520 91.16882 81.85202
95.48823 3.24934 95.41960
57.89579 83.69487 71.46575
17.36701 97.50486 78.49910
47.20844 84.57734 69.97661
12.63996 67.83820 80.79250
15.61783 33.51131 19.93223
41.40577 16.20882 47.67621
37.59977 67.62282 73.63292
31.76483 19.31869 18.18365
76.68202 72.40189 32.37675
73.05754 55.26050 83.23891
21.54501 18.85377 3.08548
33.15912 24.07558 32.36551
7.52737 96.05319 67.17316
68.98568 93.48186 37.20165
28.04731 66.74881 88.96638
10.63087 78.84009 99.13944
83.56696 42.01732 72.04699
44.91401 92.31748 71.46395
73.22365 35.55073 88.33443
37.05992 98.78839 94.79529
22.09785 67.84712 74.99052
4.04941 84.31658 72.22719
32.41920 89.42572 98.66910
37.13806 89.29681 71.35871
78.59567 70.78402 11.76143
43.62436 72.46383 96.68778
15.47783 42.43401 7.30954
31.91059 66.73339 90.06109
32.75504 5.22754 39.22902
83.37354 75.53922 63.90691
42.04351 16.19757 28.33496
14.40032 93.22856 94.40934
20.94104 49.79474 8.83804
98.34210 90.67340 67.65682
84.30079 44.85683 69.13629
94.78609 29.80833 92.57430
47.84591 74.25088 96.11921
87.76434 71.36055 54.23882
67.51500 18.71478 96.79021
7.70962 79.33418 86.56812
30.58598 78.56467 98.10579
20.20888 66.91115 72.64773
95.60598 23.60462 82.73873
11.32136 76.66257 75.50529
62.64180 93.36803 55.81257
78.73680 81.49890 11.09158
22.16623 82.10253 79.13084
6.53120 95.33748 96.28946
37.25097 69.86894 83.25702
60.94247 93.34986 53.75461
89.27521 82.46285 28.81302
32.57505 74.43146 77.69182
5.33079 66.81703 80.85450
38.82399 19.27193 45.22221
11.15487 23.78798 44.97281
94.37872 39.59365 80.96636
89.64702 76.98840 68.95190
46.09261 70.84064 67.80072
72.64586 85.61659 94.90074
32.41923 9.45610 43.97411
15.41716 78.74742 73.27923
40.08979 12.96207 20.88570
37.39214 26.74476 7.69741
23.40533 71.83916 97.57597
15.06192 84.71170 83.75307
38.13588 78.91202 96.56333
9.41402 12.48089 23.20809
94.44624 73.68741 60.81778
10.95458 87.39142 94.41718
27.11365 82.35222 74.79595
17.19244 67.91040 96.90942
34.14919 94.61971 82.88386
1.65361 71.02966 87.63412
67.87543 38.55299 69.16420
2.20151 40.32698 47.11140
83.15276 90.53094 41.92692
46.81189 91.84430 84.69606
32.13987 86.78436 68.57830
30.17081 76.31421 87.58131
22.11922 71.79773 84.04523
18.93197 49.33728 31.11164
39.93541 76.94280 71.74507
45.43912 71.06987 84.19463
88.22379 83.74375 30.76840
93.19112 60.99915 74.02806
94.85210 5.20059 86.54158
34.20193 94.78013 77.34960
87.35879 50.43157 98.34194
20.59627 83.58137 85.68643
11.89686 92.85810 90.63294
28.00329 79.45026 77.50230
14.63354 5.94564 1.53411
28.17873 96.35218 67.78076
91.19156 88.42692 48.53086
22.97303 78.73859 78.65700
49.25806 96.55260 91.23409
10.63743 70.50087 72.78430
35.24613 75.20855 82.77209
25.07350 69.36290 75.03693
44.96418 87.14750 91.66336
88.04580 86.04113 49.86065
35.23756 86.90309 73.62567
98.09967 58.69177 73.76548
26.04522 77.91878 74.28216
23.44746 88.81715 82.53037
9.53983 95.42301 88.29557
69.39182 58.91700 92.87121
46.93902 69.86472 83.47610
12.39449 72.39602 74.10986
99.06602 42.96244 71.64918
96.98987 9.30919 87.09991
22.55039 73.32296 71.37738
42.74928 43.10584 31.57268
32.52439 74.51811 83.06716
31.42696 94.56769 69.26298
35.16463 69.81140 72.33143
44.45406 81.27035 97.65060
36.12510 79.53323 85.88717
93.13172 90.77972 94.00896
98.07512 20.41476 67.58307
56.17094 71.01569 84.23395
80.99301 48.59027 99.80683
46.12321 30.61472 24.07482
14.41812 72.98452 79.32735
42.34724 88.71587 86.11671
55.22071 50.06548 91.39330
62.44432 81.38313 67.30530
32.38672 72.29386 71.18624
26.14585 92.74104 99.62453
16.90664 14.39413 12.73080
42.63430 35.75333 30.84067
40.52773 42.79595 23.35784
41.07476 83.76013 89.32692
78.81763 68.63332 53.38898
41.85165 22.55929 6.87116
43.31186 86.05321 85.20546
38.57225 84.62087 97.45510
63.15135 84.51242 96.02251
89.28691 49.43507 68.31866
29.47254 95.67564 93.65624
16.33726 84.08603 72.24464
88.36541 87.24838 36.81874
27.84852 75.47582 74.82467
39.95058 99.18905 98.95248
44.73899 49.67848 32.85705
74.24238 72.07520 18.98990
45.80827 68.91613 91.72664
49.25252 98.50801 95.19885
99.46507 66.88476 74.79405
17.48093 94.37121 71.55102
2.94863 82.77411 95.09754
12.04405 79.81687 83.20298
78.76695 20.35652 79.10254
95.51563 84.97910 16.48447
28.49189 38.21228 41.50441
45.77668 90.34160 77.48821
42.02036 68.26275 75.52765
2.17877 75.06417 92.26283
74.61566 70.87213 48.92376
37.29280 95.32444 71.93256
19.51440 73.26376 94.43766
25.07857 70.37157 86.22074
44.39003 78.96919 72.25393
24.39003 76.34859 77.91674
37.69651 93.24575 87.42069
29.13774 97.65443 82.16053
71.64268 75.72484 8.17763
5.59995 98.01352 73.28353
2.01070 68.00778 90.35758
95.66445 1.71919 81.44740
24.48349 97.23704 89.41632
74.45367 64.75726 91.31495
18.69704 69.30319 80.22809
26.93841 15.86025 31.08631
47.81205 97.95370 84.34123
49.99314 77.61953 68.53216
72.76429 80.30404 44.63325
81.34892 19.09750 69.04984
86.81045 89.26401 5.35747
45.45444 20.51300 8.59242
42.54847 97.94971 77.49823
11.18419 94.17448 95.12818
5.46561 22.82037 33.79854
24.60292 76.02244 99.80846
43.29485 67.82458 91.61061
10.72584 26.12755 16.77982
88.37993 58.34297 63.32826
49.91984 68.22766 81.59416
20.79180 32.28997 15.88035
40.81519 97.80065 88.64619
91.33264 86.93214 20.58080
26.07985 89.20335 98.53562
45.86052 80.50691 97.21007
31.66386 34.89759 17.04080
9.58534 69.15727 70.48256
27.43243 86.30525 71.70161
39.19884 91.57497 82.21165
38.71287 81.15743 71.70249
18.41162 88.23457 93.93926
48.38992 87.23712 77.39092
72.72436 73.10172 36.10599
23.14827 67.75755 67.81154
2.57367 75.82392 74.15218
95.95741 29.21527 69.46074
90.29240 89.02613 69.74969
28.40622 75.20261 88.55952
8.29089 85.63177 92.31855
3.54604 4.09703 46.70493
96.22526 78.47183 64.13591
42.29506 94.80340 85.24277
6.08131 96.30059 83.15074
30.57919 83.95015 83.49410
20.91642 94.83598 83.33540
1.67148 72.68588 86.76941
99.44992 33.27267 91.49452
98.02559 75.86802 18.85148
79.41646 62.64586 61.19629
47.31484 91.24822 71.13415
95.21027 2.51789 72.53215
31.95565 98.19179 91.58083
83.54922 37.89734 88.79869
3.17205 92.13523 86.01452
57.62480 67.71328 52.12990
33.47531 83.79046 68.82692
6.99596 15.44903 43.18589
5.03180 81.44305 87.97998
32.43181 89.38450 77.23824
93.79656 32.10649 75.72927
27.11049 81.74187 98.59875
8.92200 71.79377 77.86160
