100.00000 100.00000 100.00000
24.43660 11.30275 7.66265
93.29085 90.13393 21.37406
70.07600 98.49947 6.55807
73.05168 70.63362 39.72363
2.79502 83.67285 94.33390
90.68011 81.30279 43.86686
98.67118 52.81691 74.88841
85.48867 78.23324 33.72660
88.17397 47.39218 72.79397
75.52723 40.95077 84.29423
67.01688 70.50056 28.89705
94.38700 35.77483 92.39500
34.74467 41.86067 23.86525
70.11226 93.90940 27.35088
69.44841 71.00768 33.09793
78.70325 66.43877 84.82377
99.07714 82.76290 10.74599
15.73529 83.43346 70.66290
80.19250 79.93626 32.88338
88.93229 94.14052 4.13106
4.85756 1.86103 34.32839
73.16577 80.67323 43.84601
96.69566 89.82191 43.70769
74.93835 68.76259 36.98402
81.26737 66.92476 12.25694
93.01497 96.96035 43.14371
77.69606 93.53503 41.24736
92.22323 88.45825 19.67760
77.98466 87.59332 45.93490
83.82889 95.42905 46.79510
71.25874 84.95144 25.09122
74.50692 53.79556 74.52892
15.13366 10.46794 17.35966
87.24189 86.74811 47.71969
86.75025 83.02120 13.65588
36.02545 67.38712 71.77927
70.69934 72.74304 16.99474
33.89690 75.23646 94.08448
44.92754 86.65351 76.70070
75.25168 67.52581 3.47455
83.78408 87.24849 34.21824
72.63424 77.81321 16.76209
40.13573 2.93163 13.22883
84.85237 86.45202 44.97258
2.20670 19.99509 7.38364
26.70218 96.21770 69.85599
76.23850 62.81299 72.38532
72.93359 99.58952 30.82795
84.25025 90.51644 38.30997
95.92604 69.80992 11.80274
70.99065 99.55113 15.19439
92.11043 98.63013 19.38916
17.95624 71.91467 74.95798
69.26845 39.92730 83.80899
76.23872 93.57839 45.08348
97.31036 17.52121 96.74692
81.42457 91.63930 23.84920
20.79759 84.69884 96.28269
76.18159 13.54007 76.71439
35.18757 44.08469 47.30080
29.39399 93.99198 75.55016
82.90423 99.79162 23.60040
50.07993 57.90698 54.19349
40.97221 67.50697 78.70424
69.05094 87.73010 3.47715
83.59539 82.52862 97.09954
98.08145 80.83604 86.34419
79.18839 29.62070 93.75010
81.71381 49.90823 82.89905
78.67116 92.65378 63.63886
79.09793 83.56116 19.26227
98.14959 79.02251 29.26994
36.68506 7.56970 5.25402
39.26602 7.78457 15.20919
91.88112 96.55119 17.22470
86.01423 6.57765 71.05826
78.60218 85.74271 39.70805
80.66002 74.86979 23.00667
69.32884 93.58367 27.55489
98.68605 85.06717 43.41266
77.38784 68.16751 47.73560
82.68588 71.01987 25.89620
89.24287 87.29572 49.78699
16.64798 97.32000 92.22129
85.82704 11.32517 78.88646
79.95251 69.88606 27.20937
51.11580 75.78367 58.69006
70.94413 92.11850 9.66369
92.59908 91.67055 15.56738
71.04874 94.85685 25.64164
72.89718 86.98905 46.68440
77.50705 85.92202 42.73036
82.91874 81.26091 3.32100
44.04406 70.90559 90.35518
95.94678 68.91436 11.09719
44.53534 45.98510 5.27223
92.22276 91.53842 6.87223
82.30468 94.81462 6.62368
66.68641 75.81825 18.81711
89.20553 74.52520 34.43168
70.35261 79.10239 14.89013
98.71065 76.93885 21.34414
99.19087 78.24206 46.05070
10.71442 10.09669 30.49481
81.37466 91.75618 17.12170
90.35516 67.81794 18.30060
22.66699 37.19222 22.46382
83.81658 96.11870 10.53097
79.82664 36.16114 84.42193
89.75912 77.25084 16.45039
69.60291 2.23231 96.53300
73.87259 10.92402 70.22908
45.36078 71.65407 92.30537
38.43459 89.17290 86.63101
10.26752 76.11770 88.02150
79.04246 88.86118 3.99081
3.57286 66.69660 87.11802
70.09582 71.92806 19.78305
97.73108 88.20553 46.72301
75.39254 71.56852 25.18682
74.77869 38.36959 68.63456
75.89046 68.56671 14.06782
69.46886 70.80964 1.01144
78.14422 86.28463 63.81442
94.48182 96.25173 22.54274
82.91970 73.15024 28.15788
78.82595 67.79169 29.96619
98.01128 97.86679 20.65702
76.01237 80.47919 30.76877
90.50438 71.40904 11.34444
43.70354 88.01118 79.02299
89.37064 94.02433 8.82086
41.79704 39.18220 46.06314
86.13354 95.99576 28.65531
31.12764 27.76965 8.91141
85.12511 99.15008 5.92559
97.94012 98.79331 33.10628
94.61477 87.45066 98.80524
96.58672 83.31420 3.74688
73.03745 78.53818 46.59898
98.15953 10.73473 92.00218
78.39496 86.15996 21.82891
71.87858 76.10779 16.84144
90.03845 80.35892 70.65356
70.84571 93.52284 7.04815
88.03697 78.49090 7.31326
23.02780 18.01903 10.41263
67.91010 81.99881 8.18592
96.89451 54.05822 53.96207
64.49105 89.57078 94.92532
72.45252 80.86241 46.04191
95.45917 78.82560 41.77157
43.01098 88.70196 79.85523
99.19237 69.89464 43.18263
84.82507 76.06187 1.50709
19.88912 1.90705 4.47949
82.39066 95.41398 21.17412
40.34907 42.94854 32.13501
86.28859 31.99923 90.43324
76.82205 78.89957 46.82073
71.67195 85.20301 27.42005
32.80254 41.36887 22.50647
77.93344 68.64155 49.85460
87.50999 83.17189 33.26902
86.56340 4.87721 93.89777
92.20002 72.56190 33.15145
97.02104 96.59330 8.56480
86.69928 25.03606 98.06970
23.04736 90.38571 74.87638
95.09095 61.37206 95.89437
88.38848 73.23867 97.84031
79.76301 34.88190 78.66161
84.30288 32.31963 78.63354
75.10634 95.90448 22.19973
70.71470 83.36087 48.37673
88.06605 83.01465 72.78698
74.72033 70.19132 47.51658
94.82541 77.34825 2.22527
84.54318 66.97714 49.42734
70.38528 95.47653 49.18142
2.13177 33.16836 8.92586
98.39557 93.57373 22.79658
72.12082 42.48493 75.36515
82.47365 88.22733 25.47516
69.55986 24.21523 81.29533
66.72058 40.23028 68.74428
86.15554 94.58710 46.81548
89.85576 95.84326 16.04634
67.44016 82.45060 9.55420
88.93171 8.76769 93.81368
89.74992 81.48536 26.29912
93.61084 1.35923 76.07342
39.99184 66.96845 96.78881
8.67541 70.72010 81.90920
90.71428 83.36021 3.59694
84.25897 2.49105 88.75103
84.70358 73.05446 8.89938
75.37194 44.52866 96.33227
74.89706 89.97473 31.64101
84.48277 87.42541 49.81188
80.32133 78.99655 17.18132
32.98666 99.50373 69.48412
21.16908 17.79765 49.19579
97.30173 85.68375 49.59811
11.18849 96.88612 78.45164
83.96096 81.43442 33.89808
98.56470 74.31407 35.94897
86.79236 84.70709 12.43430
12.33209 41.45706 2.84524
92.01144 97.93768 39.43955
86.31508 67.82320 25.35835
69.73981 57.16559 85.30837
96.55467 92.55493 47.91573
89.69014 29.88006 90.73938
89.46518 99.11943 26.70281
74.53691 93.88163 28.85427
78.79671 95.88349 15.87137
32.27301 1.66120 44.76105
21.65941 81.51759 85.51818
9.86193 80.50492 94.59890
70.37807 71.85895 31.13995
86.42536 78.06957 16.41157
91.04140 75.60242 14.22251
71.76056 76.32219 30.83283
80.91215 67.83039 44.50511
31.86311 94.10654 83.94774
83.33097 85.53440 27.38191
69.55347 51.75447 60.33960
76.17813 36.78011 79.82185
28.02413 6.88065 28.27115
4.07090 46.96159 47.61128
16.90550 49.34951 36.03007
86.45576 79.55373 27.91812
86.36701 98.61511 30.58874
94.75264 94.91635 7.25737
84.57024 70.07445 35.12441
47.65503 79.77439 94.14878
77.16596 81.30477 22.33607
69.88746 76.24372 24.04316
74.96718 81.21916 38.18938
86.70001 5.34934 86.74673
73.24679 80.73590 14.64827
78.65785 73.79678 37.42229
92.24520 79.98891 40.08927
12.53250 6.01973 49.85241
67.38126 76.85551 41.62759
15.44357 29.11928 22.19720
6.90929 30.29694 35.34405
54.85774 94.97693 86.53718
90.47493 96.21421 25.58786
79.64936 73.56015 25.71354
81.63261 71.68453 9.56632
95.31156 78.99604 46.58916
95.84707 53.23526 75.50804
81.86675 98.74661 3.64116
20.08129 70.74034 92.71759
73.48512 78.03372 17.23081
88.99287 17.85205 99.93179
77.69694 97.21745 17.10106
92.84601 78.21763 6.60540
91.88825 95.44548 18.82600
99.65871 98.74545 8.09011
15.71793 87.74377 89.38739
90.33418 72.81874 8.21900
24.03866 26.44211 35.91138
91.54144 11.12326 71.44645
64.13528 56.91492 52.79909
75.80044 93.64711 9.70098
97.21467 92.73483 13.29443
4.40988 79.66594 92.44270
20.18953 75.77728 83.69317
85.96140 92.82775 43.03792
77.78701 71.33839 25.70477
90.54615 69.61068 33.88039
69.63547 14.03086 82.59142
88.20833 77.38536 49.07845
83.30911 76.82343 30.44262
93.01881 78.31543 1.82072
98.90275 79.74936 2.42429
60.71356 91.26932 88.49471
68.70285 73.60367 39.06813
67.10612 83.27261 4.38179
93.06620 85.49347 28.51920
82.53954 92.17991 6.78883
95.15560 56.55599 55.39190
90.62099 27.82652 70.24862
67.36097 80.68142 18.17480
41.95706 99.52901 74.61997
83.21292 85.72294 36.68892
30.93145 76.61605 83.11907
72.51814 84.56951 40.62164
65.38888 72.57176 66.09083
94.06721 71.93368 1.74142
90.93838 77.06028 11.82796
24.78194 15.36779 41.64127
92.45719 97.74380 11.95567
73.16425 82.92796 23.55896
93.13693 67.85749 23.20864
11.86489 67.52184 86.32426
12.20507 34.34886 23.29573
89.08798 94.71158 7.70465
73.78035 22.34459 82.14176
29.99440 95.23270 70.47967
37.84657 73.04369 80.39917
41.19915 18.36409 15.07366
89.49218 64.60491 71.88221
35.43194 37.90875 32.60412
78.33272 93.58501 22.28598
26.56404 40.83832 28.51859
95.46570 97.06289 10.05612
35.36109 95.16105 73.92275
87.68059 90.16469 11.13941
95.30660 90.62139 96.87348
91.83546 98.87984 9.13319
92.50618 92.72621 32.33177
80.78796 98.36769 4.02216
3.98579 68.50110 99.21162
42.03328 85.45635 86.49534
73.27288 94.67592 35.88076
85.25607 98.29170 23.15805
83.61345 84.93612 37.98675
69.10043 85.24854 1.57466
3.25101 82.02644 69.24343
84.97925 34.07333 96.86399
17.06208 35.73863 21.25536
68.16099 76.92066 2.32802
95.62567 74.44905 35.01252
97.43323 88.26332 21.35190
81.35520 92.73889 25.44546
83.18830 84.51198 33.13370
97.14156 90.94732 22.09042
21.38320 6.01223 19.31166
75.47166 75.76303 49.52723
82.34633 98.52380 44.65052
94.92795 70.68130 15.52549
92.64839 50.35610 58.60525
99.24734 45.17171 76.05962
5.92097 74.14466 99.32788
88.91721 99.28346 27.52960
61.49519 73.75764 55.21588
23.59657 96.11590 67.83000
81.11632 82.77348 16.65150
50.12668 67.45687 92.63965
82.01269 92.01780 3.34244
87.29333 80.46449 44.33237
48.07358 47.53597 14.80959
66.86862 74.82409 43.24494
75.34262 67.70138 15.43419
92.90934 88.45211 19.45953
76.18203 36.38861 70.50400
57.99325 91.64155 68.38223
73.19891 66.85041 48.53602
47.36714 82.59328 84.05893
69.49951 92.12588 28.03049
46.39131 3.58747 26.06228
81.63826 36.15010 95.07572
67.23784 91.12439 29.86339
83.96264 99.25860 40.77197
78.79901 29.08577 79.61816
74.83675 79.99953 48.64355
39.90069 49.79162 7.54355
95.64828 79.43417 26.56819
91.33706 97.90504 23.52384
85.30978 81.79203 21.17674
81.27403 85.86773 30.99919
69.08011 72.42139 96.89599
51.70981 91.01556 95.57478
79.10909 80.49001 5.40206
88.33594 81.97908 56.20328
83.04397 75.98269 1.38874
2.21132 28.84544 6.15392
80.55799 89.10987 30.67846
83.70741 83.29819 39.32812
68.68259 38.84718 82.66372
81.57629 70.05689 34.91519
84.67407 73.17809 42.08648
68.08733 83.96256 43.69412
78.18829 68.06479 16.39628
68.95544 82.95877 90.89829
74.99386 86.63698 18.44524
88.81872 66.75530 22.00913
80.93317 69.82348 87.54645
73.92047 72.80625 41.91107
89.06541 88.86032 35.03536
77.84039 73.98237 13.97887
87.89185 80.19772 24.19788
80.38350 96.39901 39.42264
53.18559 87.61414 72.04151
76.28028 90.26817 26.89039
68.67917 77.77842 47.78316
78.04221 94.66032 37.10018
55.28246 72.18964 97.78560
11.29207 30.29597 47.87654
79.15435 74.39200 14.98097
6.59465 68.09827 81.58434
95.38635 37.07638 85.93305
90.01279 88.43423 12.20309
98.66570 74.40575 37.32930
69.66465 88.18903 13.89268
70.39633 86.53511 22.09705
93.17994 82.64983 28.46444
90.63121 67.67082 45.06701
95.78099 21.81697 76.48461
81.22640 93.80999 45.51461
88.34815 72.79984 27.69719
92.92528 80.14266 17.80590
99.20384 67.09900 10.60468
51.55107 82.89446 63.89212
94.13926 99.13073 35.29414
55.15865 50.58546 64.57582
88.88902 88.69756 38.62320
82.76423 84.74509 38.00620
22.92193 89.87812 73.07811
4.89124 90.63654 89.31139
14.69454 3.36648 22.24827
78.87083 69.14170 33.41829
1.69136 25.85858 41.08709
86.42171 75.59593 4.14180
76.20225 87.78711 13.50201
19.56225 31.25331 47.32047
94.12033 74.35045 49.25836
92.68897 91.89880 27.89259
99.15858 85.00385 38.47400
99.29431 96.05453 15.90937
69.53657 46.88591 94.31440
37.17251 36.16380 16.06396
18.92284 47.88091 25.65093
25.36835 77.24175 76.46596
69.77887 72.78366 5.94882
83.14886 98.84416 18.52656
80.63098 66.74153 14.90775
95.25675 62.30600 72.51720
85.55827 84.30434 40.45496
7.63550 73.96254 80.74764
36.09619 29.89882 30.38286
82.64438 92.74284 44.42081
93.54904 74.56992 20.95554
7.82436 90.10703 92.79642
72.81759 94.44094 5.88501
93.63605 36.33533 96.99773
95.77303 97.35844 5.73651
83.80060 95.37868 59.41215
67.35160 82.68875 10.77602
86.04998 68.54207 20.82560
66.98914 83.92418 14.31405
73.69498 92.67334 29.43360
25.37593 30.64074 2.51266
66.67264 73.88355 26.62823
77.45152 71.99240 2.38550
99.33701 56.90697 76.49829
4.03501 9.79195 17.58164
79.37900 18.54588 82.86310
29.29399 81.41183 90.46672
95.73016 88.82223 22.18169
70.94612 72.84053 8.60683
92.46678 85.57221 37.46955
33.12849 82.14635 78.87522
76.13106 15.37334 71.56311
55.97135 87.11243 63.95009
91.72033 20.17281 97.91958
36.16412 90.92536 83.64395
33.48530 72.21419 93.65475
9.21108 38.89366 40.00438
29.62632 95.39921 99.29764
86.88652 72.98660 18.84273
73.62080 82.27630 15.32960
17.04113 46.09084 13.46776
81.11927 87.34225 35.35591
6.38293 81.76577 96.26508
95.49514 99.05158 25.91742
97.73373 79.64431 67.97374
70.87005 79.81847 30.08367
73.63753 19.27843 79.19704
89.52947 85.30414 8.02000
94.44958 3.68696 94.04040
34.67440 79.84947 78.32301
95.29933 78.86802 33.13270
84.73125 87.10841 74.13332
89.46174 79.86661 38.66654
82.01228 98.91620 25.58811
96.20014 84.35372 33.81513
75.93620 92.54570 11.78671
77.35567 88.03746 1.83490
91.90939 73.09283 49.74722
90.19291 71.65453 2.69878
74.57123 67.92748 13.00569
82.15799 68.78059 8.90599
36.74724 3.72309 28.02352
6.23709 74.94875 99.17787
91.17201 55.13578 62.45973
7.99405 91.22878 86.55805
92.96113 96.01135 85.16348
39.58975 23.77388 22.00438
98.07334 47.72936 83.47950
90.37284 8.73948 93.87106
83.68113 76.51280 24.20471
86.24174 74.59020 15.27757
73.10302 36.18365 88.91504
72.52284 14.74756 78.60255
59.21703 50.88988 84.49935
71.47036 79.76676 47.64067
69.05135 92.98688 69.46561
91.49939 71.29173 41.24766
33.34002 18.42359 47.28364
72.03425 76.24813 48.16387
9.12634 21.69729 39.85849
81.23993 81.93954 49.55303
60.40225 65.88468 70.40840
72.55924 68.59745 44.01153
11.35112 42.86355 16.87383
48.02522 91.16929 93.25955
28.72964 19.06858 23.66628
69.40018 85.20398 47.58396
76.18003 96.83191 22.47153
73.04417 83.39464 18.18891
67.65199 92.93660 75.37422
35.34316 96.06597 68.85959
93.64265 95.66729 19.25692
67.95438 82.69892 46.34382
6.70012 25.92236 31.26133
98.50003 80.95350 31.86986
45.26242 27.60572 28.22814
92.45965 71.26248 9.48844
69.00670 75.35825 2.81543
78.38689 74.56431 35.97904
31.41089 96.03428 77.23164
79.69887 70.32275 36.62437
95.78974 73.72569 41.59720
26.51370 23.83675 21.39123
69.12127 83.32210 8.52770
42.91477 43.45823 7.43673
99.10017 82.61443 39.89352
92.70448 69.77767 28.21736
88.83788 94.43510 14.34889
87.15192 72.11579 31.50865
71.87039 52.57176 99.99180
72.61523 75.34724 39.73187
98.14070 86.75462 15.66581
9.74961 85.44236 98.69836
93.13118 80.25313 15.91152
66.17110 84.06763 53.22862
70.45878 84.31685 34.59219
47.97104 76.96146 92.26426
58.58348 51.87200 69.02182
26.94091 94.56578 90.83865
85.34713 42.84947 87.79938
77.63745 71.46139 47.16961
94.40578 76.50508 29.43702
1.81521 73.11865 90.19295
96.41571 94.85367 67.65466
66.93098 74.37563 90.65884
38.02680 91.61748 69.96937
84.44906 90.20971 47.42187
92.78188 71.58920 16.40353
87.54944 60.76069 67.53553
98.65565 92.68576 17.22649
85.49777 84.96009 6.75297
82.59465 86.01394 2.11725
92.62381 7.72385 99.75970
83.96011 65.04605 70.54834
97.91967 22.18525 94.66665
75.10205 67.06373 44.85502
83.53359 85.04725 49.45116
99.58589 72.06876 61.60866
93.11143 97.80097 15.95192
71.15549 84.47596 9.74694
36.53517 40.49496 38.72809
89.76073 74.41578 48.92421
14.87387 35.47797 29.09592
59.40809 83.52404 68.76516
82.48834 84.79690 21.66287
9.18792 76.30537 93.12038
83.19771 98.77834 38.61482
5.62391 25.37588 1.45624
75.90637 21.65162 99.62811
72.29252 73.53846 37.42625
69.55271 79.76769 11.36565
81.12973 80.64786 34.34075
86.91855 79.81994 32.52938
79.21635 62.26999 92.66108
33.46770 92.44276 94.59165
80.96641 78.67295 36.92658
72.03548 83.89801 34.12405
79.09094 98.04690 9.08089
15.26258 28.33030 14.24072
77.44173 68.99358 39.81603
98.09945 74.45997 46.03379
79.47859 70.72052 16.14848
79.20498 97.58874 25.88446
99.38300 95.82844 8.31116
67.40722 74.65817 42.32856
75.76424 96.28725 29.76644
69.46193 76.39938 29.11555
18.19393 30.90549 36.04129
84.94018 82.37196 49.76529
75.29101 69.51659 10.71819
83.55485 93.29379 45.30320
92.53767 35.99214 90.20375
7.54129 71.64826 71.40295
37.06551 47.89685 32.90342
82.29315 82.52987 32.32741
11.37853 82.91922 75.50073
91.01010 90.90630 53.54431
71.58338 6.17540 91.98556
13.98061 2.50581 41.75400
69.82188 96.96984 47.23413
92.67855 72.19290 23.43652
75.40563 77.21492 31.01328
97.86504 75.97380 36.98822
8.24415 2.95890 2.18819
12.18305 75.84951 88.27055
92.28415 72.04986 20.79714
27.30797 90.83199 88.18582
73.35657 85.47255 41.43248
74.83644 98.33786 10.88008
72.74236 84.71206 19.32873
90.26784 18.29355 80.26969
93.24374 41.21674 92.87967
91.30523 4.43013 93.75546
77.31691 92.79463 46.61500
25.65904 45.45888 10.17652
69.24940 92.44038 44.15681
84.76040 10.20278 77.12349
73.16082 70.00683 84.45127
77.86785 94.22584 49.84659
64.57149 54.59897 67.09452
99.80166 93.12452 43.56867
74.16349 70.81097 44.25108
90.43568 81.92040 27.69824
29.80080 84.68112 68.70332
40.22881 66.97677 98.04922
99.18609 37.92175 70.62633
67.94653 69.83185 46.54970
80.93824 73.32024 24.50388
71.13655 85.75932 30.83020
84.11312 7.76291 92.61906
91.76282 91.64602 14.97779
81.48999 87.78311 2.04133
94.19704 70.68752 93.45302
48.73566 37.92093 40.57381
66.96380 73.64839 26.64750
79.99321 74.49802 35.74844
97.13921 84.13531 7.20553
77.78652 75.27561 17.10646
19.36761 76.92806 88.80917
7.78399 17.55002 41.26772
70.63711 77.23486 20.59306
95.04761 85.53926 28.05438
98.84705 4.02319 68.89369
73.30943 99.57994 11.25619
82.86940 71.33038 49.85770
73.77870 12.58170 78.73539
95.73682 22.71923 73.18456
76.55479 90.67008 18.58896
86.88098 78.35748 7.22660
83.15648 90.17666 30.72454
98.52278 55.81558 81.97073
80.94585 72.43420 30.36140
71.07932 32.24557 80.33500
86.49724 78.99460 13.80367
83.51637 66.90961 29.27122
84.11090 79.65838 12.30669
83.88045 70.48361 36.29393
71.92774 77.47135 3.79950
67.81465 78.48466 45.25216
96.01188 89.22326 22.93265
87.18647 93.23983 1.63012
74.19232 86.97121 23.51220
92.47336 91.69093 16.72066
92.34411 91.47280 29.73685
40.27889 98.17038 79.45678
41.27785 44.00588 7.67808
74.69468 68.89585 64.99585
81.02520 48.06723 78.12977
70.70843 20.99350 81.63126
74.74105 84.51612 27.70515
96.98414 79.81086 19.34660
84.71502 93.42811 24.32724
85.61156 39.64052 95.85025
72.67785 90.12909 34.43545
61.45353 59.26967 90.17710
80.57091 81.29828 36.33532
29.47621 74.88446 85.16691
29.30365 42.67603 9.36595
71.02628 29.16708 86.90940
91.60731 71.96244 49.51020
98.63795 81.71854 25.39569
89.05846 82.82146 46.35564
15.78465 48.91797 37.69383
80.25083 99.81013 5.49961
81.10381 93.00819 1.01442
43.96320 76.51235 93.65639
77.10761 80.59895 9.41842
68.59138 80.07032 43.47502
98.45094 99.22326 47.26723
84.20198 70.61384 45.88905
68.21006 12.80281 83.76121
80.78712 81.10472 94.88286
85.95899 67.52878 6.38091
97.23716 72.51285 25.00642
77.93182 69.21221 47.87352
70.90905 84.76712 44.13744
96.15748 81.06233 16.95944
86.53913 67.04858 19.09637
84.41209 94.79149 27.42464
70.11209 84.10084 2.32250
73.68718 80.97629 45.38281
67.71915 80.41764 28.56433
72.93352 57.93481 97.34423
93.88374 92.31762 7.89306
80.88992 75.99043 26.07144
79.68573 79.77860 8.06732
92.95182 90.30772 25.44381
42.67375 33.11569 29.57016
78.45980 85.23870 34.22438
70.45549 88.35320 47.42876
93.56959 75.52875 8.89879
96.09307 67.60249 14.06059
77.73669 49.02685 94.80494
24.47602 77.86581 90.65407
69.99696 73.66818 6.18609
96.69772 92.52701 10.80767
99.28399 22.52287 77.77073
35.59414 98.65767 74.52314
81.89480 98.64370 9.84229
44.06758 45.84409 19.51731
88.66128 92.34630 61.90276
45.90529 22.06797 28.63716
96.25311 83.31411 22.71847
68.83708 77.80254 83.85412
83.60564 22.98876 73.72078
84.95797 90.06588 28.87455
56.54920 68.37334 61.03535
96.15699 72.26423 15.29168
80.74719 84.22335 6.03315
99.92517 90.47998 17.55805
96.21191 87.18790 48.20686
74.40521 81.46475 1.50902
87.36645 56.39431 98.07849
92.07931 83.88292 40.84308
81.13940 77.80796 21.35381
19.33595 44.65228 8.79193
95.48902 46.23038 81.46725
43.86477 48.86312 10.07446
78.77229 73.20174 42.37241
86.70231 96.59780 12.97502
80.00457 99.20738 32.51936
88.56243 79.52294 20.55671
89.45765 73.04988 14.54328
99.08072 96.54325 8.54082
13.24640 89.04845 78.43643
73.28272 67.73551 6.09738
99.23638 79.77797 49.67470
72.74768 70.90282 28.68419
77.07523 78.69779 48.53785
99.43853 75.59925 12.72973
78.82637 27.36225 89.57848
98.94424 77.25555 16.90056
88.24480 82.36027 40.64860
36.79690 87.10389 77.97223
81.01949 99.15116 49.16042
82.02627 68.13864 23.82809
77.98748 92.64089 82.22116
21.16057 38.71603 38.12935
80.14589 85.23839 33.55577
92.34416 87.01384 4.22381
99.60109 75.42162 22.97836
78.98825 89.54985 41.75054
79.89164 74.84099 44.43566
99.27140 67.93946 34.77392
72.60398 68.20145 4.13008
91.41941 87.86894 17.71334
73.68071 44.24914 67.92906
67.54227 90.65741 5.77614
68.09826 73.98723 2.29694
10.36951 76.02960 79.83242
93.67290 92.13850 25.71255
31.91393 35.53319 40.69075
98.70656 76.90233 32.56435
80.33343 79.68809 34.68740
70.92799 91.75712 5.16172
40.33662 35.73707 29.31978
72.49363 95.86213 47.41459
87.00510 76.65388 83.94976
95.43177 77.37498 12.63847
76.61050 96.13805 44.31424
99.16456 68.63718 48.16925
96.31446 74.14937 7.95037
77.17856 90.99795 33.40478
86.93751 68.99222 40.77211
77.55312 97.16762 36.93326
2.43493 21.24622 49.20506
94.95327 72.51676 30.57449
80.27311 68.03985 34.66663
91.15541 77.42992 20.03994
36.42751 5.81952 4.53063
76.04173 75.66830 39.72907
32.27033 78.38254 71.83008
23.74628 23.04428 22.92425
76.93969 69.98013 48.03310
50.48227 93.04102 70.26728
98.67548 19.62633 96.29321
97.52776 90.53806 6.24916
65.47538 62.53852 77.92624
97.58897 53.62955 58.13404
90.09192 81.40790 31.78484
16.93823 9.44353 48.46250
89.92087 34.42302 99.62843
98.44528 84.63481 7.64771
69.31533 91.22501 29.66559
75.56035 74.67664 3.47147
18.07630 4.07640 28.44454
68.14486 92.01242 27.04390
29.39161 95.89215 69.95017
91.51687 75.36267 59.72403
80.06571 99.24320 7.11300
86.64095 99.03434 29.55866
86.50978 81.73401 15.30452
99.76201 87.54823 2.11727
86.77593 68.45823 26.26222
6.25506 39.45098 8.39582
84.02082 75.00449 36.84293
68.37289 73.07431 16.29579
74.03447 71.13715 27.18193
73.71902 92.17177 9.79396
68.63762 98.29192 30.43650
9.64488 92.66370 70.03945
70.39012 72.21903 3.32369
72.69651 96.62073 6.50306
74.21329 98.41122 8.92735
89.18731 73.68489 32.20691
86.72832 67.27383 7.56853
86.15461 72.47512 27.67592
88.47453 80.01869 58.38666
75.79471 92.49710 98.96412
98.13285 82.58591 48.79430
91.08195 90.35397 22.58300
11.57537 5.73076 36.06980
77.80789 93.38902 45.18443
62.61421 83.44226 60.52003
84.55729 93.65369 34.25804
41.24242 91.36850 70.25464
73.84960 54.01186 78.34863
47.53337 32.02046 20.70555
87.11306 80.20723 39.81572
88.00944 75.30388 56.29383
82.11435 92.44044 20.65334
70.23704 98.78503 7.55006
79.15851 80.41164 13.50589
80.09102 74.29934 44.69894
14.43051 19.29998 35.92216
67.12574 91.68480 34.08007
93.16497 92.10949 13.93976
70.67733 73.36130 16.19413
88.93892 71.71672 9.73995
19.60196 86.85435 99.21272
77.56471 76.22238 3.43981
99.98669 89.11107 1.59029
70.05480 69.61264 37.99352
94.67592 84.82846 21.69375
94.12046 89.51199 6.10373
49.35897 88.23021 92.95391
90.91669 93.74948 38.44454
95.02376 69.41320 15.92362
76.98424 70.66984 8.49929
82.65543 76.64463 17.03573
71.71603 80.50700 7.03475
42.87180 10.99595 17.92833
75.28516 73.84346 7.76461
75.53944 76.98753 10.53598
80.21096 96.34880 29.27580
74.34840 47.77751 99.26442
89.43655 73.64639 6.74908
91.18307 62.69653 92.03184
72.01624 90.97127 2.13340
90.54213 88.69868 57.43958
76.08248 53.69475 91.10166
71.92091 68.93153 3.58880
98.92913 94.86451 36.58175
85.74284 92.19311 10.92457
75.46371 70.81816 48.89661
38.63612 24.39758 34.74903
87.33772 73.01573 42.37530
70.38081 59.54310 77.06993
17.61497 36.34254 42.55197
6.37394 28.21985 34.48764
73.88906 90.48381 49.08614
70.00286 73.52155 24.40245
92.77099 79.62736 15.04225
85.42651 96.65729 23.51820
90.17008 95.19735 36.85247
69.14951 90.98228 36.13882
58.27632 79.71556 55.78335
87.12191 99.11824 17.31139
92.43399 82.75650 36.37162
73.97643 82.72947 21.07369
96.44362 99.66876 12.60836
63.07310 82.77624 89.79310
87.58822 93.80304 43.68879
44.48667 20.89360 33.33524
87.91773 52.12706 83.37623
97.25720 91.43528 44.13253
91.45608 69.08138 10.34025
80.81561 71.85729 30.27196
43.71746 43.13104 36.24523
94.43125 93.09732 48.02456
81.75866 32.32217 81.99107
48.36068 82.88538 86.08339
82.71231 80.34268 76.76387
13.53384 71.69998 91.66808
12.38888 82.56566 81.80342
68.64899 75.73463 43.81928
77.44536 70.90468 22.12462
85.73398 76.36994 7.35291
36.51464 91.60379 67.04194
92.69264 63.84106 86.49899
85.10123 70.53812 29.46346
89.16373 73.10492 42.25552
93.99789 1.90324 96.80320
93.42145 67.82295 34.95456
44.13401 89.51021 72.36640
83.37709 56.55225 56.99246
44.92961 68.54025 86.17984
78.53150 74.30636 21.72015
81.95235 80.70893 11.32872
98.57997 88.71015 28.04551
74.97233 91.30388 13.35573
81.61446 96.11875 80.91971
75.21434 97.30312 28.45337
77.37528 95.30315 93.91872
73.43498 66.73788 43.48254
64.61615 54.53940 94.66756
33.67047 34.31317 23.41911
81.15502 78.52633 40.31048
84.24680 95.27891 15.99592
85.02556 3.71057 72.75622
72.47653 95.58955 23.23705
1.46393 76.74164 87.73967
69.99398 96.85392 37.10790
79.83552 21.27208 81.34709
87.72085 77.48533 38.00408
77.71794 91.43605 34.19390
79.22061 76.13439 35.86734
78.48552 33.24780 74.23399
86.18331 91.42010 15.87061
71.51354 74.26121 34.59501
90.10324 99.19236 25.49447
26.03256 85.22410 85.20523
80.73147 88.48968 39.49824
91.15540 72.52781 3.74795
40.68430 90.69143 97.89310
72.15392 17.70307 83.12534
92.05014 86.99646 46.77042
79.21267 82.64252 30.79498
91.62172 71.21291 38.71618
3.34382 34.60654 6.78338
85.75553 86.57727 39.75536
19.05553 10.25374 18.35828
97.95823 80.22225 36.79900
83.45354 72.77180 12.00536
67.18266 71.06914 19.70840
21.46109 43.07826 28.74379
75.18366 69.97130 46.22533
75.17202 82.99672 49.41188
82.43988 55.32382 59.61047
70.94791 69.44823 45.96233
74.65628 70.89363 8.28886
32.96189 33.05935 37.71930
90.56419 54.71054 72.36458
89.67947 84.12211 8.66295
77.75227 88.55293 46.80406
99.38285 84.38508 36.66422
78.74985 74.91760 18.19536
75.90877 55.85701 52.32540
88.42831 88.44978 12.64881
98.78171 66.70037 21.55226
86.53690 37.72160 89.55544
95.97366 72.04322 20.14841
16.39698 43.06350 40.19465
70.60555 74.97384 8.89278
93.76064 82.27323 39.22710
91.07245 91.64997 35.80505
70.71052 66.31843 52.76987
68.78445 67.87185 34.72576
85.60669 95.51732 15.18288
89.37476 78.70191 25.86018
69.11129 67.90352 12.57183
69.59278 76.03425 11.14735
98.67037 70.95059 38.30868
42.42040 66.79596 95.17062
64.05888 73.82923 62.49708
31.63835 95.71086 95.34883
95.86797 82.34162 25.40005
77.22086 78.78033 47.47990
94.59289 36.30748 67.18149
94.33427 77.37210 25.32727
39.83244 14.25977 48.85851
11.27485 87.57461 68.40764
90.01508 72.74613 13.47218
31.37766 7.36118 41.66360
82.36796 80.80625 32.94524
74.59153 89.63489 38.41902
95.45864 84.44584 38.58732
97.15712 99.10311 5.49766
75.50290 93.80554 2.19961
80.46166 77.11316 8.52836
34.02857 3.66475 8.32926
95.15422 84.02090 37.27442
21.47572 75.37153 99.87466
91.71183 89.60100 9.07774
72.55827 78.65561 46.22010
78.83469 89.85261 28.59188
69.46265 74.32155 46.90492
75.93920 70.43652 43.22186
92.28208 4.72562 85.99046
69.27225 81.30844 24.37763
17.16941 43.84906 13.77918
91.00745 88.49142 22.93724
70.32633 61.19324 85.92512
86.25400 83.49352 29.93109
68.58177 90.12092 20.82803
77.84909 81.97736 40.92650
87.48671 93.13865 41.90567
22.47398 39.91942 49.06492
72.48852 75.30398 5.13296
79.33199 16.25091 98.85127
79.67918 83.70344 26.90404
87.23016 83.86806 12.75829
44.63013 16.76235 8.44256
77.56077 75.20816 93.96347
95.21771 95.77924 1.17912
91.69679 39.60676 74.11543
75.32675 72.40698 49.28671
30.45142 3.38274 47.13300
30.51208 81.96698 83.08379
40.70621 30.33561 9.50825
97.65244 41.10737 84.39218
90.76523 70.15393 27.03354
89.82247 49.36994 78.08176
84.24640 76.75579 43.85815
79.12698 94.86999 30.38390
43.29182 70.69241 81.52056
99.30128 92.37381 13.00944
35.68863 77.19786 90.97866
72.89112 94.77098 39.95375
85.45985 93.46964 33.13259
42.00181 5.29232 47.59254
58.47252 53.79217 90.88097
72.03303 76.02360 21.52145
90.60411 75.39574 6.83610
19.64066 48.16106 13.50793
16.11174 68.34907 91.22998
68.29921 96.09147 42.31174
70.43348 65.73244 84.06671
79.25458 11.25288 86.76121
81.39533 67.91619 30.04813
37.67770 67.28558 91.67375
87.32458 90.18644 45.74885
83.45178 72.86526 35.49812
90.50645 72.81733 46.76393
77.57681 95.52716 28.31460
38.43797 40.03977 13.15206
91.43874 95.57904 13.04864
85.03683 99.04564 41.40556
83.06532 6.64798 85.84158
62.08228 96.89618 87.02499
8.09583 86.98772 90.14164
81.88262 82.64960 40.51756
84.98778 86.88015 11.48542
66.19002 72.97899 58.19120
86.94189 67.15459 43.43572
75.61958 80.14972 14.24047
81.42519 54.26815 58.80022
92.11778 70.87301 14.95749
87.86319 83.94613 35.72958
81.46031 89.60107 19.31719
61.83501 59.29229 56.84210
97.56431 82.22088 47.87691
97.61357 90.82278 70.78595
86.27031 68.02780 34.68470
63.15605 77.47677 99.84678
78.50156 98.68389 22.12177
83.69367 76.78102 9.88447
91.79976 98.19273 14.03793
88.77528 87.47056 46.64674
40.82009 77.87245 84.24950
30.48705 11.94912 27.60852
74.99996 67.70676 8.06860
95.43470 89.24715 11.25438
14.38199 19.47814 27.07870
78.51066 55.49648 53.74982
67.46724 90.71485 26.76287
80.09567 72.91727 35.06031
96.20257 76.71294 41.54208
93.87995 94.67862 30.96457
67.20597 72.15370 42.58390
22.98273 39.93981 9.33723
76.54494 51.43473 88.40929
83.94114 98.55474 28.46379
76.66903 96.88832 19.14745
80.12420 55.48707 77.00879
31.12678 46.87804 28.33777
90.67329 53.35302 82.27978
72.08853 93.85692 32.44241
73.83070 87.76700 39.60859
78.99758 82.49756 49.91790
10.96563 76.96880 77.13075
79.83326 80.38505 14.40211
82.47758 77.53177 10.68161
14.10065 80.32432 89.45745
87.83123 93.31267 4.95102
98.65137 81.00439 1.88128
80.13877 94.74452 61.20270
13.40167 6.61792 2.78989
87.41940 97.58058 13.75303
91.42282 96.58688 23.56971
81.34737 42.92363 76.20937
88.15867 84.13322 19.61483
69.44626 95.74850 45.46301
93.38994 90.00050 4.10268
20.41470 67.33151 98.06950
24.78524 76.80975 76.73146
80.28351 75.17080 29.15247
75.60952 8.92482 71.65970
94.72571 83.05480 20.94712
49.82775 8.55449 22.49702
72.71036 91.06291 51.92321
85.85608 81.39376 30.52745
27.77039 91.31726 71.79819
63.95881 57.76190 86.93867
77.19798 87.66850 37.69831
77.47482 36.67048 85.54389
81.41215 85.57197 11.17328
8.21009 37.17255 9.20386
15.53769 2.54586 10.85739
97.85846 88.58296 34.48804
77.12496 90.69618 14.00012
98.78670 19.56946 88.98535
69.12652 15.00861 69.35938
91.80947 73.91259 13.41677
87.46434 91.87052 74.20604
73.53922 73.69127 34.05092
68.55514 68.86795 49.74249
83.50477 68.87365 25.03817
97.19273 74.04104 27.34610
53.09266 73.06648 57.57166
86.60810 84.23060 8.72775
69.83501 90.50005 48.75226
90.04739 38.06825 68.51886
42.58520 79.25725 80.45346
66.89655 81.16275 48.78876
81.39457 75.96979 11.10259
17.17439 69.14967 92.73996
23.11153 24.53092 45.24660
74.93947 86.18289 34.06988
68.32300 99.00956 45.60915
89.48395 95.18605 17.87918
81.20712 97.55035 27.49121
94.18754 67.77523 84.94281
77.58031 67.51766 18.38170
89.17443 44.03378 94.51457
6.50993 15.14750 13.68718
96.39277 92.03582 34.01643
99.28224 79.06920 6.09125
90.17079 66.04931 89.04515
93.45686 86.07614 40.68984
93.36764 76.54312 37.91109
90.22125 90.63491 3.30923
91.81883 7.53963 97.33477
82.55265 96.91104 39.28023
99.42991 92.38516 40.90920
81.04162 67.10130 36.88440
90.38527 67.85938 26.70190
19.97188 73.92659 75.24817
92.89447 78.97733 44.41892
93.24473 90.77876 22.36266
77.69940 98.11516 17.22274
32.38940 70.99769 75.46383
68.37047 11.59605 89.26183
2.78656 25.12665 34.67971
25.39764 88.48864 99.07361
87.84450 31.91942 92.37025
85.91121 72.93019 26.71534
73.83955 94.24791 99.44683
82.93084 11.95200 96.74045
82.31976 80.74466 26.82555
92.71591 68.19734 40.19902
98.15759 34.97688 95.83298
29.20698 30.71423 25.89684
39.40930 5.81529 19.21763
96.74768 69.14115 34.04956
76.53916 82.77165 53.44681
27.00094 78.65695 93.93040
95.50696 76.91713 33.85906
26.93535 27.13673 1.73225
68.70683 88.55641 37.16694
93.92894 90.69373 5.92694
85.85917 73.00434 21.83620
68.32436 97.41339 47.00554
97.80191 95.76694 20.21665
77.64179 48.72753 78.08461
79.80633 93.44257 16.30961
87.43755 84.12267 14.18648
69.17372 99.09552 48.48634
45.04342 80.54275 77.17029
72.11283 93.52754 7.09431
86.73824 85.01699 28.47684
16.68145 90.04229 67.64975
8.37250 38.03948 3.18948
3.34820 43.54903 40.70248
9.81784 71.08142 68.53135
70.89154 73.37493 11.98558
68.60314 76.05655 23.35649
67.15528 84.56036 7.53990
89.33821 82.90705 11.76782
91.58066 98.08256 25.08383
41.36000 71.55914 76.08416
65.99544 82.33791 77.18812
77.86166 99.31366 82.17073
66.77797 70.15564 22.12780
85.19109 96.67103 33.62386
72.59116 37.68841 92.18853
98.58798 39.45707 71.51653
79.13096 92.39976 32.20065
82.41364 83.59623 1.58283
88.77281 83.48294 22.47991
81.36899 24.67924 98.21885
24.93933 24.98308 47.41774
87.25317 74.35351 16.37481
92.70829 97.73753 43.73811
19.79929 86.72898 67.17603
71.53918 85.73365 2.56036
94.48127 70.53467 42.13183
86.53589 34.34860 99.79269
71.70627 96.89642 30.28530
12.15561 94.51086 78.72677
33.55605 2.47767 42.95839
90.94166 89.88061 14.67926
81.22869 20.08698 98.17728
84.64330 73.85018 8.42659
6.77295 35.50176 26.23777
93.89730 10.82801 73.81645
95.61614 85.85819 25.19735
90.63645 97.39452 12.82795
73.65875 96.20449 30.74325
93.95688 72.02343 31.60416
83.09842 14.77887 85.49994
74.19259 38.12325 90.48021
86.39942 79.04335 30.76750
17.45532 33.37470 47.66015
93.32427 79.62456 23.70082
70.17791 28.77686 85.77492
34.00222 84.09359 80.59584
97.01707 82.80534 24.27003
94.81903 27.27550 93.99565
86.04707 95.77009 38.23487
92.43532 87.42537 16.93998
96.78700 75.10617 44.69212
84.48585 91.81258 41.98089
67.37138 87.94138 24.44037
96.17465 40.72789 96.28379
76.45038 80.15095 38.37261
41.95035 20.05558 35.69654
78.56747 82.64484 21.54605
69.07198 92.00759 25.75037
95.81680 73.00682 28.58674
82.00413 88.44325 6.13812
66.70581 77.64338 15.61597
96.25591 52.34417 96.07811
67.72993 92.98680 57.29713
88.67120 91.01797 36.14659
74.72632 89.70346 27.03726
42.56190 36.94142 33.15151
90.51757 59.14811 59.38958
90.84430 77.48824 39.78900
77.56902 28.09225 97.61752
73.93819 76.95788 22.76562
71.30285 39.30451 71.51425
73.76209 72.39565 67.25122
58.63036 94.77101 86.75689
8.11088 96.84295 99.31189
74.23053 4.38497 89.41641
99.42039 81.83974 28.27474
77.18744 94.65600 30.71114
70.40636 99.67105 46.42092
69.38036 28.58085 94.54325
70.03621 70.63047 16.91890
57.71965 84.18011 91.65158
98.09058 81.46116 38.07789
98.40794 78.10269 10.42668
90.33751 70.67712 21.13108
89.21665 79.42670 90.00832
76.26635 92.59832 39.04612
81.30007 91.50071 14.62322
92.96615 90.20641 12.47770
80.80094 74.90350 37.99749
80.17873 80.48097 12.70648
70.44554 14.06022 86.60942
71.37775 99.15183 48.45494
34.50750 85.86761 99.47266
75.55542 91.24864 4.61625
49.23286 67.82764 82.34935
67.74507 99.15952 15.38288
45.05813 93.26555 94.98035
82.56128 88.02612 21.18772
83.03593 68.67913 25.69051
77.18930 83.99771 68.61112
70.43125 78.06063 4.46582
30.73094 24.06961 26.24882
68.34391 21.21618 76.09399
91.90445 93.54505 42.49685
71.30489 83.57891 35.56752
78.85222 83.84694 48.24710
87.05743 75.44317 93.91921
72.11820 85.49603 29.46753
90.36789 89.31727 18.02056
6.18141 27.47170 39.14725
96.53841 47.17152 80.04660
94.85380 85.38213 18.13840
38.23193 9.97900 24.41275
98.18727 99.65496 26.54825
73.80699 77.50835 28.70277
89.04319 75.82113 7.77208
49.17448 13.55064 4.60746
70.65468 82.98573 16.41028
88.20052 99.20595 26.44757
84.03622 69.27543 14.14351
69.91744 90.85588 24.29198
86.06111 80.01305 4.70842
88.08812 93.50828 15.83403
82.71295 68.50070 44.61080
71.24498 89.53959 4.68954
93.27283 70.50355 22.48272
90.88753 96.76731 18.34065
67.78685 99.91121 42.08324
14.06213 3.32376 30.26732
80.92955 92.36650 39.13992
71.35790 92.01258 42.82503
12.24465 88.90334 99.85450
44.55370 16.44908 19.49761
96.03609 91.19493 21.73257
87.41525 95.97944 17.16732
72.21001 2.95526 88.80457
71.29465 47.46876 90.39302
75.87167 72.40333 46.14700
31.74733 94.35092 72.68308
90.82449 99.22566 43.93596
68.99461 82.57847 47.26102
79.08735 81.31245 5.34161
83.72086 87.00327 45.64736
71.77003 88.88217 4.36990
89.81249 92.94468 16.30612
68.98183 78.39432 23.85582
68.42152 98.60271 40.43481
95.45361 97.42814 24.02691
21.59450 71.57603 94.23337
98.99731 87.69148 21.54363
94.82639 12.12893 72.90576
87.06829 79.20291 28.75156
77.78713 86.70489 6.23119
83.75713 78.16239 50.40045
84.15971 85.76994 23.27881
4.38296 76.08851 94.53219
79.12280 76.02941 18.61857
88.20233 90.80116 31.79436
79.53375 94.06115 30.86332
86.96342 72.34278 10.61811
85.40176 68.69956 38.28156
4.16581 78.84616 77.72505
70.93944 76.23186 10.89565
70.19542 52.15149 61.60405
95.42549 95.41587 94.49452
63.95082 92.69099 62.48359
80.97646 79.65724 33.55600
99.53990 29.88990 68.55093
25.58518 11.10709 25.16119
98.65301 74.81343 31.81652
69.04782 91.39316 77.93943
91.73577 88.73506 35.09552
83.39842 92.29136 27.83471
75.55839 79.70782 3.44467
72.96206 98.89983 42.82053
97.62777 70.41524 40.56372
1.76835 90.90636 74.43184
91.03629 73.32522 18.64986
93.75419 4.15617 96.04214
89.64121 89.56848 49.26658
14.84319 37.18180 16.65009
90.13643 72.91764 22.64736
92.97737 71.60438 36.60950
39.73256 81.61115 71.76967
69.62341 78.21239 19.76523
73.58887 77.32929 36.00158
71.20160 70.57004 60.80023
93.24366 95.96311 46.07849
70.75428 82.60049 98.67823
29.17248 93.11189 67.94443
8.01492 78.06189 77.48189
32.55849 89.70118 70.56437
26.49828 90.41210 74.48581
51.71813 92.97096 75.10848
36.24433 7.32532 27.86626
64.86787 52.52431 51.88327
89.24043 76.66561 35.51633
11.02475 33.81974 31.61944
35.95088 3.90657 38.35139
80.70128 71.63742 23.54423
92.12159 90.17220 31.56489
67.82230 67.59967 37.38189
68.89889 53.65747 89.26022
88.06514 70.90246 2.43217
66.98464 87.54841 6.92622
90.03928 94.20405 99.56469
30.03587 8.20383 44.37926
93.93709 19.53491 90.04985
75.13751 72.67514 46.89502
72.97153 92.39022 3.44264
82.96360 67.65371 17.02337
68.35490 70.72337 14.30342
87.13536 95.36074 17.91266
82.39963 96.27692 13.31110
10.72838 38.57570 22.82916
74.98901 18.16372 68.03467
91.78165 23.61277 95.50300
97.25361 88.00954 36.70667
79.08147 83.25286 19.10115
72.49107 89.87766 14.17293
98.21941 80.17078 18.09576
87.95098 95.37603 78.92586
80.15471 77.15064 79.70689
75.88652 87.86475 58.04600
48.96581 87.61406 97.44042
71.74726 82.08537 29.32016
28.16002 96.45967 75.56664
67.46648 81.87058 49.22028
95.60417 90.82359 30.15962
77.37873 76.83403 49.44318
69.81958 42.31676 74.42553
16.98614 81.60572 80.17030
76.02790 78.44599 17.96445
75.02957 81.97981 46.62901
80.96862 54.03931 81.47402
88.57552 95.58203 2.40015
72.14070 81.65487 72.18600
94.98360 91.16098 37.18450
94.09175 16.84659 73.22894
34.62503 91.84451 77.39826
34.06390 67.51038 79.13382
90.05627 76.89189 18.78932
94.79929 82.31284 96.75889
75.55516 69.25377 16.75849
47.91368 92.49034 96.54739
99.22868 86.41775 6.17060
97.88806 45.83306 82.69564
86.86205 85.35188 7.88146
72.68828 83.98810 17.24368
85.63754 78.74760 45.83952
78.66105 99.96895 8.89487
70.99894 86.69028 16.15343
86.76954 97.60018 19.48130
99.15262 77.65279 39.65301
49.63791 85.14054 79.92320
81.42816 90.35917 15.14910
92.30950 96.66995 21.63354
85.13276 30.69866 99.28286
88.69493 97.78706 25.24368
70.81840 71.62226 27.59797
97.03620 93.70764 27.49217
82.68684 89.93898 3.79897
74.08406 82.98582 25.98282
99.28412 76.38513 45.75728
84.12666 32.75831 98.14489
45.98748 6.66660 45.59411
67.49680 85.96028 8.70957
67.00356 72.50198 6.92536
13.02760 20.71606 26.43484
76.43515 3.49668 80.54402
72.57531 95.52480 9.91657
94.00500 78.58292 39.21384
78.61424 81.38330 9.14947
94.32787 10.84759 75.66630
98.35336 82.91774 40.79326
86.64582 92.96415 24.33624
81.71936 99.65955 43.94066
98.85887 95.52973 16.76823
88.77919 41.62437 81.06549
72.90472 19.50256 96.05807
90.75812 69.88433 39.09798
72.30866 68.62179 47.82744
90.09063 75.06525 20.94266
82.17186 5.43243 88.53782
77.96107 37.45651 77.39435
10.46953 37.51700 1.99626
12.66312 37.11629 24.54709
86.19344 80.96591 47.96449
27.92479 87.44284 76.77293
83.22187 97.45027 24.05336
47.07529 24.91414 43.51188
76.35686 71.24866 44.89087
94.50195 72.09968 4.79274
86.70171 95.49243 17.89533
91.88556 86.42108 39.46534
77.37167 74.92178 38.37896
90.28005 94.25537 41.05657
91.47752 76.60867 7.99711
77.70931 11.75684 85.98080
88.60823 68.28467 73.92738
21.90916 96.39154 76.88021
62.39391 51.21644 82.24399
86.34174 77.25589 48.00882
92.85312 87.64247 91.54215
72.00770 86.87602 42.33357
95.26861 84.55019 7.40894
79.27349 67.99879 36.16350
28.08548 48.12399 41.14282
98.27543 92.61121 18.31307
6.38104 90.93436 71.69484
83.36007 96.56185 49.92246
72.04279 74.78402 9.57921
68.77227 70.76895 34.97940
5.92171 8.01391 6.88477
93.62088 92.07425 23.00856
36.51402 22.61901 46.77373
98.62608 85.52003 2.10995
81.44130 96.46019 40.98216
64.72846 95.86947 69.02518
72.80964 72.76261 40.52069
77.69371 78.18143 13.79586
14.43102 37.40042 6.68819
30.76325 74.09762 93.87086
82.71819 84.59428 49.13853
82.09832 19.68581 73.09971
72.40790 74.63687 34.78431
38.50285 81.42689 67.41053
76.12008 83.84986 40.45337
59.23616 51.60407 63.20355
16.21781 93.24726 72.97894
99.52930 81.24920 23.50176
70.53616 68.26531 35.66564
59.00684 55.78652 59.92042
8.46734 12.77179 32.77100
75.92529 68.26137 22.43534
78.80795 75.30567 17.31678
85.10725 95.03442 2.01257
93.82670 82.35108 1.49894
92.35215 63.10027 69.67566
96.81801 70.17025 48.34023
79.09795 83.26481 22.87209
72.03121 89.71995 3.84395
75.42571 77.75201 30.49883
97.31029 5.29318 72.68979
80.78477 82.17952 42.08072
56.94731 63.69593 80.50632
23.05076 39.44794 32.97169
73.81760 92.96041 48.46311
71.35162 74.98407 13.47728
13.20210 72.01753 74.15193
94.26485 80.02300 38.88527
68.27831 35.21720 83.14533
82.35094 71.08120 33.59417
16.04134 49.15749 12.16078
93.57824 79.20680 19.60106
82.79021 55.95848 62.81037
84.83629 88.23842 32.67312
39.26757 39.75730 5.48112
29.25818 27.77654 10.65876
80.80895 84.28523 49.05801
88.54340 93.91270 20.41036
33.32091 96.49944 80.52221
72.82069 80.70178 27.18439
67.62649 84.97888 15.81901
75.07835 99.95773 44.88097
94.22743 99.77744 3.99021
72.51589 50.16797 60.96661
98.34470 20.61294 97.12713
83.72848 94.82693 44.62423
74.00384 82.70320 43.86327
31.44885 2.66074 14.01894
36.16665 87.39529 75.99797
90.05591 93.76622 32.29705
23.58523 26.10788 2.96733
87.85811 68.42500 8.90982
73.59120 33.73014 99.16046
80.38983 77.46002 6.19398
53.18853 71.98892 65.13191
88.48127 73.65660 44.15394
27.77648 69.11475 78.44672
98.23087 78.01589 6.85634
45.61307 29.72442 25.27693
49.12257 19.20609 43.74151
92.46328 32.59024 68.24447
42.57928 27.64424 4.52150
11.56395 66.79175 92.83391
7.50716 44.74875 48.30011
51.42813 88.98423 75.55435
84.56389 84.42262 47.86026
83.16336 93.28481 75.98236
71.80234 92.64614 9.93027
99.40248 84.05275 49.53802
9.59004 40.27175 41.77513
70.92208 90.22421 93.30454
29.58029 33.97479 4.23242
73.97442 97.62099 3.75432
94.17143 73.41221 29.67071
94.96222 82.62805 23.74030
21.99818 30.69620 42.25102
97.21453 95.73624 88.29985
80.74063 77.08425 4.22774
76.64860 45.25848 66.86368
34.06610 5.30916 23.00185
97.22633 93.21970 6.17859
87.83016 84.60875 8.19899
16.20778 25.59086 49.73712
33.44431 84.24195 99.23175
82.64793 99.52553 33.76117
19.67984 85.96183 87.84387
95.66499 2.56394 80.95151
95.68063 99.81950 49.34863
87.60952 92.87949 38.76703
71.13787 75.10846 17.55057
9.16641 41.84916 23.90160
78.12339 91.81393 21.20748
33.34286 43.20652 32.68566
78.82404 83.07835 35.30967
72.56551 84.17193 33.47834
75.00366 69.50446 60.76599
11.14007 10.10825 28.46125
74.21302 66.92038 23.68134
69.87688 40.68518 95.66748
57.24299 77.29723 75.22455
71.70666 98.75919 40.10048
90.12400 81.83712 24.21551
81.98923 68.11297 30.02082
7.89525 38.51185 33.75522
88.32548 85.78903 29.05640
80.30723 83.57079 36.38778
92.96192 59.00397 73.36701
86.08198 94.87127 47.90088
44.04586 26.39837 4.90211
78.99318 90.47658 7.27828
91.75015 86.44826 5.43401
91.98423 82.04420 42.65936
89.55832 79.60434 17.46254
5.25098 71.83123 91.01607
75.28107 92.53997 12.88935
47.43569 85.56694 66.72743
28.81322 11.02203 26.24298
46.33742 71.63410 70.36215
80.26698 81.68821 42.20542
83.74212 49.91049 76.60304
8.99283 91.48468 83.34081
98.60874 74.46839 20.08937
71.54078 97.98346 48.47461
92.25168 68.23322 10.48948
82.02231 94.71584 20.95411
71.12893 83.50152 24.19820
98.06218 74.97072 19.55292
99.39251 95.60251 31.51428
87.90895 68.91205 19.59166
2.27536 43.61250 40.30316
69.24368 75.77052 21.04382
83.91403 79.50214 14.79892
66.76639 80.73000 8.06232
90.27077 44.07720 79.34207
3.88078 35.05018 17.50136
84.34058 74.24829 29.86202
88.72148 96.99058 11.86179
75.01880 97.34699 25.45702
93.66890 80.58014 25.88695
30.62687 13.70186 41.97905
88.96862 85.99557 60.02091
26.84678 77.34325 78.24869
85.52043 68.28220 76.08944
98.74083 21.25894 86.57974
73.18986 30.53745 86.76942
14.07914 8.57925 7.34676
11.36036 93.55100 93.96337
98.11569 92.40463 52.03665
96.32161 63.78215 65.06706
72.89014 84.30632 36.77415
87.42311 23.36702 70.94989
74.75636 3.89287 98.96952
92.24433 21.16835 90.59323
75.62679 73.90892 28.04030
94.84991 71.17590 9.54019
91.30568 97.60601 2.53975
89.98399 76.88930 19.38125
76.15893 74.48577 24.88247
80.27433 77.36555 31.78584
50.99406 93.73931 55.96092
95.42906 68.93425 87.65123
76.30146 68.15824 3.03903
98.52465 23.85254 97.22720
98.04228 92.52325 44.48061
47.76596 69.95613 72.78173
66.70789 95.71002 24.05340
24.94621 18.88048 39.12640
64.30509 76.74133 50.91531
73.17800 90.53365 47.62762
85.27597 78.00157 18.42539
50.67278 63.87394 59.97192
87.71364 72.51828 43.29370
3.05036 89.60126 92.81663
89.40029 93.43242 44.44394
72.39138 98.72628 65.70546
90.62161 94.64708 41.54820
74.57540 81.82225 35.23788
99.29816 83.96788 33.58055
89.05942 95.59360 37.87956
71.02663 89.68382 31.70495
57.79136 70.05912 68.89236
99.93522 79.30106 31.34048
73.90426 85.55200 12.24354
79.67783 80.04340 39.75948
97.79770 13.84407 85.44638
73.25194 53.99949 83.85252
98.53300 90.94659 6.13435
89.13404 90.40599 18.13774
98.12674 90.07735 12.46339
50.66632 51.11790 86.55481
56.30128 97.32946 64.61056
66.87847 89.41139 41.31657
79.32947 61.73923 91.43931
73.55044 81.42215 37.88864
78.82704 87.68557 22.92790
84.19714 27.74917 84.93128
80.54313 84.93014 21.74667
83.57656 71.27382 4.13659
91.12426 86.08871 22.71920
85.33797 72.42121 19.50980
70.14976 85.93243 14.30496
95.39297 94.61516 37.81524
79.12203 70.20462 24.76003
84.29099 71.15450 19.97264
72.77531 74.17611 47.65839
78.91442 95.28595 8.93211
85.95626 87.20473 86.18325
86.89423 81.92910 29.71389
71.74547 73.78666 16.51280
93.75013 81.60836 21.60135
57.71520 96.06944 91.22206
44.17145 78.25024 69.39035
98.56932 68.75086 23.91410
98.79426 79.17614 49.84646
26.25510 45.01890 18.59843
72.74607 95.69178 28.42296
72.35159 99.18842 22.84483
69.89455 93.68173 12.79387
69.07723 74.93953 70.09519
91.22314 90.36977 42.08112
88.05369 95.61417 9.43848
71.22650 98.45226 27.02913
81.62753 69.36524 24.55609
52.32250 61.61471 69.83651
77.31829 78.45332 19.05931
87.85110 8.66464 72.96122
82.38007 71.84634 16.82218
98.78808 54.09551 74.37071
7.24742 75.45425 98.74249
4.64569 70.88836 95.23263
85.36903 20.74036 74.68360
72.52856 74.82874 27.66707
93.19066 11.15006 87.25672
46.32511 26.75906 6.83111
32.17740 10.95988 6.63899
78.81057 17.53063 69.49621
88.74247 69.47258 6.45114
15.70679 84.73469 72.51567
93.49825 83.69007 45.05047
80.39426 87.39819 3.45328
85.66332 68.65793 10.45497
69.69796 68.60645 48.37239
22.76270 74.24866 84.54422
81.66533 26.52674 97.30190
81.00875 75.03336 49.88534
71.18091 95.11142 38.08593
76.36424 96.40054 26.14599
62.49844 64.30648 50.23912
86.70882 71.07027 15.12256
83.96709 98.03097 85.17253
94.54266 51.39877 89.80198
98.42359 89.67584 18.14157
95.10184 35.63750 78.51043
73.70674 88.08540 45.40241
67.79820 82.23861 19.93104
67.14312 73.28267 73.41548
47.96249 35.79954 20.11325
39.40062 45.68931 9.05767
85.85187 74.81097 14.47313
37.79693 81.26663 82.09027
42.27198 77.80676 98.20926
71.00098 94.80575 44.96469
70.78430 95.20971 26.24540
25.23558 1.87077 20.26396
98.89949 96.49920 9.74170
4.55482 47.63851 25.54657
98.50188 98.37474 8.79835
89.89695 66.99560 12.12495
86.84613 91.62282 12.36979
89.88157 69.59900 42.78595
76.03276 70.26609 12.73473
36.49601 1.11331 4.22430
83.06742 90.49241 11.77054
74.85206 78.55513 31.84127
68.66072 71.17230 35.18847
80.55086 74.68897 14.59357
85.68749 90.13286 48.30755
34.10832 45.58252 6.10975
89.47258 72.49281 34.42203
88.28047 83.28692 15.67897
34.33687 12.83301 35.95246
74.38639 68.84912 99.28081
84.63960 72.22067 25.28475
76.53349 79.48382 13.29704
9.07597 43.61130 29.66267
95.17457 58.28357 59.27045
75.53916 79.09701 5.43068
97.10287 98.05450 37.41302
38.37492 80.69232 85.74416
4.12896 15.02161 40.09664
79.04721 71.53809 41.49896
30.57234 26.65416 44.23157
67.51276 84.94168 13.81945
86.42380 67.55115 4.26485
75.08254 95.29011 20.37156
99.22487 78.17005 31.90299
87.72128 67.71060 41.98130
86.88694 76.78722 27.63019
70.95274 91.77591 12.13061
56.86325 81.51114 50.47130
3.81137 74.90255 69.82613
94.02707 81.38692 41.88953
70.09711 69.09458 37.54372
41.95446 2.69459 30.02673
72.80336 73.64955 13.59173
76.35999 90.88216 12.50490
89.80904 94.09753 19.85955
98.75304 97.73985 20.08512
74.31893 79.16751 11.96452
43.02386 73.06655 72.87754
96.45917 84.70257 36.51507
8.37249 31.47201 13.16826
92.97048 93.27197 47.44282
68.06892 69.03515 49.23929
87.51804 82.30206 23.77740
84.66599 73.98407 7.13804
91.40140 95.94897 42.06800
67.59205 71.06625 28.03658
79.08785 81.04505 16.69048
90.88710 88.49999 85.62306
93.68233 87.78560 34.60357
14.26740 98.14531 95.82910
16.76460 74.83866 82.19153
74.46264 90.75438 21.73664
66.90663 78.37986 48.86854
77.14588 32.85834 69.57260
93.24922 53.30350 83.70237
93.87366 64.70045 74.79011
67.65712 36.71880 91.06725
69.66635 87.31434 38.91903
67.72511 57.33137 74.06201
83.49907 75.89237 43.79456
81.38571 95.79875 17.61942
73.37900 24.27501 93.26009
98.90046 96.90595 20.43674
83.65121 91.84465 22.37334
80.39119 18.07852 75.20349
34.98204 22.11339 31.13367
95.58925 76.29546 8.31956
90.74884 72.08921 77.25244
81.76933 74.09592 39.38791
32.47079 85.57771 92.99144
91.43891 99.75832 14.83203
67.16402 13.76903 98.34906
90.57733 71.41459 30.45496
66.91772 68.48677 47.80814
81.32774 38.02859 90.00006
42.16856 73.08728 70.32019
11.56690 18.72490 11.57755
96.40171 88.46925 29.34876
19.94631 95.87607 95.68489
73.20416 54.91391 83.67953
27.85728 19.52819 35.43155
87.83220 93.26980 42.61294
49.26896 38.69840 17.64810
13.15923 81.88479 77.40914
30.39698 82.72832 90.13094
17.23292 90.15323 83.14445
97.06218 76.09587 42.42562
78.63475 79.27503 28.12597
94.53284 86.41988 21.62709
8.60869 76.46008 89.04184
86.82453 90.34396 1.61533
76.30076 66.53199 93.53294
82.69577 61.28531 91.75540
85.31047 71.87105 41.15177
81.98196 80.49444 30.76712
89.49939 84.39458 33.47322
69.40334 71.54011 28.55896
97.72722 73.51749 27.78285
92.02781 98.60664 10.67980
79.17895 26.98695 93.01150
71.79613 84.00805 31.10293
99.81353 85.95663 5.62720
37.92762 68.31023 85.65769
89.81815 7.40360 82.33186
77.19059 70.77134 9.52867
31.99358 68.46858 77.56173
87.42088 78.30407 28.68789
94.62866 73.87687 48.18014
78.34377 79.41131 3.37217
80.58978 87.42233 15.24448
94.77427 61.23180 86.26110
99.24040 88.46392 21.86269
50.28645 61.53798 98.23215
68.86388 12.00319 71.75415
75.08062 69.18709 9.90846
66.92546 71.56364 47.69216
12.97110 85.56822 88.10630
72.70197 78.91689 42.97123
93.61095 84.81460 20.77302
9.36126 72.36153 71.53406
47.06857 10.38381 18.00152
67.09574 96.96574 48.53191
69.01901 96.87473 12.99497
97.35886 91.37934 15.52719
5.92734 85.17896 80.82026
88.37854 96.31220 13.04364
87.20712 71.46723 31.18871
68.26486 78.72466 16.78229
53.52171 75.32447 84.68687
98.94972 68.21792 15.99643
92.73507 95.82985 36.32123
88.37480 51.51391 65.24216
71.47719 86.21545 19.81894
83.29699 74.53498 4.81816
78.92588 74.74267 48.19636
10.27726 80.63477 90.54953
85.24784 91.00851 47.50203
64.82932 50.39936 70.68057
73.62262 88.90306 3.15214
87.78316 92.92621 61.62427
74.05026 74.89233 35.76483
42.00582 77.98936 94.47837
74.58315 88.30518 40.89381
74.99772 92.38331 6.69195
96.66777 79.79704 14.57062
72.36258 93.05630 72.67462
93.70599 73.03698 35.93068
4.05837 68.06273 84.24582
76.62417 86.24739 20.97620
71.71680 89.02195 75.66619
90.93354 17.22193 94.66823
93.76631 43.57919 87.46793
68.34229 75.90144 30.07864
89.77222 70.52144 23.82761
75.74332 81.61658 49.33926
33.28238 9.64528 40.32514
79.17672 82.74671 40.65005
93.22606 70.60735 49.85288
66.60216 90.35620 74.32054
64.57559 60.39638 66.90864
92.62925 84.51788 18.31221
84.01664 97.50611 1.31943
91.57188 89.77302 46.22196
65.14558 79.32714 52.34048
94.09041 99.91431 27.00895
89.72600 20.21520 96.85677
77.34287 69.50730 44.43475
77.45748 71.30297 39.84945
83.96409 98.13338 14.40039
31.86766 83.33387 84.91689
79.96144 91.67485 28.93093
49.28850 80.43393 84.06973
67.12651 97.58050 18.64691
77.89872 82.93359 21.47415
87.06259 97.48676 58.16595
93.86684 99.98375 1.38266
80.18793 92.35944 44.77106
2.49674 99.47103 82.32409
32.89360 95.83076 68.32211
79.91865 77.86582 42.99891
82.23670 85.54146 8.70838
71.22744 81.21571 9.69339
81.44829 68.84960 91.53449
3.62719 38.43009 42.52722
17.37730 92.87116 99.35266
47.47679 75.75015 85.61001
75.97592 94.11531 47.98298
74.22638 92.59506 22.16653
97.60115 90.81714 39.66864
78.07705 81.18677 1.94650
78.80342 75.56203 17.07024
67.62421 89.20754 11.58276
45.36474 77.64467 90.81403
91.64966 68.35277 23.20126
75.46209 88.07712 42.01335
35.03293 28.63399 26.30474
96.68800 37.05969 99.80554
70.96396 89.14004 36.89579
