100.00000 100.00000 100.00000
81.42252 83.32138 3.33695
19.00147 34.68171 3.11288
20.24358 27.92637 35.37439
94.61341 79.55675 76.38333
9.86196 30.94636 14.18482
14.80289 93.62774 85.50382
87.09077 89.89222 18.40993
19.95144 42.36690 7.91101
13.79990 67.67034 86.21881
10.04011 3.19239 48.12822
84.54006 46.31579 83.37208
28.63922 46.28558 42.73014
22.65587 25.95062 45.18833
24.95133 13.49601 23.67464
27.08019 27.70847 6.33096
33.14034 28.18759 26.23751
76.96163 7.58881 69.58594
12.68570 42.36524 18.86123
97.82622 43.70609 74.90515
39.60423 47.74696 29.78833
76.51178 87.67071 31.05448
88.56370 47.88063 83.33292
17.05846 41.09703 48.83485
41.21925 42.25905 21.73797
91.83832 75.87735 78.50060
65.21842 63.67372 83.66869
24.52434 25.50775 5.62672
47.83866 8.20455 39.68837
45.62872 47.59943 15.54320
8.29820 10.96174 49.97044
99.33268 95.22938 15.86783
32.92200 43.80455 37.18426
8.58648 35.23667 17.57777
88.12039 90.75846 19.15632
46.63165 96.45585 83.82606
17.98177 26.10552 7.98335
95.08753 4.35825 99.30198
33.75808 37.94944 49.46144
37.52518 28.75628 34.59007
80.66096 67.15250 13.73979
35.62593 25.36466 15.00068
44.37207 45.19996 47.38512
97.57316 17.78200 68.89406
11.18881 3.39172 15.61570
76.25702 79.90302 25.20489
19.62055 88.95112 92.20307
18.06269 47.34798 1.92519
26.54489 17.55355 21.44526
75.09085 88.74911 83.37085
26.49859 83.77856 81.23050
15.44060 37.56923 45.85136
21.45212 26.52241 41.72425
91.82093 39.85182 83.99179
38.81464 46.82234 40.90850
82.51151 63.83590 57.24196
85.13755 7.50707 89.99997
49.94894 7.14328 2.22408
5.27843 34.96717 27.76065
86.75776 53.00703 83.00428
5.76184 29.97883 19.13393
6.29130 25.64423 18.87105
39.87567 3.12433 46.90601
68.78371 87.57717 8.28229
33.77764 9.73117 13.35847
8.11810 87.34303 74.79675
27.46838 49.60145 49.96450
28.90353 40.03656 29.92173
75.56746 46.41260 74.89784
28.86477 7.30135 12.20718
79.49521 16.07872 71.78902
17.31544 36.24378 32.89735
32.53841 31.84118 35.46640
12.32422 5.21686 39.29585
11.85443 36.92157 48.00062
1.28743 44.56107 31.76222
99.18995 86.14137 32.49904
21.75618 45.30068 44.28272
37.21180 5.74160 31.00774
28.81605 22.12896 42.74565
19.46627 43.48361 1.83487
83.93493 94.94061 38.34042
66.88448 74.44807 83.62423
44.09785 28.73780 15.91229
34.88351 13.09322 43.62699
7.44570 7.36055 45.24804
85.41231 24.35898 92.73029
75.21535 22.81302 67.02575
22.49072 3.93054 39.60662
88.46444 50.90792 85.57060
96.37531 80.97410 33.97735
32.19144 76.62212 68.48942
49.90039 22.40992 46.01869
40.81310 82.11768 88.41933
31.54081 12.81909 15.88625
76.45278 76.91734 1.15131
13.34344 18.77389 30.24923
16.79916 91.56198 78.73789
43.05977 9.30613 45.92417
17.02611 31.76517 18.63224
67.28952 3.10333 67.69728
2.27838 21.16142 8.07927
96.98503 4.01342 81.78596
17.44226 45.84834 13.12471
13.44052 30.06079 15.66159
17.59185 47.50536 32.89893
4.33552 90.89423 73.73333
81.55174 98.98767 37.37981
9.93293 18.40458 3.85016
82.38628 13.57400 78.01056
85.08737 92.01157 48.55337
79.59011 87.20360 37.16842
11.74720 37.18871 1.59732
13.98174 5.46953 49.12199
21.84723 18.60943 15.02922
6.13893 81.17674 74.42991
65.74814 75.09199 68.46958
96.67731 47.90372 75.47505
37.11350 26.22262 10.45852
47.08532 14.92557 18.14461
91.31374 70.79023 8.02671
24.28965 9.33859 23.91857
34.35901 20.90806 5.62987
41.21542 5.93877 40.08778
2.75307 98.45651 91.49357
41.67285 91.73989 92.50588
35.38251 33.94650 10.68295
94.02567 84.71023 40.54616
20.07451 1.20804 28.57812
22.92018 28.61526 20.64312
32.02083 33.68611 46.99613
82.41603 60.62628 66.15692
16.37781 75.31696 76.14794
5.58672 35.04451 7.20550
7.09593 86.19487 99.89358
7.15558 47.24732 49.64888
23.91769 48.61821 36.90779
18.82118 1.64999 49.73554
69.55471 78.98860 47.08598
75.50377 67.71355 15.24259
15.30408 42.74575 25.75504
95.60173 5.67832 87.59047
81.48834 96.69268 24.13159
24.48311 35.26363 41.44608
37.59948 4.27681 20.72105
98.11988 70.60866 23.64253
30.78404 69.24162 75.70702
43.79713 28.24506 37.52227
29.09773 30.54458 7.15977
64.32460 89.01720 92.99026
44.98171 29.36167 9.20074
41.79872 12.68629 6.79191
91.74086 51.96433 70.95063
92.63173 30.48741 77.30292
93.63472 64.78379 82.34771
10.71923 24.10224 43.82465
45.31445 45.69829 25.51986
24.21530 14.64171 46.02328
30.62844 48.85972 40.93434
14.34802 26.88147 43.34719
73.29174 81.57411 3.73865
91.25530 87.65313 21.88719
79.17137 33.40336 94.59020
38.04203 22.08662 26.40644
22.26667 26.39350 42.89917
1.60543 23.10307 45.41701
9.34884 81.37220 93.28831
78.78428 69.01907 42.03377
39.48937 34.92568 10.27622
47.11238 36.83506 30.63196
36.64329 84.54411 91.92737
67.15595 82.89681 29.61969
18.55628 11.88898 5.53882
80.04047 89.75812 4.40552
4.15955 23.50290 47.81141
34.64769 33.45663 49.56808
17.56820 11.08143 25.64523
40.64103 47.46352 37.29122
2.13076 1.55414 43.17971
26.57525 6.30518 41.30508
93.80242 69.08974 7.44510
25.38393 70.06857 85.04517
37.29453 70.71522 83.97153
25.29834 98.39222 94.63925
57.53017 79.39607 95.15540
69.43284 95.37151 1.29108
24.18073 17.76582 1.15319
22.24393 8.43083 26.85624
28.82314 99.71636 78.71711
34.81744 5.52627 11.87486
70.61093 41.83158 95.19496
52.34007 62.67726 83.88246
36.08762 33.33311 29.66114
35.42934 30.47487 29.42696
85.23309 98.25600 21.72129
32.34368 18.19534 1.37427
48.91291 21.32353 12.15858
7.82064 2.88322 40.49995
2.19439 6.24733 2.19164
29.75643 18.80312 17.84940
5.01191 72.39944 79.68873
82.78885 78.26643 37.14575
29.16136 27.02640 20.97023
13.17786 9.59514 30.07774
36.72843 17.92750 35.58545
99.29292 30.89218 81.28729
96.11411 61.95348 67.11226
95.21997 96.63554 32.50452
16.27403 41.58571 40.66091
36.46645 16.05856 8.12397
66.84700 84.75418 97.51810
37.37131 42.27607 24.14227
42.24608 42.01314 35.46180
5.86329 26.59173 25.43029
9.78836 35.27159 45.78750
22.79791 90.90596 67.59278
16.43058 30.74800 47.67552
77.53751 15.63503 68.81982
16.10969 32.00330 32.30169
73.28159 99.66520 18.78185
6.16897 5.33162 43.41303
71.56916 36.58208 97.14210
11.07540 27.15878 42.08118
55.12293 72.44834 92.92885
83.67530 69.52886 1.30755
17.00907 5.23159 9.19773
45.28688 44.68681 49.85094
2.56128 83.93175 76.83924
45.23700 8.64175 25.40081
58.75052 65.95819 60.38920
66.93693 94.53833 47.43636
37.34341 13.04896 29.60781
33.58630 44.93392 48.09248
15.91674 45.42999 22.78841
9.84553 12.13925 40.39028
21.64897 37.79080 8.04523
80.92906 9.07840 69.80982
87.44487 34.35510 85.05982
8.31413 92.03318 74.76467
6.14965 14.74928 18.87116
8.72041 10.00159 22.97676
38.17247 15.95297 29.13499
15.26013 31.36872 9.07039
8.68314 81.49714 94.42282
12.93983 8.88075 35.61020
67.53828 98.23301 42.87334
41.72927 6.35792 34.29037
31.55408 43.65863 43.66225
25.30278 48.29886 16.67024
50.61530 51.62658 55.76179
3.28747 38.64051 31.71310
14.13107 38.18061 44.39548
32.48914 47.24224 13.04777
39.48244 18.18684 39.95137
30.16845 2.33894 5.78112
1.37871 11.94764 26.95281
77.87094 68.49680 13.79434
74.01055 81.63355 15.71644
14.53882 16.91426 14.94066
8.12477 20.04764 32.72439
24.04543 11.72644 13.38746
1.08156 37.26367 40.09379
21.18463 21.03745 30.12602
26.85977 5.17118 37.52558
34.54013 2.51273 43.20509
20.42919 44.03009 5.67543
75.15852 66.90560 38.42034
88.00594 21.95109 95.62665
2.32297 24.35557 22.00483
37.80295 6.71991 7.00054
79.05897 92.69523 51.49345
84.38712 86.50700 8.92376
47.52097 13.92981 26.49781
84.17519 23.88263 69.52223
41.54243 5.22328 44.96191
30.43197 16.27980 18.43363
18.00911 21.38705 36.63557
12.47163 17.48929 30.01543
33.70822 4.68020 42.40984
43.13086 23.15406 4.01125
81.02987 82.51383 81.28424
45.07416 29.65063 36.75942
29.43097 30.36519 44.08421
81.72479 94.82782 49.75304
89.58501 24.90855 72.33600
38.08401 82.36734 88.81831
24.89397 21.77485 49.55943
7.55915 76.44828 94.54775
31.22394 22.77366 29.12879
2.43106 26.46655 7.96772
24.03375 17.98792 20.42463
18.59141 12.89537 42.96118
17.48752 39.82856 1.39925
48.37008 29.82513 8.55228
4.74078 25.90463 22.05983
2.57549 40.00915 5.31595
20.37361 16.19600 34.24224
42.37396 48.50120 27.28068
24.00838 29.45994 9.98264
79.56710 73.45512 76.20797
89.90033 91.41645 16.51188
20.47904 10.89277 4.72926
82.83572 34.55854 72.56932
26.23337 3.53642 26.75697
40.84759 41.34484 45.97519
40.34124 9.99106 6.45365
42.28487 41.01880 44.26817
72.58764 34.61262 99.57352
3.32052 67.68525 89.81341
84.61863 92.64191 30.24789
61.43329 91.99588 71.23361
23.27954 17.63548 37.56367
10.61138 11.43376 21.05871
35.23744 28.50510 12.69085
38.05997 9.96067 17.94444
46.89517 17.57443 19.85514
6.28498 7.19414 20.72404
19.11320 20.30989 24.61754
95.22753 71.44832 48.67187
37.25797 1.33760 32.01612
36.06180 30.99931 34.26844
27.70482 23.37625 17.22260
19.67129 89.26866 87.85996
26.26618 12.68112 37.82495
88.46903 68.43195 5.99201
34.68235 36.21122 4.73204
2.67304 5.45911 38.80357
94.78327 79.27602 40.15349
76.58708 3.87758 77.44175
44.24720 24.46258 26.61210
8.14288 17.19227 17.08827
96.00288 66.03975 91.10622
79.29758 84.62548 29.93922
28.94840 97.03858 83.19307
84.31614 66.75849 96.08771
16.15055 31.34253 48.51618
92.98809 75.37510 27.53947
59.69505 72.24129 69.93006
35.44976 17.04430 49.53784
33.56933 5.60602 1.20625
28.83653 47.99963 34.34182
82.93032 96.26482 68.92209
12.86617 71.44311 77.07266
13.02354 12.50814 9.64633
9.40910 1.16994 28.92860
33.02850 36.61321 11.56286
13.64820 29.85600 41.92984
43.31681 47.58804 28.58291
23.96987 23.19838 16.68046
44.13887 44.34327 42.67256
22.94069 6.48727 33.44664
2.20266 4.17650 26.97857
25.37933 75.36457 83.89246
23.43192 29.73301 36.61885
3.94406 49.42229 4.61078
35.81779 40.94404 44.53077
18.25052 71.21813 86.71609
40.53277 13.53711 43.22715
30.15435 39.55654 12.42405
44.20280 10.97991 4.28342
9.60329 22.76341 24.14304
16.51007 26.39633 15.29804
8.67251 22.51227 16.30541
73.12751 48.36447 70.99601
46.32450 84.34552 76.01325
29.30280 47.92651 43.93411
40.50478 6.38310 12.28951
24.99292 28.59912 20.87078
37.94101 9.79044 7.01905
90.03598 69.12145 47.10902
41.54466 28.11061 31.12693
18.08707 47.83797 40.52383
38.27220 1.90332 26.46148
67.56880 61.91720 70.64401
97.99768 8.74135 98.14937
28.38315 47.49060 21.54965
41.34434 39.30791 27.46176
17.53504 35.53645 19.44714
34.58385 12.16639 33.54036
99.70304 89.11272 90.64601
31.36749 8.08761 26.90518
79.89361 61.51126 90.89864
19.67719 25.27331 29.08768
29.74013 22.81209 37.16199
68.96324 60.12594 80.08683
76.77045 78.28007 29.37169
99.76069 75.68721 96.51392
38.51621 13.93595 15.85942
13.87900 9.09890 18.93613
82.23194 58.73246 85.61927
8.36064 22.58111 14.02545
21.40230 25.15965 27.10716
89.95711 81.08889 8.63981
31.22800 25.42239 35.73181
3.38134 30.44788 24.19512
47.56541 46.95643 42.91699
41.94485 40.79361 8.85189
29.22091 19.53490 11.44504
35.86933 37.07151 24.35486
2.16477 14.82285 41.11072
5.62607 8.43997 10.63922
47.72120 86.86747 90.21443
5.92067 31.47048 27.02064
7.21785 15.73989 13.29780
85.60350 1.76801 84.54900
83.58460 72.38312 3.70133
48.28248 45.35223 16.74075
27.53260 36.64753 29.79683
3.78339 84.83868 89.99873
18.83883 11.80103 8.03170
19.23505 30.93018 47.76442
5.62824 17.28498 44.64948
25.35131 49.48460 17.47843
21.83205 9.49739 22.71433
99.69888 45.08357 97.64595
13.95757 33.83198 36.60785
27.57444 6.44669 29.17910
11.65154 86.35851 83.43542
94.51351 75.23381 22.22891
5.60497 88.82115 95.58766
17.87015 45.16877 4.87354
1.28378 43.99858 26.23462
64.77037 96.29815 80.87489
89.33577 48.35109 94.43348
2.39341 22.60719 22.78412
96.16011 29.36521 70.23202
44.58285 31.98040 41.70792
2.91923 49.90661 49.95438
19.77510 24.83448 35.31500
48.95410 1.92869 21.95487
83.02726 35.85544 77.84793
20.62926 12.38174 42.98294
35.00850 39.33395 45.41065
14.89028 24.62326 17.37152
5.72561 11.18422 38.81386
40.60375 42.91477 19.96500
8.55043 18.59682 22.91693
42.65748 43.51091 20.40520
45.37003 72.24904 94.07980
48.93922 31.91700 4.30747
1.65522 72.90226 85.26111
20.85092 27.58598 32.48228
88.14603 45.77585 84.35950
47.98394 15.25395 43.29568
7.89327 26.12702 30.83669
30.73861 17.87691 2.84121
43.12399 20.74874 14.13575
33.67720 38.73022 26.64654
7.33329 34.57054 27.13164
35.38824 42.87192 12.18730
94.75245 75.96291 17.87502
80.22252 70.37165 5.38728
69.37604 77.92816 21.19394
15.91436 19.17254 38.37800
30.18548 16.34255 32.10951
7.92939 39.51418 49.77213
36.92003 35.35720 18.50473
89.83670 98.06636 33.12964
15.40415 5.73384 9.03857
24.87706 35.75166 16.53244
35.38407 49.93643 13.22733
45.71575 39.83796 45.27931
14.39214 24.03922 4.18721
99.47710 17.97029 93.53958
23.83009 70.37675 75.82124
49.28079 14.91955 12.06884
21.20343 2.06816 28.81349
20.63669 3.13343 5.66978
98.79560 96.85676 87.57429
81.99738 55.18982 68.68508
36.32979 20.86821 20.49292
38.49661 33.71108 14.41522
91.55987 43.11431 82.42534
47.73754 46.43402 38.02081
21.92565 6.61941 49.96480
49.94223 14.81163 48.85783
17.16656 26.58367 38.69542
47.85456 26.70264 3.47326
70.93494 73.45354 41.53680
27.34571 1.68490 30.27650
32.13296 4.27574 10.10628
47.39351 13.73656 6.24432
40.97683 48.60793 5.23702
16.45677 6.12722 42.47421
26.55632 19.44336 12.15421
16.11517 3.01510 15.70182
10.86539 10.01342 27.05408
99.36710 24.98711 88.26689
44.99140 84.46542 83.44462
17.96650 27.94341 8.31319
4.66141 40.17828 32.08347
1.08882 19.81422 1.34913
90.79752 89.10889 4.16470
5.59503 32.24906 49.04444
89.76205 87.55060 5.28610
82.45238 69.52488 8.94371
20.00992 21.47846 27.39089
33.93040 14.23852 5.90450
48.78331 91.54535 79.80963
41.69301 98.53594 87.79495
4.23121 69.39791 90.14999
