100.00000 100.00000 100.00000
90.65311 9.99324 87.02063
71.48698 48.59475 88.85780
23.08905 21.81174 23.16954
68.70787 82.81165 42.84714
15.81627 87.12151 77.26130
80.81830 2.00405 78.37387
78.92077 6.55269 67.36498
15.91217 6.96183 22.27227
66.84356 30.90238 86.45641
97.19338 11.71200 75.05209
67.43294 93.51723 9.82619
86.05627 40.39074 74.50201
99.19623 82.67331 8.21672
77.97705 41.77769 91.82097
62.01968 90.08267 50.89165
68.93765 13.67284 90.76616
85.29742 20.37359 81.02543
38.37657 81.31455 68.28433
90.85407 46.62091 83.24185
71.38582 82.64290 22.27578
47.18657 74.15475 98.13105
69.65091 2.94082 68.27733
93.01069 30.40785 88.89891
73.06877 10.09786 67.35642
78.20855 11.70652 83.21816
94.77378 64.94209 58.37036
88.25280 3.12749 81.61164
94.03417 87.86630 38.94438
80.00958 47.42762 87.30356
81.26268 40.87049 67.61386
73.87107 19.21549 95.53171
75.60683 48.81786 83.65267
69.51924 12.67668 87.84349
80.99432 84.29772 39.73784
86.98037 21.76690 88.16062
88.04407 27.92366 75.72084
89.13925 35.46085 72.44831
78.43247 80.78347 55.56895
9.04632 23.43999 23.99283
25.82464 14.36217 13.88669
88.39686 66.70043 83.62524
81.10849 43.35889 92.49332
70.06394 12.66714 77.30633
71.43160 2.95536 98.77173
56.78346 62.94684 61.47911
67.98998 25.22801 94.00319
38.88763 91.32277 92.17937
88.48106 72.55500 68.49174
70.78258 31.29398 77.17707
88.46687 34.31833 88.73294
79.36571 8.81686 93.46167
69.09455 20.99328 84.58058
26.17714 36.42101 1.38966
78.23863 42.82327 90.44946
92.19317 33.42288 74.49580
68.39035 3.88752 66.93911
78.56482 21.20447 81.84713
75.65922 50.40698 58.50523
94.91273 37.14268 83.39622
95.20589 22.20257 85.07236
72.13494 49.90146 89.11595
77.85853 73.21052 94.64872
83.76659 99.78480 85.46584
95.17190 11.26121 84.00155
69.41816 3.24676 73.20052
69.75487 24.11439 79.84011
83.34507 6.04214 89.64578
96.84086 29.82944 77.17394
72.18110 77.80622 19.02783
79.58156 16.91947 97.15674
70.30717 45.65161 91.17719
34.85963 37.21541 10.11159
81.69000 8.63921 98.45420
94.37088 12.87510 92.61406
84.37190 15.55433 97.93137
79.61633 90.08351 40.88733
15.89411 44.31621 4.84389
8.18623 2.25645 10.60544
74.76293 84.52934 34.91777
96.90424 84.69005 46.11768
91.53465 8.02846 90.02441
89.30838 19.54299 83.28893
98.90771 11.51455 70.40746
81.99211 10.86484 75.41082
95.15343 23.56413 76.93429
78.94240 2.94781 81.06692
74.16210 43.85095 91.55027
96.53480 34.38057 90.59327
66.69595 47.60665 98.89759
85.46188 91.16398 5.94196
82.33952 48.39794 78.97557
75.13099 18.67017 80.07030
82.33754 53.38741 62.66747
28.40087 96.96429 75.62428
97.09898 67.44556 30.45217
93.66973 45.91483 81.48794
43.94870 15.80525 43.51551
66.92165 12.58780 87.48302
93.78893 6.42721 87.97923
35.34277 68.21496 96.26307
74.01006 38.62230 80.36969
88.23573 47.40402 83.17955
89.24643 16.94915 80.07680
84.71275 34.89690 95.54732
35.70615 70.53865 98.27850
87.99697 12.79616 74.17798
71.07753 20.41032 76.44505
75.36325 26.47667 76.35511
85.68749 6.76820 74.32231
78.13384 35.86487 67.70845
96.18750 33.39976 70.12655
89.65926 22.35086 85.75457
95.26305 8.53654 91.49430
72.24201 22.97850 72.14364
97.16173 21.24108 85.93207
73.44927 32.68610 80.38246
83.11564 4.03141 89.29899
73.70828 47.39801 79.11205
85.83027 72.12437 32.25677
90.81055 88.54417 76.12209
72.33081 16.75792 86.24227
7.07413 84.19034 78.84915
73.86465 17.61771 75.41533
83.44293 36.02210 69.91800
91.30663 35.83883 83.74448
97.99938 47.76806 97.45201
77.28738 10.58186 69.60660
84.56993 25.70305 78.32781
29.40573 80.02219 76.60097
17.54148 49.76182 42.42345
81.93930 9.61182 67.79143
31.06591 90.53094 93.68425
8.60172 76.51918 78.18645
81.92395 26.53871 72.89415
33.42402 82.44172 76.21966
76.49720 48.03005 89.26656
70.78259 4.59481 93.02906
72.69682 18.21183 88.52494
76.23498 26.28250 83.32951
89.00129 17.51193 94.65619
45.75435 47.44422 8.29321
81.53781 37.38176 79.78722
87.00665 10.92858 86.23926
88.57213 24.12970 90.98600
45.89042 78.80764 87.43917
83.99516 9.68526 86.20525
18.09051 96.72896 96.32644
76.81263 35.92100 71.18733
83.37647 97.98765 6.71977
73.88736 6.71725 81.48022
97.09542 32.66901 74.67149
89.61575 69.98505 6.48687
79.29185 85.98003 59.67214
37.05902 47.31860 43.35850
79.54308 25.97070 95.04801
90.75916 24.57184 83.57004
79.97654 4.53055 78.86727
98.42580 30.92843 88.67408
74.10606 38.53889 85.99453
26.42810 20.76194 41.06290
32.27133 68.09792 80.91042
73.28752 15.73272 67.33746
15.86035 93.87443 88.91702
91.62142 25.71822 84.61910
90.35416 13.54318 83.39689
67.99824 20.99162 98.09752
24.80660 68.61661 76.22978
43.09957 80.61681 73.82786
91.43378 15.41572 94.63268
88.10559 19.00577 82.18932
67.78527 22.71274 77.17542
77.85358 37.72084 86.77574
99.52525 43.26429 95.78541
98.64059 19.76376 87.63872
90.17247 22.09835 91.17005
98.04476 16.71066 70.06131
73.73519 26.41341 76.10404
94.14008 22.13762 86.46608
72.72046 10.83609 93.29996
53.33072 97.99228 78.54409
69.55923 38.19516 98.86073
79.99710 30.21436 69.99539
82.94730 78.79641 52.64739
72.79937 10.61706 87.77085
71.61511 69.23222 87.78872
38.22075 41.09319 16.05336
67.05655 19.55480 75.80617
72.42804 47.25640 94.11726
90.16376 33.55718 84.42830
99.20416 10.62046 89.06960
47.54998 67.48786 73.69336
93.79314 79.62369 89.24434
86.14224 42.28398 69.63613
14.96294 34.80777 44.85984
90.67837 5.87778 89.97911
88.77891 61.32307 91.25733
88.46317 33.80638 95.97102
85.37981 47.41507 73.83405
68.31758 44.34916 71.07561
87.09262 91.71148 30.40929
68.85115 27.98162 80.08178
75.20595 17.58371 73.80929
98.57098 25.18930 84.57511
83.00299 50.41986 67.63822
94.32583 13.53185 99.63606
75.38467 32.65613 71.22008
93.95052 55.94084 62.15360
21.62189 46.58264 38.90789
89.09975 78.66424 20.51417
84.44207 83.94641 37.15259
90.94031 95.52413 37.26132
73.05253 35.74944 91.17276
79.19648 15.44576 68.62181
96.15372 12.89573 80.10859
18.14855 43.90749 1.36477
80.47711 27.04423 94.52280
82.40414 31.81577 84.72406
99.52409 6.37887 87.14923
85.72385 7.08840 70.44689
89.38529 71.66465 46.16904
86.48212 38.51619 88.04435
8.58740 89.39774 93.50093
75.51149 18.02239 94.15922
67.07262 9.88223 69.24009
83.74421 3.80457 96.79987
95.88540 26.68531 71.13322
70.60975 74.93632 37.14098
68.71654 2.39334 84.82880
71.20395 38.86768 66.97097
75.38634 48.70670 87.72408
48.77651 37.98996 39.19268
18.41926 91.23866 94.90940
93.46461 8.49781 75.74824
89.27992 79.24118 29.08209
30.37729 85.54394 80.32515
57.31233 59.25775 76.67917
39.09633 99.69752 72.36108
95.45983 81.30646 18.50838
94.34257 60.11699 94.80426
25.51466 82.73731 98.09289
71.82188 11.46596 89.66356
81.23704 1.42161 83.56834
74.60756 48.66162 75.73906
99.31398 67.74074 46.49011
87.57146 4.24889 81.16573
91.75422 40.11485 78.49826
74.07497 36.69458 74.61041
91.04641 12.22601 84.29185
94.81314 78.60169 70.09268
76.95107 85.22636 4.60441
9.22857 12.69047 23.98195
73.17012 30.00468 74.16741
85.76462 9.20930 71.57516
70.82621 8.67034 84.02080
90.61265 9.54101 74.72482
82.25307 8.15372 80.08296
87.05430 39.55999 92.43281
67.37607 39.43564 83.71834
93.70268 99.98585 1.81421
67.46823 36.59998 83.22644
69.40514 41.80100 91.54882
68.82223 39.16403 87.57968
61.01121 97.62373 84.12776
90.34807 18.99565 87.74255
94.87032 20.76297 72.09855
85.44338 26.17151 75.81986
94.38403 40.42545 87.11833
89.95753 6.92977 97.07603
91.79398 47.01187 81.22929
89.68206 33.66012 89.64191
78.08783 82.61584 12.40143
96.10759 92.33953 38.84115
82.28396 26.19083 99.01793
99.79753 5.58068 78.78589
86.67792 5.96625 85.29970
40.60755 37.28357 6.77529
70.45872 95.19786 36.98360
20.63847 89.71506 87.69779
96.52310 43.69408 68.96777
30.62502 31.29763 42.25876
45.73730 93.34800 87.54820
32.18746 74.10714 76.78692
69.33979 84.79997 31.52276
71.13461 11.92900 77.00540
89.57948 26.28323 98.51010
93.98816 8.72184 74.27982
79.75538 46.68671 89.89604
72.55342 39.71665 85.96142
74.02491 60.26204 71.75671
87.38825 85.48307 17.83499
95.80553 49.57101 75.13780
71.41647 16.24481 99.05998
80.30915 12.12186 89.49041
98.88825 49.46457 69.57422
69.16963 24.81710 88.17107
73.14325 3.01424 94.94295
30.53525 87.08444 99.98072
94.53112 40.11656 82.79184
95.34050 3.56493 86.32346
7.72880 97.29110 69.21734
75.40121 47.54344 85.45194
92.57377 20.50223 76.23580
98.31304 20.98239 85.03247
9.03299 40.39261 27.84082
88.75985 2.91491 91.56292
54.41722 70.56696 53.47629
85.20022 34.40590 73.63148
73.07985 32.00629 80.32877
83.39958 22.82818 68.57306
39.73867 20.56651 48.80048
76.50445 56.47278 71.64711
98.34714 68.44363 71.08283
69.51276 2.92847 87.79263
82.16746 37.61272 70.29397
83.48657 4.41743 82.23597
11.65412 91.90377 69.86864
79.61544 8.71171 68.88806
71.73497 30.86269 89.83558
86.60110 90.51826 30.36633
72.36711 24.84366 96.47001
67.81886 67.00426 29.35527
78.32071 9.78421 66.91137
80.37575 38.49416 71.08919
80.53527 49.67693 85.46127
69.35472 15.23685 86.69225
78.87392 42.65588 92.26330
72.39572 35.24846 95.27373
92.61009 30.46078 77.00319
95.72506 41.80843 97.61357
67.95623 79.12306 6.21077
81.13698 52.69412 78.15717
73.75471 5.45832 94.27310
69.99631 22.01197 69.86884
87.99819 48.75002 79.16489
83.92861 42.15385 70.10472
91.43727 9.70719 84.13093
98.55226 41.89162 75.24941
95.68092 17.36723 73.76406
3.03590 41.46484 4.03816
87.05092 33.19578 88.18882
14.11859 78.39840 98.42421
5.59077 94.50155 74.50718
68.64329 16.06843 92.91125
93.90170 98.51917 35.01009
81.91270 37.23106 90.46104
8.33243 41.77970 20.47144
72.74176 39.44303 96.24056
71.65261 51.33551 73.02276
33.74056 81.56990 79.76713
82.47429 83.11706 70.18017
80.86781 10.49531 83.64304
15.20013 85.05291 95.00425
71.18915 40.31595 74.14752
86.42096 44.17589 85.60127
92.80386 44.23874 91.03350
69.25322 43.41483 95.60937
83.82159 80.98787 24.41260
95.09806 10.28073 81.10039
41.65379 87.92363 75.77470
89.94417 12.89954 76.97437
67.95046 83.68825 98.54338
93.50364 40.14348 80.33497
88.87103 97.07931 9.21451
67.28064 42.60946 71.27851
98.82411 77.09788 23.47903
73.78149 14.79378 90.83440
74.54988 16.20957 70.39493
22.63549 16.91240 21.72596
94.01389 89.01020 67.95408
99.13122 32.11417 95.29939
92.89351 20.28973 75.72141
94.51571 31.68524 88.45420
33.68404 38.29894 47.49546
72.77105 2.74162 82.47299
89.63742 17.24850 83.12955
92.50913 34.66641 88.54161
83.30634 39.97550 70.52221
72.37931 88.22740 39.87611
85.26891 48.26692 97.61092
96.49756 48.62136 77.64944
69.71719 16.29505 84.07701
39.94036 22.69951 14.65155
87.51116 24.78948 85.58342
71.32281 42.45234 98.52383
10.90722 42.93470 45.91083
18.30417 80.73084 75.85371
93.84333 71.47311 42.56588
89.59060 91.34864 11.06002
95.91600 62.79431 61.08464
81.76438 92.37972 43.65055
90.75719 81.02701 42.22523
81.57437 84.62872 21.39535
35.93700 87.43125 81.94611
84.23400 72.00036 70.41713
75.11495 31.66661 70.56205
77.54507 61.67288 57.34640
90.52536 31.21060 95.02371
66.83823 37.76494 84.28386
97.52352 20.46145 71.21787
67.14494 37.26029 92.07434
85.98015 1.41686 92.76595
73.41583 40.86131 76.34346
9.50319 75.16255 77.12232
96.67918 25.98477 94.60809
84.05636 43.31779 72.68263
83.02535 42.95165 76.83247
90.24899 45.18077 81.76518
85.94337 83.65656 46.14347
81.81888 46.69277 82.18235
83.61608 78.20510 13.57389
93.85138 13.96363 66.71406
38.98848 84.70436 67.20158
74.10537 29.52256 96.74403
71.02080 30.28254 84.13254
86.37134 30.32421 82.67753
87.52141 1.81342 80.80110
98.44243 8.06513 80.25724
85.17816 37.63644 84.22503
68.03909 31.40202 77.80590
29.38975 21.15552 12.31363
88.32128 15.37216 83.38463
98.03538 29.94332 68.62969
70.97121 12.58208 74.08213
98.93439 29.00556 84.06694
47.66300 90.41505 95.01578
82.80330 11.46992 85.11683
70.65272 20.48516 79.31340
83.14685 74.66580 31.36959
82.99678 85.79542 7.63780
85.58592 22.94933 69.06130
90.23663 19.05315 98.12760
76.58347 11.16008 81.79638
91.35884 91.54704 31.58766
79.23565 14.37622 93.80963
81.19648 2.99034 72.78056
84.42109 8.92591 86.57466
34.99788 1.22592 34.45322
71.62011 20.94632 88.03558
77.91130 89.75142 13.64309
97.68290 12.14520 98.35472
74.85216 27.51074 72.53994
48.62792 89.36555 77.00899
91.83486 89.42881 43.84499
71.59853 21.17012 74.15373
98.94133 4.86539 81.19927
87.57006 89.29168 31.37974
98.35699 5.94617 73.87316
97.77298 27.36149 96.87754
81.94851 81.46968 87.18192
79.15921 72.10779 46.35317
22.97716 37.11168 27.49611
99.69445 42.68923 96.58982
87.05088 1.62599 72.80364
77.37417 27.49716 88.02426
91.60465 39.40512 95.23402
69.78192 40.95027 89.76381
99.67428 1.47497 95.36236
92.09993 49.21562 96.64130
76.82960 84.00465 30.12120
83.45173 45.47431 69.58287
87.44923 86.63884 87.14188
90.72650 49.55723 81.05677
86.66040 25.51584 88.52276
83.42931 77.68386 25.29486
76.08218 52.26550 59.10062
93.71846 90.81565 37.60998
8.72311 2.64384 6.23707
85.46899 46.30407 67.21171
26.52805 9.66607 42.07206
71.33715 26.72081 72.80598
94.35664 7.74662 82.29070
15.59054 82.06309 83.97465
84.25921 7.77643 95.84333
99.26266 24.84114 69.49395
78.00604 26.63729 72.40983
83.16388 49.61260 85.77736
19.04230 68.70681 71.28989
83.23903 91.41215 24.61597
84.57126 3.64557 78.37711
71.28588 38.10708 71.69199
84.82202 32.25168 95.82359
81.89484 67.72000 43.35509
79.73315 9.73694 95.94103
69.25242 12.45822 70.32067
83.97823 45.41385 84.14835
72.53461 9.81917 87.50433
32.94520 98.51101 90.62126
77.03749 53.77486 67.33053
34.69117 43.19947 5.99973
48.11875 96.72527 74.71081
17.27173 95.71152 98.37473
77.94904 97.03329 64.27928
77.53933 24.72359 68.57424
68.80217 1.24868 94.83825
69.94775 74.22842 78.21710
74.93107 30.20024 71.30321
69.58106 45.45840 91.20108
74.30104 10.98950 95.83305
71.45437 35.00236 85.58624
78.69626 86.44611 2.76472
89.79635 9.34456 73.55908
76.02568 62.28261 71.39755
73.12814 30.63707 97.25660
36.95784 87.71208 73.20599
52.59758 79.60938 51.65680
88.66197 10.51213 91.01630
70.32461 87.46279 14.85920
96.05409 60.44022 82.83815
79.14906 4.64067 76.72685
84.14160 77.29582 1.31421
69.29350 9.56934 74.26978
4.45090 29.19951 12.70243
90.88123 24.79928 92.51203
63.43366 57.84457 66.92361
96.33868 19.33906 72.09586
90.15188 23.79829 76.10879
74.54847 14.28192 91.61968
71.68739 46.13804 70.22522
93.39435 28.71880 85.61067
2.77185 84.68527 91.58756
97.10572 23.60707 74.64347
90.16730 78.87732 20.28150
46.44383 33.78850 26.87079
66.69778 28.79684 95.74318
93.34583 85.27245 16.37380
24.93553 25.19952 13.34451
70.62353 35.97120 70.24708
82.16976 80.41337 9.52834
96.70380 30.53467 84.38279
99.79147 49.28984 93.60724
71.71331 87.10238 38.88327
92.46191 20.69928 82.22541
71.95198 97.46004 95.15283
37.12497 10.10366 42.77341
91.36176 21.55951 79.33154
88.01651 23.31397 81.52905
93.46408 42.45081 84.39327
87.92963 12.01079 99.21079
11.98932 73.41803 74.95732
72.24035 23.74276 84.72551
48.71549 38.70469 36.45412
91.47229 3.85855 72.32976
69.98677 18.94751 95.27030
99.82200 22.38192 72.88088
18.56410 91.44820 78.88431
68.41150 8.03694 69.64322
68.02038 19.60424 94.09944
2.76748 6.56301 45.90177
95.96716 26.10687 96.05054
41.50329 9.96003 20.65499
17.72283 69.07630 92.98737
81.90911 1.91067 69.49640
83.50469 41.43888 98.08405
92.21391 19.47626 76.16825
99.94011 47.12569 90.78379
76.29124 41.96797 81.69736
91.30208 17.16848 97.67000
83.58376 5.33018 78.67792
88.45049 13.69448 76.10698
98.33772 97.73743 16.04210
72.95779 89.56446 77.34170
72.36671 99.91370 39.52938
98.94129 98.19576 8.25208
67.52589 30.73213 92.84847
77.54352 24.13211 71.52460
94.27939 33.62911 89.72154
13.03709 46.32687 49.71115
74.79997 47.97582 74.40050
99.75040 7.95809 70.92708
98.88489 38.10041 73.98698
77.08180 97.29502 76.76753
27.50233 67.18279 66.87284
30.57121 85.77548 99.24583
89.36200 19.12011 77.87737
70.30176 36.88278 68.35141
68.99926 78.24516 2.36691
98.69420 25.93841 97.48122
91.46501 26.29631 98.75976
70.69895 7.07106 95.42529
99.68252 64.20091 60.05097
4.97528 91.94492 76.32730
78.06480 5.09441 98.77951
85.33574 41.15980 71.24197
58.33995 76.95094 55.22433
19.35589 98.16749 83.29668
86.76029 1.71807 89.36603
99.69387 46.52056 76.22503
89.08519 78.50224 85.53873
77.57167 55.87960 56.13921
7.99562 71.51088 86.09430
46.57716 34.79640 26.97995
83.83771 85.19439 21.26074
14.98263 42.30447 19.82350
95.40405 48.77241 95.63053
83.57228 96.57253 10.15784
99.90051 32.25606 87.63317
84.80887 25.79712 80.25766
73.03437 1.87297 86.44734
71.96939 17.07352 82.95208
87.45780 73.57972 5.40763
68.64320 11.91221 72.01356
71.94428 25.45588 79.71592
75.44825 16.98475 90.71718
81.58185 8.39748 95.15287
70.77624 3.29401 87.47956
19.91119 94.95657 79.01251
97.47486 23.28426 68.68342
70.98174 58.98913 74.86921
67.47283 94.23261 59.72930
57.63373 77.23347 89.55027
48.52817 85.79178 95.63410
25.15246 9.74157 4.61885
81.87390 33.44871 68.96976
91.97769 74.21054 15.25545
73.92420 47.36328 71.63763
66.80425 9.00809 89.57334
67.87223 22.18533 97.18062
89.70393 27.11533 71.54981
15.44006 26.98039 44.01234
79.74227 32.82028 97.17919
6.45888 6.48002 7.08250
83.69093 22.73894 70.56433
8.31550 44.28912 41.37337
96.92697 9.38798 74.98131
96.50027 23.50068 87.26175
99.63911 32.92779 95.55126
93.63119 14.56128 83.11015
69.23223 44.76555 82.63996
98.35783 11.13810 98.60870
86.30050 9.96741 69.44878
74.01068 26.18483 84.33593
81.70344 6.67236 86.35009
79.58354 40.25676 74.85593
19.88044 25.49536 1.16058
99.72265 41.68330 89.86035
90.71312 44.61955 85.59968
99.69226 22.15127 94.56229
68.26518 44.71764 80.61459
74.23783 88.10100 46.97414
26.00445 81.02116 76.25353
11.02077 79.86866 71.77755
98.05932 28.52114 91.72588
85.79847 41.33075 79.28585
1.59054 79.70045 91.54748
87.99704 73.22527 33.39625
41.10395 99.14315 73.98692
92.54377 11.94399 94.15095
85.42492 23.60310 97.88314
48.60304 84.72202 98.72700
95.85345 46.91005 82.13312
22.31138 87.79948 70.81874
83.51819 48.79008 91.55675
77.33684 10.62412 78.23121
73.83319 35.31469 89.82513
71.04767 9.02098 89.12599
20.97780 1.02816 30.70658
73.28750 83.06523 45.42822
76.19499 13.79203 90.59144
91.41863 12.48107 92.71244
47.42403 77.80865 90.86854
82.49921 48.09866 91.85278
76.82199 22.32464 85.15583
69.94233 13.39970 96.97690
26.31984 21.17666 9.74961
95.97348 75.44811 39.57172
78.59441 27.23433 92.01074
38.46511 70.06088 81.23096
49.45595 79.82994 88.01801
82.14228 38.55535 99.38689
99.50471 37.65458 99.56917
76.82476 7.21675 97.28310
70.39998 86.01110 46.00299
76.30901 88.96965 98.29136
7.82162 89.74905 79.66747
15.84386 86.62013 85.37526
71.43823 27.22475 87.60271
39.89031 89.62565 80.97855
13.43484 71.09430 90.75670
57.09966 73.90666 51.05542
41.67546 90.16925 80.93612
14.97349 11.53934 20.57982
98.79099 29.29564 75.06518
83.63244 19.11911 98.98319
72.03861 10.04225 84.51946
17.14203 98.28986 74.79207
82.95072 27.31574 78.50705
69.18702 50.62329 98.25785
94.99645 82.95749 8.16479
32.88260 41.51052 37.65336
74.93900 43.77203 88.13730
29.82351 68.60173 96.43332
18.90778 73.45181 77.31169
48.35218 89.86766 77.96608
70.27759 98.90922 1.44682
78.32192 31.08908 82.29171
99.24711 86.52529 27.62382
94.10388 10.73079 93.89718
92.30453 88.00239 81.64768
75.66818 14.21092 98.34006
85.07663 24.02043 80.48640
34.72938 21.81558 28.78412
86.04120 24.59065 82.66073
25.80202 81.90758 90.75033
92.23387 35.32181 69.94686
6.82712 72.73420 90.40649
95.96598 31.66316 73.68129
96.62400 20.82463 99.86137
15.07119 75.13763 78.66384
85.94379 23.45195 79.62962
70.08958 82.76393 7.50592
88.31964 50.78648 68.67100
75.35477 26.08255 97.24231
95.37509 31.59493 67.20438
2.38627 7.54288 1.53979
78.73702 94.34021 34.82612
91.39860 23.88069 96.17803
71.82856 45.94014 97.23608
73.25890 46.57446 80.38351
73.86571 92.47835 7.42837
40.44282 70.88154 85.31580
93.44593 40.77599 68.39008
69.82468 2.47452 84.24935
36.29684 45.62141 6.01886
80.62376 70.42041 8.24777
67.39042 13.58826 89.93124
96.94241 95.98646 15.44916
74.40425 8.46830 75.60560
84.28926 73.86415 27.08379
24.51681 86.30015 81.38207
18.75482 74.05866 71.89473
93.46686 27.48073 99.14540
71.47909 23.36348 82.38431
89.54318 32.76878 67.69374
99.29756 18.73087 86.83870
83.88006 12.06348 97.47397
20.41676 24.34641 47.75269
87.29465 31.91985 78.28597
10.98294 69.02819 91.04560
77.95033 21.74795 74.95542
99.63040 27.85597 71.31341
98.10056 8.56734 75.50188
89.12432 21.66435 88.77817
7.64058 4.61513 12.84107
94.27211 94.18360 49.56155
86.30762 39.32441 68.02201
80.06914 44.20729 78.15259
66.95906 45.29773 74.14785
12.84914 96.79126 92.09449
67.33876 70.33856 30.20590
69.68391 18.85670 89.39579
91.14833 95.32147 74.97257
73.14084 42.36997 76.18743
87.35783 43.95748 96.31029
68.20865 17.40624 85.01979
71.90691 22.99624 86.55090
72.29909 5.62671 74.15609
29.71331 48.34887 13.81206
85.04170 20.50264 73.49107
66.87304 29.21760 69.85541
87.25979 1.12452 66.79153
90.66543 37.48703 77.36879
95.51400 18.51466 86.63339
2.97836 25.83464 3.43765
54.80653 56.93643 70.19639
81.67293 37.54315 90.05158
71.24290 72.73857 9.98811
93.29061 9.17936 98.79268
52.34059 79.80616 63.98787
22.58530 14.76223 31.98030
95.04970 10.46052 68.84603
81.30417 30.70929 95.24741
70.01499 80.74269 18.45343
72.45077 6.01737 96.89190
91.95974 26.13859 91.92443
93.68402 47.56330 75.94954
70.81954 22.45979 93.56853
75.75152 17.34894 98.45157
46.01198 98.49669 73.47655
90.85474 89.04495 46.11508
46.18471 6.23012 5.51589
88.51989 11.16101 96.16897
4.28299 77.22178 83.07401
31.37672 90.23329 95.98081
77.78970 26.78922 91.90554
91.94663 44.45253 76.20676
78.98021 41.94140 72.17402
77.91860 39.89584 85.90000
93.24381 17.79453 85.46998
93.71156 6.13370 72.57872
90.17448 33.40243 74.37800
80.75860 46.95665 94.59201
66.86593 27.09906 90.17300
90.10224 72.00088 2.80330
97.20714 88.69056 29.34084
81.95729 19.28527 66.84521
76.45841 85.69875 3.10345
51.79364 88.90180 62.39204
68.36137 25.71483 89.60192
92.47701 11.78143 93.53248
69.11720 71.07328 8.53178
41.90821 30.00019 19.92978
11.83907 45.54522 6.93723
33.24189 88.67168 73.68704
11.27500 8.84191 11.68441
41.77290 19.62386 1.04525
95.67509 1.02009 73.17611
81.34876 45.54042 93.93400
24.07553 29.56496 20.98271
72.64264 5.56793 85.39240
89.48795 49.66283 93.24050
25.08721 90.97337 81.18701
11.17197 91.07767 75.54142
18.92661 46.44229 7.22200
69.22393 10.42585 81.52919
90.92517 68.82574 46.03316
49.35023 71.10901 85.91380
48.94950 25.99045 36.34836
80.13305 18.31426 76.52121
74.86483 11.45508 67.69479
93.60313 13.58158 82.46911
71.39312 11.05193 94.77319
94.69244 36.08247 97.19568
87.59319 16.23274 79.69436
38.48897 82.49533 87.63230
84.44799 9.92078 75.31578
48.24821 1.31536 32.44630
87.77124 72.97027 32.25539
77.95982 9.22903 69.89047
98.95971 25.52895 71.14147
71.62968 18.74170 94.98587
82.32538 16.28976 94.20150
62.81246 87.43886 67.63162
37.60367 26.51036 46.93403
66.07364 74.47682 84.54635
49.40422 76.43298 74.47630
93.71394 44.09162 70.62968
99.87738 35.02988 86.09870
39.96887 47.44321 33.03500
82.64597 66.88315 89.55404
82.49631 48.78715 66.68170
65.05269 51.76253 94.51914
71.85863 25.48258 92.62227
48.76144 69.76486 83.64656
76.40954 85.97901 73.78816
37.18124 25.59719 49.31529
88.96654 9.90311 88.02823
82.47896 35.19745 83.59640
94.07511 38.12211 69.86820
72.95875 21.21766 89.75055
87.92771 27.70447 76.24331
96.66195 23.98793 75.78510
86.85853 12.57273 99.73381
96.34397 3.98814 81.01446
96.14520 8.52855 86.53086
85.30510 36.44493 77.15217
94.42621 14.49982 73.97039
95.89137 35.11045 79.05573
85.71109 82.54752 62.51563
99.42070 12.96603 96.30360
85.32268 18.65942 91.96413
89.29452 39.66323 94.89269
36.49672 38.04053 38.96719
97.20838 31.56397 67.37237
67.44513 30.66581 70.19558
79.85998 48.95833 87.13153
77.12452 37.80791 94.61477
80.51164 49.65483 98.59314
86.09076 46.46575 77.62118
32.79858 71.54222 75.39166
9.38825 24.83240 49.61105
98.06826 89.37272 8.92672
84.98820 11.99291 81.46902
80.72443 33.42127 82.07780
87.52342 81.68569 82.61574
20.83997 86.61851 84.01137
75.83707 2.04137 69.08775
98.19557 41.28621 78.14520
91.83965 3.91350 91.89901
76.52375 21.16987 69.14641
80.57847 35.38128 84.48698
1.37911 39.73467 17.94738
80.84592 44.11698 97.78138
88.21076 27.14706 80.19000
70.59063 6.03895 86.00943
70.02241 14.78166 94.83536
80.93060 38.11793 88.74046
95.22733 94.35092 96.31873
86.62993 1.64895 97.16860
67.28163 48.67377 92.08698
89.13764 10.76271 79.18360
73.81795 35.06447 93.91333
67.14762 13.20674 68.70155
82.08342 80.09409 19.68333
84.20078 19.79106 93.20451
87.55850 22.66628 87.73780
53.28768 98.97918 86.30177
70.57845 10.68538 85.81062
89.84557 78.80638 8.85220
89.05786 67.92365 52.87414
86.97645 86.22511 41.24918
21.10107 89.05435 77.09326
88.01712 45.48177 76.86256
94.29386 95.98140 90.60799
87.50881 6.09175 81.54128
93.82283 44.76881 90.55988
78.76861 14.16849 85.30861
71.21321 1.17778 69.48790
92.57330 37.57456 83.50092
1.47792 92.80140 89.89899
7.16810 47.88065 42.48599
72.33296 46.54584 72.75383
67.45460 42.84938 68.05848
19.80332 99.54167 76.17986
75.72216 16.99322 78.04696
69.31742 12.18878 96.99301
79.67329 95.75375 45.40291
69.73565 25.98235 79.86510
80.04065 4.77656 82.99297
71.78969 46.62154 95.59588
98.90374 9.10054 73.35798
88.00987 13.36334 81.79688
6.32989 17.65742 12.35170
72.08947 43.93731 88.88235
90.40696 29.92905 90.89947
75.01963 36.50027 72.13131
46.00392 99.16522 75.78959
22.49125 90.67309 79.25396
75.74526 29.27761 88.36426
87.64044 49.83693 94.93491
75.52783 73.89157 19.12681
48.10387 71.18635 88.78642
8.90170 21.79066 15.28491
71.40201 27.07898 69.35955
94.98503 30.32088 68.68439
88.66216 18.86134 80.62276
97.33740 21.81107 79.91879
76.47254 19.12348 94.69247
4.08150 26.36504 21.86246
95.44039 96.80127 91.46109
34.41862 71.22006 67.40986
43.59795 24.47889 48.71541
95.71585 36.97305 99.12114
66.80826 86.24676 23.55037
75.96126 38.85999 82.58837
31.53192 5.64829 31.38616
78.81894 38.78474 75.22943
46.65179 80.42471 76.07305
92.54106 80.64208 6.12082
76.65206 27.19553 75.09922
58.20479 99.12320 91.92510
79.93051 72.72447 43.58568
70.92807 14.56552 75.36399
90.58045 16.92137 95.22425
75.04370 7.10256 99.30883
76.50888 33.70695 88.18103
10.67582 24.14960 6.93069
15.45522 93.90102 88.40334
38.50282 87.53590 88.74807
83.63133 33.17389 77.16871
81.75540 28.53885 94.92160
1.45395 95.00510 86.28927
75.73697 76.46189 5.48438
54.44557 76.19481 63.19688
97.14579 18.71141 71.47045
77.98178 34.93296 67.00872
85.53301 18.00577 83.39495
91.26548 37.57779 89.01764
76.81745 97.63942 11.35886
81.37234 10.23571 85.06937
83.18046 19.80132 81.10985
34.34504 80.47630 68.99915
91.18207 10.90915 81.44456
97.44809 5.67317 80.55638
24.02063 92.06292 70.45389
67.89986 33.01995 96.52239
13.62719 67.42581 85.31125
77.97786 12.55590 82.20952
62.52191 82.23057 70.74427
94.95658 58.57645 83.61259
90.45098 27.31899 75.47960
75.09892 6.00433 88.37326
93.25277 1.35804 91.44878
80.24300 17.21904 71.99464
31.51712 29.76445 47.53552
74.20718 48.60231 93.87985
35.21955 97.07930 84.44573
31.77425 6.12853 23.55325
71.25698 43.57002 85.86011
82.16542 6.43023 78.64044
77.97833 24.26380 99.74190
83.87451 45.40639 89.89043
83.22001 10.37616 94.49551
72.40847 7.29324 76.33859
67.33189 46.89541 86.05749
85.80094 40.81829 75.98039
72.65693 20.60155 80.47184
91.90489 20.35927 81.46989
84.67327 36.37810 92.76597
78.70347 11.61985 73.21634
99.17564 60.96976 83.08602
77.00152 68.72880 22.78211
3.28940 15.36549 34.75375
87.22746 24.13807 92.04688
74.28522 4.94997 75.08868
99.61678 25.57585 69.16911
79.78605 99.13333 56.33233
45.65321 83.04835 74.57913
46.24942 79.15907 71.30566
33.40058 84.55226 96.09048
84.03850 18.86422 79.81148
90.27532 22.05186 75.26144
75.53019 39.40547 69.83006
90.87334 5.54939 96.53073
94.70997 12.94015 88.52468
75.56511 22.02963 97.03466
93.97927 34.46361 82.15137
68.15417 9.76321 86.03835
61.76335 87.80834 70.48973
54.50604 95.19018 79.24724
68.71127 4.46340 88.54061
80.48129 7.39432 89.24995
72.21977 10.70037 92.20033
40.67040 16.45693 31.25216
84.09488 3.04520 83.19682
78.58076 38.52123 68.21540
91.81926 26.31881 87.28012
90.39960 15.60407 99.52138
77.56053 97.86643 33.59783
98.81735 35.81930 97.56386
75.64418 83.57294 66.25682
87.66960 80.78173 43.72752
93.48047 30.24397 70.35826
81.11504 45.51393 78.22627
82.07632 33.28130 94.69318
67.55635 78.75840 51.48599
71.76064 82.80364 32.75593
92.01385 7.30730 78.02683
1.04940 68.22916 99.12028
36.33240 80.72503 84.77735
36.19001 16.62893 6.14422
96.77538 38.13459 90.66558
76.50916 4.15131 79.84214
67.23566 35.91911 73.45899
71.96808 19.56947 85.93751
88.97328 95.56594 40.57987
86.69490 12.95301 96.16750
63.49289 91.43580 69.32003
85.90073 63.54435 83.02153
78.11116 47.61844 87.78539
13.12493 77.34313 70.39181
68.43739 22.82305 79.79292
79.00498 41.32807 85.77072
93.49346 50.00849 52.85158
91.25163 26.41425 74.53550
43.91477 90.34299 82.12467
91.62560 48.27466 75.17842
87.89384 6.80556 79.88440
69.02020 57.51872 99.68033
9.73915 23.24198 28.21273
88.46549 9.84714 90.90436
82.20253 25.97345 96.89965
82.98205 94.98924 34.71287
84.87741 72.87032 15.74879
91.33578 28.59681 73.06081
83.56737 11.10800 78.15170
79.74795 15.30056 68.58165
68.43039 3.06783 84.66222
50.07639 74.09442 63.58209
76.57431 34.92278 94.25867
73.95252 13.66449 74.64204
52.38284 50.38283 94.33033
79.58134 31.57586 88.85219
84.63248 73.18228 45.56076
2.77125 88.84047 86.00917
94.81909 1.76524 83.84883
39.02632 32.97907 3.88368
89.03375 22.31925 97.72628
81.32722 91.64632 38.59694
70.28014 8.67710 95.51860
81.40915 97.29575 80.61894
84.58087 10.43069 87.96662
87.85792 69.56266 73.39338
70.80936 52.78621 89.89641
95.80634 71.77239 37.20832
97.43174 89.86002 83.29495
71.68353 12.06848 90.93737
8.31728 5.67777 41.74509
96.57628 95.21481 4.85067
89.26070 31.58451 77.74025
79.67814 54.86324 80.69360
86.65668 28.74472 88.72236
81.94808 99.73461 67.93915
90.91031 81.79083 16.88503
98.10979 21.18763 83.22886
95.19249 2.97414 76.18334
31.01487 76.54459 85.29347
59.83690 83.28112 82.14118
24.44761 78.38265 70.57711
94.89577 39.89337 77.31419
80.13666 23.52000 91.15486
69.85050 11.61731 96.14666
83.84123 8.51175 99.15087
70.47140 70.13222 9.20394
74.16662 12.01607 86.60014
97.89717 5.85698 99.94057
71.62079 1.91497 96.19777
85.57722 96.76801 34.94196
72.50624 38.27745 72.87890
83.05905 10.08504 85.63978
90.01375 74.13432 92.94980
94.32489 49.54379 78.47092
54.02211 78.34926 53.25528
73.95657 30.94655 92.79360
98.41706 69.77277 7.42027
74.00977 57.88886 63.33508
79.29727 12.85066 84.11207
83.55005 83.05535 8.83881
97.99036 14.64977 91.50156
75.85118 35.39771 99.21492
97.21923 4.63482 96.14085
96.26290 59.87828 66.91657
77.65852 11.28172 77.00460
87.27872 48.32725 84.30905
19.41378 17.06457 19.00338
75.48002 97.58083 47.17138
99.07567 1.60605 95.77051
68.98276 10.40040 82.67732
93.20484 99.21501 28.14083
88.59735 98.52667 59.58052
76.16851 22.08306 84.56267
92.81297 75.40001 81.84090
11.70725 79.73965 94.86621
85.60776 28.45812 92.40919
67.12421 14.10950 78.23477
82.58965 2.65826 91.97758
73.19688 18.05973 71.35978
90.58898 33.11915 96.06734
82.59778 28.43135 76.86456
71.46570 96.14668 4.80185
81.43233 92.99745 76.21585
78.28764 20.17031 67.14686
80.84805 20.99493 92.47455
81.71972 20.06240 69.38200
4.94617 7.38633 11.87680
93.16528 5.77345 86.06668
84.16285 19.40598 94.94236
93.56665 9.28403 87.10668
70.32193 34.95460 94.56798
44.36886 1.15374 41.43984
74.10894 15.03842 72.63207
47.81698 43.69430 36.32597
71.65007 20.68762 73.04118
88.60220 22.32644 91.75756
12.71531 32.52539 41.42474
95.62931 77.80067 21.98490
70.03092 32.09307 97.16596
44.80970 22.30554 37.85650
42.18655 94.68247 87.83450
95.39733 28.61282 69.96827
75.52062 77.05514 7.25318
91.94633 1.54785 74.35680
85.77585 21.71322 86.73398
38.15980 8.58109 9.83357
75.22780 43.95695 94.19082
19.19645 80.88059 94.20635
84.77523 34.45390 68.95155
31.76761 24.93053 22.03192
96.02937 17.04017 84.84436
94.15635 15.08619 83.85927
90.65098 29.72603 67.05514
79.04241 45.04052 95.11629
76.70253 72.65892 45.05342
74.10925 2.76430 80.30402
94.46743 44.34762 77.46009
91.02108 19.73116 99.08636
92.93477 1.16883 99.80846
88.70072 15.12862 90.74917
90.54559 12.99163 74.73897
74.67507 28.87954 72.74521
71.87271 10.17073 96.25876
88.16329 17.43552 71.23023
34.91605 37.22064 44.73254
85.96405 3.67871 84.82920
93.85014 17.18326 87.85881
96.91729 48.12696 73.83943
1.54110 23.19316 42.76008
96.45069 35.58495 70.61651
89.92816 48.87008 95.49149
87.04433 60.48565 86.99642
87.72697 60.43431 94.15467
67.59341 37.48508 88.37532
79.99157 45.88226 88.61720
57.85516 79.42880 58.27290
87.39259 23.45606 99.76911
85.36248 59.60738 75.29194
15.08575 87.39993 69.46967
68.83494 20.37267 71.47788
89.42508 5.52708 76.82031
99.38866 69.98843 32.10238
76.34779 5.89465 81.13392
96.65488 43.62798 71.10709
52.08041 73.00094 74.06544
95.73914 7.77061 86.67509
98.71849 45.30256 79.93637
72.51881 1.17827 73.00791
98.40990 20.99568 83.48960
72.71894 22.60308 89.81165
80.60024 8.25187 90.50177
97.92222 63.49010 84.94459
5.65825 10.53040 29.93835
67.68032 5.77586 79.64857
69.79000 79.89683 49.84882
88.66907 21.99344 90.42942
79.86055 81.84927 41.78924
90.93045 9.44440 94.51646
77.06536 12.93016 93.79528
23.45527 46.47733 1.61940
13.44185 67.60818 97.53603
82.44430 34.02060 78.88182
84.27209 74.21452 61.03617
13.69593 97.50609 67.06539
12.04612 25.02883 25.39929
49.59964 48.24923 17.79354
80.17109 18.16017 68.85317
98.25562 22.36531 70.44181
72.95450 4.65338 80.53958
18.41865 88.55538 86.25550
81.36540 25.88251 73.43699
9.16755 34.84056 5.11203
21.83972 87.13381 78.15486
76.94339 37.52037 99.39042
38.09879 11.31502 37.92668
93.00644 1.24049 83.90715
83.63513 46.09471 75.69703
40.68612 75.54040 93.76059
89.15915 43.96844 70.33937
66.73083 45.27831 70.24679
80.50331 60.75082 87.97889
78.13724 79.06747 66.25815
98.45176 13.81246 85.78996
73.21223 87.44003 46.33753
67.84792 21.52196 72.42236
67.74189 44.39993 87.24528
77.01841 30.60577 92.10148
82.47696 70.86093 92.40736
95.28379 85.83676 78.65376
45.48694 16.95134 12.46500
96.94106 37.52039 78.93222
89.83428 41.35903 73.81027
69.64598 16.12245 69.23765
69.82435 89.07266 68.02261
98.30919 10.61441 83.46809
87.57766 33.35007 73.59829
74.00825 49.83394 87.79762
93.38560 2.23868 79.12529
78.75367 88.41882 24.86130
98.79745 31.20968 82.25365
97.54583 16.97710 72.52499
12.59446 11.14586 31.08416
87.12201 33.87976 70.09109
68.23103 26.98822 89.96247
83.79611 76.46448 9.44037
69.12403 89.32824 15.38295
20.22480 86.76167 83.74634
87.58135 44.47696 87.01976
14.11204 79.30075 87.95440
31.62595 74.37584 89.17343
68.41413 34.09216 76.04441
70.81842 12.40105 79.97137
71.64366 47.52928 75.04160
72.33076 72.62470 53.30612
20.94742 90.28502 78.52677
72.29756 48.02062 76.58959
96.47193 31.29992 84.57179
45.42272 43.85686 26.62668
90.07215 49.85376 71.54933
82.36881 46.67922 85.38965
88.89999 35.64533 97.12979
90.15104 5.09804 85.55897
83.28001 29.06176 93.90076
41.19576 48.73672 34.95103
75.37252 42.15669 92.33115
68.41806 77.98295 28.83019
97.16382 44.48938 94.31625
32.29818 43.64244 10.71103
19.91066 92.69438 74.38450
20.97209 85.10658 95.14964
92.26810 86.35666 78.10583
25.97860 14.40730 42.77995
98.33345 27.63409 68.45267
98.88370 63.48506 80.25335
74.85794 14.93978 67.91868
77.31607 94.98972 35.86613
80.20164 4.70422 92.24611
98.28914 36.57492 95.99928
76.20245 39.05808 75.48024
83.14098 21.40387 87.66881
3.46645 72.12430 78.19393
98.35608 49.44607 72.91112
6.86642 19.29477 26.03560
44.13280 94.92169 92.75381
70.71626 43.91747 95.43146
18.19840 41.75801 30.21768
37.25909 70.44001 91.46961
69.07990 43.75212 88.52371
11.59471 85.22167 71.96658
69.30734 45.10356 87.23268
82.98609 26.44699 70.69187
80.95177 16.46771 75.03447
83.95063 87.35954 32.40967
97.37525 31.46209 84.72934
16.28779 71.22797 80.97626
87.80605 46.42107 74.65479
99.38508 68.73980 31.19253
92.33569 86.52218 68.67929
88.30570 39.87222 91.91747
93.15088 45.76226 78.35784
96.61823 74.70569 60.00528
89.09737 48.98625 91.43193
92.74799 14.26995 99.16039
80.55021 19.86734 68.03827
96.04786 10.15446 78.98678
30.95877 69.87385 94.08847
83.69633 9.01545 93.80159
65.09881 50.48617 53.06822
75.94505 93.30215 12.05467
69.93483 36.23961 87.34663
98.56377 10.03043 74.89886
80.96433 38.98864 99.75169
15.08705 36.54919 2.42965
84.82297 25.49403 71.00930
87.38415 28.92571 99.41733
70.86720 26.34502 73.63285
95.13048 40.93321 94.34358
68.50373 1.24764 68.56799
91.20839 16.62333 66.73880
45.79312 94.69264 74.67390
97.57611 27.32791 98.72833
69.47565 38.78268 71.42091
90.92359 70.08487 71.62049
85.07255 34.15063 93.79105
16.03649 6.82658 23.40023
80.97869 47.58538 76.58092
80.78090 29.33704 67.21344
85.92943 4.32733 88.51999
86.70440 10.31376 84.67956
93.11123 89.41545 16.62964
88.81528 84.60304 56.12242
42.98949 36.16877 29.24638
60.92023 75.19531 87.38207
86.86770 23.92770 74.75997
77.57115 73.27885 2.25307
98.99122 7.26046 67.69281
83.87668 27.29905 75.14549
27.77757 68.63123 78.72067
81.61494 42.55272 99.87842
76.13315 3.71573 96.34167
88.86036 12.41358 78.55580
92.67187 91.57717 28.73671
32.78248 2.70643 9.44149
88.24217 29.47713 67.02989
68.09107 66.27729 53.71092
79.18952 6.35198 82.27982
68.75774 46.32349 93.18199
77.08602 88.62114 77.88943
66.97416 11.45741 80.63810
67.84119 79.96720 60.46202
96.16864 61.70942 61.15253
3.46264 71.36737 99.15776
92.36617 9.94025 96.24049
24.08951 21.54500 44.69748
99.70223 40.35873 96.41715
94.73658 31.59797 95.69005
67.25597 93.82973 11.97603
12.72813 97.42783 72.69678
82.09996 49.19906 94.68991
84.64124 72.61038 46.47764
88.56769 44.28398 85.10332
94.64508 2.02509 80.33971
32.80086 74.22914 92.42968
82.83680 48.83212 98.37522
97.54680 69.83288 9.43121
99.84978 63.13646 98.24336
88.66407 32.74484 75.99600
39.79174 46.35872 18.29332
70.14051 39.91767 90.97426
67.56129 12.71308 99.72663
74.77245 22.18945 69.47469
86.67654 8.15418 98.98934
84.19450 23.68396 74.41441
92.28699 46.78712 94.91562
88.31138 34.99284 89.69612
77.30711 40.29895 69.38988
97.41114 2.61016 67.49849
41.65601 97.92845 77.45637
92.88782 39.71102 90.23651
68.71889 30.57422 76.97574
96.29587 22.26591 89.90147
13.77596 88.37803 89.95079
77.37014 73.96393 36.33422
35.42890 42.03330 17.32065
47.18784 1.15211 32.72563
84.15950 52.82197 69.26638
73.74893 3.94451 84.79295
72.38363 41.61055 92.58401
67.90089 18.44392 82.05429
77.71062 33.62034 91.61114
76.75209 42.63000 73.98112
46.05041 19.07840 28.82517
78.89911 17.77580 85.92640
19.22652 88.27539 72.67696
81.35632 76.07908 23.98085
71.20332 7.73451 75.59124
70.06152 42.10421 78.18598
88.19878 6.80351 82.51792
16.96258 90.88441 92.29564
80.01272 42.44952 86.93343
99.62836 95.24555 91.86405
74.68816 45.72826 86.80086
99.53308 3.43660 94.25220
22.06908 12.68040 29.18786
83.17532 45.86014 79.27573
92.76603 33.70265 97.18249
94.67956 32.91123 85.87529
71.38978 35.45707 76.79599
93.65483 8.50142 84.23504
7.03958 3.07880 15.40913
12.65755 71.84359 76.97726
87.77096 44.54325 84.82884
85.62849 33.64207 95.19410
46.04784 79.17004 73.46557
66.69299 44.37442 70.41842
88.33382 29.48514 85.21530
19.79412 2.94024 33.88370
36.13066 86.67938 93.19216
88.57633 15.94712 95.02117
29.31859 97.40605 95.36899
99.53746 30.14758 84.08595
69.03517 3.15884 81.54094
96.04882 76.36049 32.28451
70.27074 14.03123 77.79210
86.00635 10.62234 68.68773
95.29689 99.37219 45.21869
78.07870 53.57131 54.77514
94.72213 7.29808 92.43170
28.90121 6.99804 28.88874
72.43317 17.36797 84.67820
71.91721 46.56145 90.45039
69.39049 6.16099 98.00292
75.52636 36.83796 71.18828
79.26995 2.83195 86.79881
22.25944 47.24388 23.65043
10.23302 47.92616 44.91035
85.24082 5.81952 89.50830
85.17704 92.84041 90.18083
69.11147 43.21286 75.06066
98.55690 30.52657 68.31424
71.50900 21.27612 80.59077
86.81112 44.77668 90.00502
40.00754 83.09668 82.36825
61.41377 55.07254 56.39945
72.75554 22.75444 81.42371
28.42130 12.53530 35.59355
67.49580 40.23999 70.03638
99.34254 18.15281 89.94221
69.35033 13.18109 97.51077
82.28288 76.74434 27.61937
16.21482 31.96720 32.96451
65.43448 92.30018 97.45193
49.39158 44.60917 5.83909
69.90943 32.45598 88.85244
99.47672 80.11266 82.70808
81.27318 16.31280 86.44954
8.67625 36.55601 13.44769
83.32120 77.32543 53.96670
21.69129 30.46334 20.25320
72.43693 22.56905 98.51238
96.57071 39.88412 93.46868
19.75282 94.69015 68.04840
85.63235 12.50887 81.17335
96.83925 86.10314 30.44105
28.45019 38.34684 38.02660
94.97418 14.02437 92.64125
71.65858 23.99669 87.63684
18.58312 98.84990 98.16248
27.88191 6.55551 41.09610
92.85460 38.58573 70.95026
35.30179 21.53579 5.38931
79.72050 14.57949 99.45954
85.72448 10.65594 99.71267
67.06362 51.29819 78.91561
69.46983 2.20377 94.84887
69.88866 96.86131 55.46579
79.18749 47.49139 76.42195
28.71506 99.15188 90.06634
41.64010 43.37900 2.52611
68.49583 16.85627 96.79042
99.23531 10.11810 77.70507
97.67421 49.22158 68.46734
97.64418 48.56156 77.76871
99.52210 86.50965 18.81248
97.76127 38.19500 94.85992
36.04733 86.53513 81.41001
78.20344 29.98544 70.23741
39.14374 86.20809 85.01724
88.41061 19.56071 77.07577
67.64281 11.91464 77.00876
95.27838 36.16193 96.74062
96.45392 22.79989 81.93512
78.12963 27.67838 77.27841
89.28059 36.23897 69.53800
74.70824 4.09893 84.35399
10.81888 81.24775 85.53852
91.53799 27.73046 87.14257
76.71469 28.35684 72.88809
43.29468 1.00166 43.26816
76.23668 9.65299 86.25960
98.11551 38.52758 97.96192
41.10101 17.67137 24.32785
93.37497 18.51988 67.08103
89.99674 81.59046 85.60964
80.74817 41.74153 88.60913
34.83645 49.92756 22.80865
47.67386 94.85088 76.93562
92.55256 39.44367 67.34359
75.01228 68.07324 28.08707
15.37183 77.45124 66.76601
86.23272 97.36462 39.28976
99.68158 66.66662 95.08199
82.59857 41.18080 84.92821
78.52710 14.91002 99.82532
93.94741 45.86088 81.41636
44.70753 78.55023 89.78178
43.54890 42.33086 11.59222
72.92415 81.40591 2.56198
90.76649 28.78223 74.60849
95.83284 79.26202 54.77897
94.67674 96.71099 32.58072
5.61697 5.93876 3.33662
87.09227 22.35672 74.93834
76.79797 17.78289 92.39770
67.65948 16.79448 77.21135
78.00442 24.55985 95.21343
93.49708 34.35632 67.56916
78.00300 26.32980 88.93558
76.73125 35.80473 67.55669
68.06184 41.45107 99.29176
30.36685 26.82096 13.93271
93.12950 28.48573 86.23204
97.64388 67.49656 33.51406
69.12190 29.45518 80.90256
93.90834 45.35666 79.38367
23.21500 31.58431 46.60594
81.27415 32.39944 71.22829
68.96393 75.27016 2.23979
82.52266 73.88917 48.18970
67.33900 30.40084 77.24733
27.81134 15.30868 25.82990
57.61004 90.89593 53.85720
77.01191 32.22833 68.66802
77.64935 14.60902 90.90013
94.87955 61.17314 71.20166
88.33911 2.80353 75.91784
72.81193 72.84231 27.18429
94.36445 20.22541 93.57303
40.27478 96.13110 76.42920
42.49783 94.25388 74.05492
84.83709 48.30337 71.90278
72.77874 26.26794 90.63674
19.04427 13.90074 35.98348
87.75085 22.42835 69.89047
46.40025 19.16938 25.94048
47.71530 28.86741 7.87641
49.37743 85.17412 79.58222
92.96827 47.70109 73.66214
77.31161 38.05083 98.38065
70.62687 20.80577 67.97703
44.68642 85.54781 67.75145
92.96333 38.72534 80.14924
94.43800 38.46778 66.72566
96.26591 30.20331 87.16455
8.26914 91.98029 71.12388
71.27182 97.20153 28.81431
95.72304 3.84829 70.69540
75.12606 6.00358 78.85421
46.56354 15.36949 21.99973
11.53868 5.91655 14.33940
94.54848 28.32251 97.98327
4.73553 25.31457 23.51389
72.00735 10.33161 69.16762
69.22215 24.17379 93.16007
90.05840 38.20314 92.42921
99.33655 27.45218 66.71516
14.07886 21.23561 30.58187
77.24526 32.76439 72.92900
3.54873 32.62455 5.22686
78.85022 5.23719 70.02783
42.53808 44.07920 24.65058
68.30466 45.46519 74.46713
73.21789 40.07758 89.62137
96.29744 18.73447 72.12758
68.03850 10.19959 82.76152
93.81231 65.05493 77.09223
70.16978 36.54520 68.60606
3.35522 82.89043 95.79106
93.98008 15.49257 88.06045
98.08088 10.44963 73.95818
97.61193 38.29311 83.29777
90.53391 67.89015 27.02436
84.37107 11.59736 68.55141
66.99301 40.22022 90.09164
90.73427 10.34927 93.40379
44.83080 71.75941 87.07104
15.01477 86.44309 85.12436
58.50946 50.86026 59.07177
14.60843 82.59964 92.93756
53.37384 97.81741 83.13692
69.34217 25.94787 95.81565
89.06447 21.18632 69.13796
21.05517 10.45469 45.05332
85.41558 28.77524 96.95644
81.04926 8.17884 93.08336
71.39652 22.49680 84.63534
76.54906 14.09448 97.94195
86.73608 6.85360 74.21768
99.25051 32.22355 99.28211
27.14109 7.27349 25.49225
71.34730 84.53826 76.91365
86.27632 41.03454 75.25709
61.24911 92.14049 89.83678
82.36269 49.47156 75.46435
95.79652 42.60281 97.53692
73.39112 76.58855 94.06369
2.88617 73.09855 75.33658
77.12660 48.28044 74.05344
69.59138 22.43944 68.07202
80.80342 39.78414 94.35570
72.24581 15.84512 71.91235
68.83462 13.72955 82.42531
95.67087 30.76193 93.02846
92.43923 22.51876 91.45195
85.39480 8.13969 85.36479
68.50659 22.76677 74.09329
12.85161 19.08581 40.81752
48.69538 30.28657 23.95436
71.19369 1.99574 81.85565
28.38025 45.35118 39.72085
68.28824 24.53848 79.93805
11.18684 68.42124 76.79385
86.59093 11.99701 79.89799
95.15733 24.07223 98.23870
71.52443 23.85389 71.86064
92.17182 58.74599 76.23666
89.98008 7.82138 75.22528
81.24999 25.72715 69.12814
76.54325 49.69802 97.01739
74.71379 40.04891 97.41925
72.73683 10.21366 89.19738
84.02540 22.69972 96.58919
20.56516 98.74427 87.08653
72.48456 9.72018 82.42732
98.11390 27.19832 74.06230
93.58604 41.14145 86.22077
96.13403 10.64225 84.41016
41.06173 16.46572 38.14911
93.33532 36.13468 70.02807
71.97101 16.49592 84.47953
20.15311 16.96547 31.70869
98.30358 77.60280 20.54135
74.55210 37.81787 77.93280
71.35255 23.14615 99.36651
73.05271 76.65451 54.40733
82.02273 17.75892 72.52488
68.86620 84.40894 43.81163
16.21269 36.70126 41.49295
92.55494 67.67751 19.86496
85.11291 46.30177 93.34215
21.72660 85.63507 83.74783
75.97837 79.81192 22.66257
81.67866 38.77513 97.06066
19.39034 67.50149 84.67775
88.21334 35.68722 73.68004
96.60452 48.08699 86.82769
79.46801 6.86478 89.90377
8.38112 71.31525 86.94023
93.13868 43.71764 87.08997
97.87090 48.46583 78.83410
97.70323 65.21858 86.00091
3.44990 95.28035 66.80864
85.06600 10.49701 75.62988
69.25823 43.30775 78.44651
85.64395 27.32660 92.85148
92.48020 19.64226 93.51173
92.43274 21.88006 71.76619
11.94555 19.24141 45.63630
91.78517 35.37678 67.70395
93.52443 48.52587 72.51341
96.59035 3.78624 91.43272
96.68561 27.26969 73.35966
96.61353 20.59089 93.74146
72.08099 10.21971 80.29742
99.95130 4.09834 89.33944
73.74037 4.48160 67.70487
99.93010 34.15530 77.95132
96.94292 31.56243 99.57018
76.44704 32.41384 74.97402
67.43795 18.04879 94.29762
84.51944 18.29012 99.55933
7.28697 21.59599 30.71305
92.63482 42.01171 93.13694
80.21038 29.30199 80.37588
16.26406 20.71837 3.86346
6.00128 18.18271 43.75040
8.93971 99.84210 78.05581
86.90772 40.83206 68.15807
96.57445 23.00756 79.74171
83.22570 37.03467 93.74670
75.51299 2.34949 73.04563
90.00534 7.78627 85.05056
87.27916 41.51604 82.19970
80.41939 3.89608 85.39599
96.35803 9.15099 81.06745
15.57459 38.50168 43.04777
95.55896 68.00288 9.20159
88.69920 49.54681 85.18986
87.77293 89.86468 31.56010
82.29207 34.87636 97.56676
86.97909 31.64783 80.56107
78.63384 38.62536 79.53959
73.60701 1.64595 69.17538
97.63107 99.28874 3.07285
85.26807 49.86552 89.04103
87.11752 11.13235 89.81433
77.48333 76.06949 61.53602
69.37707 2.69911 94.52281
98.57671 24.34242 71.78331
67.18319 70.93409 25.59706
93.86816 42.97876 86.69532
99.68193 24.91672 89.40532
40.20906 78.62579 67.50920
78.58010 34.11854 89.98820
88.66004 20.13686 84.06955
32.26046 73.36629 97.41261
97.28246 43.68434 93.76608
85.83236 4.51850 72.95227
86.37133 30.40418 75.10667
73.20775 2.92398 75.54826
26.26822 3.57512 20.92129
75.21566 19.78256 87.05657
83.84907 67.96681 99.63861
75.10106 97.87311 60.10135
39.30408 41.10222 27.39510
99.85251 24.02534 74.18733
72.74393 37.43250 74.96546
75.08661 42.03005 66.77183
84.63925 1.98096 92.99422
92.71282 73.82494 52.78834
95.35986 43.77207 94.95503
77.93171 34.39666 82.21692
73.88619 95.21970 10.63007
79.26949 33.79575 77.10832
76.23096 36.50961 85.63794
14.17846 29.06432 21.20929
3.99517 46.29349 18.76880
5.29476 3.04258 11.03277
73.84598 32.72039 80.46058
95.98673 49.58493 91.18681
82.32260 77.21889 82.38300
6.36007 81.54077 95.38343
70.96768 36.55444 88.09787
72.40112 25.04723 91.53760
72.20430 15.25648 96.44183
67.34569 6.14532 77.01109
81.25001 31.78204 92.44005
80.25883 69.92118 14.85774
70.57087 40.93784 82.30577
78.46480 10.49636 90.59667
86.94759 16.93336 78.11592
83.71470 91.90810 93.02506
84.31055 40.38230 97.34590
71.36169 44.01845 87.72288
67.69540 42.12216 84.71197
90.30187 29.96470 94.89305
68.52724 84.01701 8.44811
68.22508 21.98154 99.56280
68.08449 40.13735 92.33211
98.38273 74.30111 46.81061
89.78598 28.67692 91.35974
16.75991 89.04775 91.93534
43.40612 69.83443 69.99029
70.45525 72.51515 58.12827
70.86087 8.43626 86.12042
80.62661 56.72296 73.20535
68.14223 56.30726 54.20986
90.88949 17.32122 89.81515
34.55259 25.52264 7.39963
84.83924 46.13812 83.20730
71.43052 31.75601 84.15366
99.87083 24.69834 82.19540
99.47467 40.57210 75.42239
87.86589 76.73842 45.07680
91.52628 10.07707 67.33373
90.08353 55.71362 72.62187
76.45816 12.23285 89.42891
75.59320 7.62512 93.07031
45.89263 78.93104 81.12111
90.61091 73.53416 37.42236
79.55079 87.04898 44.56888
99.88224 5.39902 95.59268
87.16526 15.96230 84.37175
77.92201 33.24630 99.19238
74.79438 23.23595 85.00159
67.93567 16.26583 99.07699
79.17976 91.84139 90.92095
83.56484 22.10957 77.63866
68.47881 73.35345 30.32913
74.48799 26.38866 82.88290
12.99400 75.03111 80.77339
82.81127 83.95236 59.62113
82.73303 35.64363 87.06687
40.13122 26.76513 16.30805
69.49881 85.85377 9.00318
71.93018 31.73856 78.24777
93.08601 23.14889 92.51450
72.06546 87.34876 5.09716
98.00106 48.01902 82.26920
41.28541 72.19043 81.60007
25.67518 48.71958 33.74046
30.94087 42.82131 27.87704
66.67991 42.10547 83.26504
24.74869 78.68652 71.57297
21.92383 49.13501 35.89265
96.80542 25.40047 67.20422
72.42475 74.76642 72.82865
75.08371 14.91300 69.92761
75.97514 67.56119 93.52619
71.97496 19.56181 88.31405
79.37853 44.46002 94.07376
24.78049 28.87287 22.71212
13.65323 72.47700 81.60616
53.98350 89.63156 95.49779
69.77404 82.99158 26.80051
71.09931 7.74160 92.74565
95.37573 10.38628 75.26993
43.08991 83.28204 88.20150
12.91365 87.11278 98.18867
35.61645 86.34225 94.43112
93.59825 71.01585 49.55831
73.69886 20.80476 92.04193
87.57168 38.03048 87.57300
88.44518 29.04665 75.46234
91.39606 51.36932 66.37236
74.22713 16.59364 71.84651
70.52667 41.45540 76.94884
93.31421 13.76048 81.10860
68.05480 18.19391 71.57613
74.16994 24.53059 69.62225
71.51183 21.77554 75.04155
93.90289 49.99272 95.33867
72.08889 89.65898 31.48010
98.73933 40.79808 73.23308
67.62650 22.06340 97.16915
68.82780 35.28307 96.37870
82.02348 33.51982 76.75303
93.87975 36.74532 85.08931
98.28148 10.91303 84.18301
77.54248 73.53552 15.05677
88.93330 81.87797 64.85089
90.31297 47.48160 87.60788
4.75113 19.15720 38.18411
79.72962 99.50185 95.35332
93.36029 35.32024 96.22107
75.99371 36.35269 94.72055
89.52829 81.02210 70.21394
10.96209 39.04843 2.08297
21.56565 23.29076 44.31119
16.80986 91.42880 89.35976
19.33332 82.45018 92.22166
88.88943 23.09661 68.19371
89.86892 41.65420 99.13558
4.61616 72.27205 91.34553
75.34371 48.12889 90.83606
11.35321 39.50192 48.72521
1.18738 38.04214 32.21730
64.09208 85.33244 56.58869
68.98664 97.33594 33.46144
24.39362 48.10049 38.50621
91.88679 28.58780 78.92892
24.48816 17.88472 43.47373
89.99412 49.81887 80.91128
78.32798 80.21388 21.11481
21.87363 46.84394 39.04600
71.34543 10.56546 72.86577
26.10838 98.00621 80.73306
49.09874 9.07773 4.69239
71.64582 15.93093 88.63648
82.64460 41.56258 68.07733
73.15927 33.81971 98.91597
95.45810 28.50527 91.26494
96.93104 35.93083 78.99286
92.37397 6.48676 97.13658
94.26466 99.40496 57.70373
6.69495 83.64862 67.66391
97.08281 28.44028 91.37953
56.14375 82.17976 98.51563
77.77900 7.80142 83.99215
74.41636 36.66576 94.82950
90.65207 13.68407 85.19329
71.54227 81.09823 65.60101
80.13660 17.69045 86.35002
66.72337 23.80084 87.48959
95.34742 8.50198 76.88531
77.07926 24.99581 70.92535
99.44565 39.90861 78.20493
74.19747 85.22173 16.67392
78.61017 89.54505 5.69229
91.89178 41.00386 97.95414
6.14289 20.22891 31.21504
84.79812 39.35218 90.37865
92.29261 90.44735 88.75661
77.28825 36.64805 85.64917
97.28850 70.96910 25.43178
6.39100 10.39888 39.08457
79.56603 65.13400 74.09764
79.45076 16.62907 74.34332
83.78975 22.57590 74.76812
9.67312 76.63269 99.91490
69.14180 47.25491 85.49066
99.88095 1.24352 74.99028
76.98120 69.40601 79.53110
46.16466 92.49131 74.01623
91.85299 26.89367 71.92838
97.12262 48.14923 69.63530
5.95766 99.74605 74.87075
85.16963 38.05996 68.42193
78.39735 14.21858 78.91084
4.91791 38.86161 32.94670
87.05794 48.63241 92.57496
89.78645 32.77725 85.57419
40.08279 97.91558 98.01449
85.87862 92.76662 8.08523
75.67108 30.66292 80.03086
91.68878 15.92300 72.98671
91.07808 30.40504 81.36816
77.82509 7.32360 81.67608
41.49413 5.42635 1.05767
10.87826 96.25705 79.99518
96.77985 10.63486 98.43978
87.59954 45.91975 92.78419
86.21643 6.40556 72.14698
94.39404 16.68827 87.26420
18.67794 6.16298 5.92524
68.63123 91.13978 48.98016
87.29997 88.89044 97.47948
69.10659 9.76280 87.73539
76.65147 82.58576 32.21633
74.34831 75.27196 70.30977
86.00406 11.71336 94.40875
80.48386 35.24049 72.98206
87.14154 75.58566 42.99425
97.38900 18.76950 94.10336
36.27228 77.35944 93.91366
91.36223 2.39209 79.94358
90.65426 13.19326 78.10883
16.45594 31.22385 45.38780
55.00224 70.06229 79.12858
86.22710 2.45108 86.74701
33.47118 37.68692 34.36966
83.15623 1.53880 84.04387
42.30827 34.63353 21.86039
88.34913 17.90485 85.92406
99.72173 42.59531 97.97202
69.14439 18.11358 91.66163
79.38095 46.14584 74.95170
85.63011 90.40528 7.27348
89.65627 57.14960 90.06493
84.76932 28.58338 94.76037
68.74349 72.68949 34.78543
97.40929 65.99890 71.48633
73.68260 38.74704 99.53869
17.19544 23.24528 5.64130
82.60763 34.57167 67.33397
79.45330 10.66644 67.43781
89.07434 46.54288 95.52046
96.32240 30.54389 87.58680
70.74303 82.24862 43.48815
1.03684 92.18915 95.39494
88.01027 42.87660 88.32124
71.88441 61.94151 87.11841
30.88642 23.75382 35.70406
67.17315 42.64245 93.84638
76.60219 95.98761 24.18746
30.74084 84.06277 82.65715
81.56461 15.17895 82.16962
85.13246 1.90297 84.61355
6.13030 27.43580 31.43465
71.26785 30.82674 79.25330
53.39386 51.60205 67.04078
91.71117 86.42153 30.02096
92.09056 23.94485 86.98339
