100.00000 100.00000 100.00000
82.67287 53.40341 19.85491
88.32034 62.15481 89.20951
43.05414 98.59346 19.39798
64.82177 99.28628 37.31873
91.93539 78.42023 39.89843
65.98634 78.10554 49.78562
28.89693 62.31439 36.92569
84.68378 60.14751 56.73995
90.27141 82.91661 92.10128
81.83938 13.23922 50.17476
30.46769 56.76362 57.65884
6.19683 21.94790 40.74034
82.23735 22.50532 10.42749
74.40907 53.03850 19.99338
16.66262 63.56586 73.04664
5.20886 24.68300 54.40470
91.74999 25.55602 63.67333
18.11135 33.03944 23.07156
10.85350 41.47599 58.55847
94.78675 1.91586 3.94702
29.69564 14.66631 38.92670
45.57703 75.74321 32.54191
10.04541 69.76707 87.43774
25.63206 75.94208 78.17584
15.32641 28.46577 42.00944
18.13209 72.54775 81.40185
93.96552 54.30899 25.81172
98.43335 98.40126 96.02453
88.15067 4.63005 99.55986
7.55315 74.11462 78.05797
56.82030 18.16736 36.07492
71.11921 40.83695 68.48309
53.50184 56.17095 99.59184
79.08090 29.08039 20.19486
60.05927 89.11170 4.00653
28.40590 12.70635 92.93937
80.97516 80.80979 35.12929
86.02704 8.51498 55.93331
62.37727 75.01023 62.35436
72.61631 72.68620 26.65912
34.68534 22.26139 91.52596
86.03058 27.90437 36.85351
31.83362 25.23247 62.69401
28.51107 82.83747 62.61153
7.04678 86.66237 49.62366
7.64261 91.87014 17.80322
15.58836 40.20488 94.59151
92.50412 40.32195 93.02567
53.99652 12.46163 65.30324
63.54370 44.66198 84.67723
17.70793 34.03751 23.81464
15.01400 42.31785 27.39152
27.91969 77.30036 87.45102
88.22281 23.47624 99.07628
20.76129 28.60685 66.84066
81.94425 99.31123 54.01593
19.29043 73.61583 73.01390
5.22324 30.80680 92.76674
98.64619 10.89164 78.21292
22.97329 81.75387 15.18427
37.75722 12.50280 48.07293
32.15162 35.15349 42.14671
4.85318 50.13316 79.82027
79.36380 11.55910 71.33357
29.55379 50.70077 25.91552
72.92635 84.98755 49.26926
80.82160 37.85206 80.21752
1.80328 81.78255 26.43228
11.41764 82.33885 78.67619
61.77969 79.67938 96.11228
29.61903 39.57582 84.47600
87.06664 39.00305 30.32145
47.05607 8.52942 5.32450
7.48476 38.88797 51.30455
78.90494 60.61141 51.67934
61.51680 18.10474 45.93803
72.77616 94.10235 27.36932
89.01659 42.74041 22.97153
48.65583 2.59843 88.44790
26.18699 30.15136 41.94200
21.71388 59.22747 10.20839
61.17712 86.60959 21.44342
87.14789 37.85650 95.81756
55.47982 12.86220 26.80870
45.84248 83.90780 85.65237
80.77448 25.10093 61.30173
32.19087 62.03943 49.09779
19.78883 31.93126 81.74620
81.78388 20.03920 47.06570
75.28261 95.88951 58.74908
60.44979 49.21257 79.13506
25.32760 74.90992 12.92243
61.73034 22.39726 64.29561
46.27645 9.66003 89.99035
31.04223 99.76459 85.69157
64.37252 73.78622 69.84429
37.87769 69.94867 39.40628
39.97679 23.71386 16.39136
29.36939 35.85709 25.70897
24.91829 24.50642 89.48408
63.92474 20.61795 3.23990
31.97091 86.84667 14.45609
35.15479 72.59687 61.34697
23.18714 79.55195 22.15143
71.23475 18.28513 76.55750
66.13230 58.90681 43.05702
31.38658 71.17033 62.52578
19.38653 81.96006 26.42671
66.14079 62.70478 11.35279
18.18580 82.70843 40.44436
68.67711 1.81327 79.41906
66.57980 90.17462 82.72523
44.15470 61.63862 50.60659
47.83430 36.12519 81.80394
25.25178 29.82758 19.24873
92.47658 41.13791 80.87447
17.58580 51.02459 10.88806
96.46932 18.25255 48.47892
8.42177 31.32892 59.10689
64.76421 33.14295 28.55453
43.24040 53.13330 93.05375
80.21225 57.68991 19.63936
77.47039 5.96063 11.82900
40.08678 44.70629 55.92966
44.42619 33.39374 71.55596
25.53690 96.26487 87.88877
89.45748 87.13468 20.13608
56.97940 64.67407 97.35529
43.01251 84.14841 67.30111
57.67331 41.94195 61.81481
88.69233 52.28216 19.66001
68.70509 50.40970 78.68950
34.90180 43.26278 19.51450
19.66722 43.70614 12.65079
58.16646 73.66585 91.86980
19.20007 32.46213 30.72460
94.67000 22.30940 80.86525
2.03547 33.58456 37.20529
52.87333 16.25567 58.00831
80.71419 21.60156 45.13318
71.90572 72.27230 50.53691
84.49216 70.89307 88.13004
79.15786 64.06342 18.98108
31.98032 93.74411 73.93740
19.97111 36.42222 57.27114
57.61925 17.80728 47.65032
9.53528 77.32965 52.64960
28.37368 66.78849 25.56603
58.04791 93.88338 16.59122
71.27055 76.67225 90.36427
87.31635 47.66639 18.94628
89.23810 96.56600 66.81970
39.69193 69.47578 87.45816
76.75594 62.97460 96.49248
70.26835 68.92361 5.26865
88.75991 64.20171 95.56073
98.42399 42.02130 67.38076
62.19502 39.45538 64.39985
35.46657 59.28238 52.24652
73.19734 99.79344 82.88757
57.42344 85.08111 77.57645
97.00321 75.15437 8.87955
23.00084 27.42400 8.10639
97.81785 72.25807 65.43540
92.97310 28.94914 26.26337
59.55766 33.88782 10.99899
43.22300 24.32714 72.39715
36.88038 25.46957 51.63322
32.31333 19.02974 20.94815
65.79066 22.27092 40.89800
88.92764 44.09263 14.46195
38.63074 67.70072 70.57142
11.10435 6.09889 14.02599
38.12239 4.33450 61.43229
93.13956 35.46001 22.39872
69.60726 94.57681 90.60438
93.33349 50.90862 65.65588
34.57858 9.79250 48.74308
36.33629 59.64069 73.47595
69.67929 31.05641 94.80490
89.32412 31.04248 11.79310
52.46406 59.60742 24.10745
96.82971 42.64113 87.09567
13.41658 17.97475 14.82584
58.52846 17.82786 1.02407
66.17225 52.95504 30.66951
8.96128 91.66586 60.27149
12.41672 96.32506 12.99002
44.20338 11.52475 52.20396
16.42079 77.39840 14.75341
40.33740 27.47321 2.73957
22.97730 26.19658 26.84800
40.99195 11.50715 84.10027
75.57416 2.34536 37.84331
7.28398 96.45271 88.67753
69.91508 86.45551 86.85000
97.91417 32.99179 97.51303
98.09635 70.90358 95.29273
82.50342 31.72608 71.55001
12.05133 63.43207 75.77973
93.05690 80.23079 33.24906
54.39219 46.89744 8.70683
26.09812 41.11075 76.58080
10.18004 38.10105 77.29293
45.89673 43.97981 7.70635
32.10736 59.32856 10.06110
23.81449 45.03115 89.22009
58.41599 39.42276 68.37073
18.35905 97.73850 38.87746
1.42102 31.91697 50.34367
68.30605 53.69818 47.03779
73.48133 65.00091 54.74871
39.20933 95.13667 25.90708
59.19133 10.17714 39.42159
7.26863 82.58316 65.74692
62.18694 89.58283 44.37493
73.04224 34.52685 23.64263
15.89034 10.76984 4.16755
71.69805 80.38608 12.04819
84.30575 18.60002 23.83570
24.32642 84.72852 64.81150
12.61146 14.66043 32.72760
34.66037 80.73675 39.54067
86.82949 8.28620 57.44688
12.35754 29.60750 81.80907
9.89772 68.54854 32.74664
35.03051 64.32963 91.76857
38.59411 99.15363 55.05951
47.69685 67.72533 89.92067
73.78655 90.83019 88.98789
72.78032 34.89123 43.37224
99.61064 47.96522 37.92214
6.19533 91.16102 86.85779
75.50363 86.71683 98.69132
66.97785 89.82731 18.66965
99.94727 11.31318 41.17217
64.91341 56.13282 24.07158
22.55530 68.73109 78.61333
67.40688 74.90463 16.95271
6.66169 76.03329 8.22167
69.65355 23.56425 97.55103
97.88003 42.12757 57.62541
83.21421 74.84037 6.37562
80.81776 25.74441 57.30302
20.14899 67.58273 26.74650
37.91149 9.17584 49.65179
61.77428 81.03864 88.64425
36.96925 93.74190 49.34332
89.62237 48.93858 43.42188
76.02012 30.70574 17.84940
81.76084 4.22445 34.86851
88.00875 11.34414 57.67820
58.40646 19.80956 78.07241
78.47826 20.54254 69.00895
15.12500 99.96951 37.37988
23.65717 37.34831 78.68372
48.62186 42.48767 52.10381
43.73423 76.09776 4.85097
29.07582 86.32959 95.10782
73.12997 59.12305 8.83346
51.64826 62.08706 71.03968
20.09866 36.46660 39.86030
44.72570 96.95036 77.26772
58.10117 81.32264 32.96081
15.19043 85.93825 99.87096
25.00886 36.20332 7.62957
97.68228 62.49586 50.90639
74.59252 83.65293 61.20242
37.40177 72.07718 77.32521
56.54251 25.54096 32.79788
55.19060 5.14231 60.51145
17.88619 74.56491 40.85921
70.14793 78.08199 22.43981
82.42589 97.64079 28.23248
87.42504 10.02492 37.15390
20.12733 75.38862 85.47950
30.51046 68.80000 10.27100
54.14025 27.59726 66.73962
50.44356 18.64607 81.55769
45.78760 73.64164 80.40927
95.65714 41.34344 52.77737
22.12305 11.62947 52.59205
22.98707 24.51955 99.26153
40.85579 53.32669 70.56825
71.14105 8.29975 78.99179
77.67007 99.52369 62.27380
4.27087 25.79612 72.62704
34.29257 36.96051 34.28808
27.96531 5.38565 94.60468
86.25247 35.58917 70.61028
63.04763 66.78364 7.28886
40.76542 20.30296 94.77746
92.38122 60.10512 36.81461
84.70056 6.96439 58.41586
52.00617 30.01819 7.00161
26.29296 77.75743 12.64835
13.76332 27.58343 50.79455
92.37372 70.88572 18.79910
99.28497 2.88415 12.53009
13.65656 67.03951 60.19855
42.12732 49.28588 54.15428
69.37425 32.09604 14.57528
74.46987 46.29952 93.10638
21.63351 11.14638 89.65294
17.64470 74.62321 6.56022
14.54960 70.60361 76.59751
6.11088 87.86293 14.95364
86.56596 25.15202 12.94686
41.26184 38.53497 68.76341
5.79809 20.67952 68.48120
20.46682 71.49954 87.34458
35.84129 53.03167 8.91669
73.18796 6.87684 56.66125
73.03467 10.89722 76.35952
1.36614 6.45163 24.64715
84.92107 36.82281 67.91933
67.37302 31.11116 53.25448
58.67176 69.99531 42.07812
25.03589 39.88832 53.86635
53.38226 73.99280 69.87310
87.43925 60.57672 76.70100
20.73046 50.01290 66.14039
43.79694 68.94740 54.55199
87.26145 16.08840 47.77084
85.94840 21.36842 10.80764
31.43072 21.64698 9.03005
37.44455 82.90185 10.55162
3.55730 31.86213 69.65783
52.81119 71.20164 39.37698
66.25664 18.63220 54.53224
8.03654 11.07653 18.30868
96.23074 62.90902 45.30459
17.00611 44.61414 22.42257
34.39339 64.09314 31.09570
54.39438 34.02879 86.69954
20.38520 27.48470 54.53028
82.39655 91.46251 91.30731
43.51742 39.59125 97.93219
2.78511 87.99872 42.05006
82.19562 59.24016 59.99905
13.90458 25.69086 27.03742
41.98396 60.59489 92.20569
47.51110 38.61907 18.53538
14.85385 33.65453 6.20596
83.05784 33.01264 34.79713
14.63521 75.11317 4.22250
69.25365 11.29596 74.39634
96.38161 61.68343 88.17478
55.71443 56.03874 49.36720
82.02221 93.95093 93.25945
43.22160 13.95470 49.98927
87.54424 82.53860 68.32901
90.97944 36.87151 87.24171
59.29509 86.39010 40.07025
4.75397 60.53368 56.97255
40.58204 14.59837 83.33377
41.56570 24.92670 72.58295
61.46169 56.57168 11.94640
26.91343 31.33562 70.11116
44.80997 87.71651 63.37181
80.38836 65.74658 8.90613
30.58540 50.16558 15.60388
31.31924 17.30343 46.71972
9.42728 55.43105 48.10461
75.45754 45.30240 50.10419
75.90959 38.88524 11.78716
89.80963 32.30020 55.69516
48.43282 72.15647 13.12575
71.85209 67.00741 81.72195
42.37562 81.92006 66.36730
85.87184 13.94840 61.02241
15.45481 48.00055 6.52978
40.98475 95.09181 36.28481
93.82461 25.98233 6.92840
33.77089 61.10949 65.72403
19.93840 1.21939 24.99558
62.54948 17.03681 94.21636
20.22867 59.08934 92.53558
3.40496 92.66871 65.23944
36.09355 11.79926 15.05419
26.35773 45.11446 41.42299
55.20310 4.00005 43.46387
65.42700 65.23617 93.06861
88.38663 59.17725 78.03162
14.04080 50.71792 68.99395
81.10162 80.63406 98.13190
26.74983 14.20447 73.01321
99.88526 30.16064 67.51740
34.72413 53.30780 64.49886
66.14173 79.91948 52.79911
51.92376 11.84829 56.81750
98.23396 29.87511 51.76132
82.89533 78.20888 1.90727
21.68532 39.68682 76.54146
49.73823 88.90318 55.73684
42.63722 73.07964 24.55814
36.99172 77.33195 33.35351
34.01733 94.11122 22.66932
90.06685 14.18130 64.40781
46.20382 93.11397 22.05916
85.64858 60.69057 36.57122
21.26146 78.72600 25.02392
19.41565 21.20198 82.05533
96.33841 23.62364 99.35656
51.71670 3.03983 70.78556
45.02205 25.91307 39.90117
40.93966 20.73904 83.60967
61.17140 67.80570 7.61783
31.00024 96.21926 69.99575
6.90186 42.91214 6.43983
57.09271 32.67270 35.20682
91.73209 59.30342 32.98985
28.67416 29.19807 70.75517
86.37192 38.39289 30.39625
78.79448 51.74885 28.71193
18.13060 83.75183 13.03177
71.57607 99.21621 85.17452
40.88702 14.38006 52.54095
4.69652 48.20930 72.96628
25.71689 30.64184 96.86716
29.84986 59.81925 62.66080
79.81997 1.75151 51.28839
42.89932 94.85966 61.73869
97.20410 17.70564 61.72882
50.97773 9.97898 96.91135
48.25195 80.95054 44.82987
21.62895 2.94655 13.31339
69.52455 15.45952 74.07696
74.36756 75.08000 76.18268
91.67002 91.75659 76.53699
42.67030 76.15305 29.89572
88.74707 28.53839 30.96131
84.31114 22.24077 60.98927
66.44815 94.19627 42.84168
45.66812 17.83595 95.89482
8.68548 53.65914 25.96306
8.79556 6.99819 13.80429
71.97983 33.36965 40.16945
54.70031 55.66753 35.82689
67.07161 13.97297 43.58318
88.87254 28.83739 42.33721
19.70983 5.85439 36.82600
41.28136 12.11507 44.83865
88.72492 85.52310 40.14001
63.31473 20.33764 28.68995
96.24642 24.53834 73.46860
50.76769 6.08208 77.12212
93.59536 54.43011 96.51713
52.59508 4.81400 12.94549
36.90745 93.75415 6.48350
53.90528 91.98038 85.61225
15.93969 52.99502 59.11848
74.72992 10.20521 43.15379
81.82175 34.50942 80.89891
13.43310 42.98904 21.94982
54.49660 80.15347 88.51099
10.94751 90.43584 11.50996
29.89043 81.18955 92.79250
95.59661 17.36690 49.30877
73.89744 64.76282 91.25644
37.73148 78.16686 96.64917
53.84360 13.38498 79.66507
37.30484 36.62704 85.45136
88.38978 29.04900 4.17740
70.50774 79.90626 63.10964
15.05012 4.73619 74.14356
82.29139 84.35304 21.87545
71.51264 82.88976 13.89865
21.54527 23.91545 56.62186
29.80231 21.85545 73.35518
57.34116 19.98094 62.65694
90.05855 53.10702 60.64499
9.36308 8.05064 41.43119
10.27703 83.81425 39.19688
39.24703 37.32369 63.40070
61.89497 55.44202 26.72616
8.75086 8.57668 39.60498
42.73894 94.12259 93.77238
72.55832 5.64506 97.44670
11.10685 54.03360 64.80091
11.87235 76.79218 45.32936
82.32666 87.46804 7.14324
68.18148 7.06864 71.96055
40.35271 61.96723 28.69122
3.23984 89.86216 39.32774
63.52337 23.71338 51.98107
19.70191 40.12080 57.36327
88.41046 80.29063 3.98829
57.11986 97.58120 43.17513
24.84573 50.73260 12.05937
52.54643 60.80673 71.44246
23.01672 40.36716 38.61702
96.28641 4.09080 44.44744
7.03183 39.88532 51.73709
11.68120 42.63351 89.57361
87.06048 84.43603 55.32210
27.85728 79.08109 84.09107
34.10877 57.03720 6.29627
71.07046 22.13137 19.22875
78.19355 84.17505 67.76565
71.82842 54.61868 88.45915
4.22620 21.70185 15.57355
40.68296 39.90031 79.63032
73.06033 70.19937 28.45968
47.87348 78.10763 12.28122
87.31891 54.37255 9.11435
84.10081 92.33435 36.53637
35.89808 60.42194 66.34263
89.13386 18.10642 86.10755
1.54791 17.32581 17.66358
20.55393 27.36552 17.14233
74.57149 64.95296 10.23745
15.58614 1.78408 21.46310
54.85112 38.16228 31.92675
90.33446 63.25961 94.81030
66.15824 66.40617 20.03344
46.08789 80.31514 65.70793
34.15853 64.11564 76.42469
46.27190 97.30885 81.66056
9.77962 49.66566 59.26715
63.14762 30.87091 3.93982
52.22466 60.91004 47.10333
44.82837 16.86281 24.85913
45.52281 91.83916 19.82342
63.05379 19.19645 64.63023
52.01039 5.08807 19.91856
37.29248 86.76775 77.22538
20.25018 66.64740 84.06204
95.35683 96.71081 42.23900
59.86053 8.12491 75.08294
90.35310 4.09806 29.91822
81.40830 41.81912 52.03635
82.37800 36.53818 60.90587
93.34088 83.17884 30.59626
43.81253 3.83345 9.40078
1.25883 66.71255 31.10394
60.21735 13.64262 17.55336
14.66708 71.70621 85.19872
82.63190 18.91410 10.18523
55.73790 65.81972 59.72934
30.71142 73.20447 21.93946
26.01636 86.34786 10.30774
91.41374 24.26998 42.33561
47.75373 68.27401 61.19269
54.34126 70.07735 5.85144
7.23720 85.77217 42.56472
56.01383 2.70404 36.59186
51.26184 49.46625 74.60722
1.91196 32.70691 35.10282
47.65545 45.12957 97.51770
51.56265 3.53753 66.04169
56.64129 64.27193 85.61581
40.98782 90.10200 51.45932
46.13670 60.62191 71.64249
18.29097 29.82822 9.70955
46.17098 43.93490 17.79329
90.74693 4.36157 84.00095
58.16156 51.02163 35.47273
42.78287 60.72536 56.47851
39.94051 74.76227 87.00972
57.58209 89.17911 30.98033
62.72057 52.14504 10.75060
87.81073 25.90835 15.46284
94.19613 82.19054 96.91864
52.64600 51.44889 24.16939
14.85512 56.01606 51.80118
23.48518 7.09948 59.05369
96.47924 62.36361 81.88350
39.81503 35.20746 66.02616
18.74253 93.22776 87.06316
43.90141 27.70070 41.26778
33.94918 78.12359 39.74781
1.81417 75.40827 58.20173
52.18110 48.86376 6.24487
1.31070 83.04681 14.84399
62.17726 18.53633 46.62799
53.99128 90.23758 80.40905
74.32709 41.81364 37.04385
92.06999 3.05586 55.06636
56.84706 57.52761 35.09697
41.45873 65.44922 33.12542
93.38241 89.44469 10.31467
56.54844 25.62973 88.41138
86.00367 48.38071 44.97728
8.12343 71.35424 41.36675
73.93901 66.45298 12.40978
84.37717 53.70270 10.14025
12.30262 24.56359 60.29833
50.03944 67.24039 71.70538
3.66626 55.21435 28.52331
85.17244 37.83459 50.87330
19.64083 53.83069 33.59820
12.20312 47.95459 12.72141
45.28863 82.78832 92.73444
20.44638 11.81078 77.00899
66.00866 76.09310 36.14765
95.88061 16.14599 12.48791
77.35030 76.92235 3.63808
67.07038 62.41610 20.90943
67.88232 69.67208 60.73125
35.20691 55.28295 52.82834
75.23592 24.37087 97.16398
82.99183 13.69820 35.31129
52.82489 55.65388 95.81609
57.18546 50.34615 58.38731
21.39845 14.93814 77.72906
50.67422 72.45131 6.47002
36.51901 20.15393 33.47512
85.31939 40.48652 38.68760
17.47569 74.73774 71.78516
5.05436 66.78579 88.20366
35.18588 66.89798 29.74141
83.90900 37.22588 38.70279
76.20960 17.31598 54.41803
27.60591 28.59890 21.57437
22.63242 68.47464 61.33597
39.68802 62.61420 48.16053
46.58912 97.52708 49.98773
93.60846 14.94531 34.01164
51.54073 85.64886 14.54736
88.15537 16.72331 13.68137
44.79396 59.61756 1.24424
40.43445 96.24268 75.83454
64.19992 83.85978 69.00706
40.34044 63.66345 17.44600
14.62277 89.96435 81.14585
76.71054 79.14263 17.32060
88.48704 26.25874 37.41427
69.71081 30.20370 64.36895
16.41556 40.52704 99.24243
4.21204 73.59590 60.05955
43.32990 90.10673 22.63243
93.89021 48.41931 99.82357
93.25252 91.20136 97.62352
81.75956 74.73556 31.65048
53.31096 65.69406 89.44481
42.48554 87.76586 26.35637
51.25893 53.65570 39.58440
78.02387 95.01397 43.42908
56.77298 64.22700 70.32782
20.20031 7.20869 20.38733
57.40832 40.55163 70.64187
38.20643 40.84315 3.04122
57.18387 9.85793 45.01890
76.72696 8.26373 7.69953
37.69198 90.94683 93.20000
31.02812 21.65311 64.44070
15.34371 15.79035 98.05865
20.61875 68.18588 96.11596
92.76824 88.55065 64.17878
90.87593 71.91872 22.28477
15.10118 50.99433 9.89238
33.60470 92.07349 26.80726
97.75659 37.42839 71.92205
50.88516 44.11439 31.34631
14.41781 90.11172 3.66189
27.32606 89.79066 21.23587
35.69490 5.09846 86.41266
92.02067 14.49197 59.48903
53.32128 36.68204 80.89722
97.38359 83.67439 45.60243
78.61284 46.73652 54.90321
64.95646 17.76448 95.03283
50.18155 64.25660 95.95907
66.55485 37.21880 97.38254
56.28420 20.78827 89.58365
80.78836 75.79393 9.20390
59.95001 9.55584 63.60896
99.71847 14.83272 91.63550
27.89147 65.54943 91.07422
46.65942 86.20996 45.99825
56.29384 77.62566 33.54832
92.70053 16.64915 98.31300
93.62768 97.79737 17.56660
32.72802 34.46558 42.60593
41.02880 67.95608 36.24873
78.36451 65.67900 78.52005
75.43771 70.85011 57.26957
80.54639 74.51450 65.18743
80.40499 79.26204 30.11529
66.71045 21.62331 63.91465
74.19429 54.82127 16.38814
90.77417 22.71592 92.97999
70.17363 20.83282 18.85730
4.36813 46.89928 99.87571
39.23913 38.67751 83.91558
81.79377 97.82753 51.05971
48.72227 45.86424 26.30858
13.37316 72.87118 21.72110
7.29806 80.76334 92.49075
44.12953 86.62561 52.24268
43.76882 68.34625 63.13107
18.04499 56.42610 25.43966
61.93180 30.97352 28.19076
23.03374 66.38810 90.28183
40.06472 39.49259 74.60162
90.67404 71.19757 81.41604
76.39541 35.67182 22.82330
94.65457 62.80247 12.44190
89.32374 81.56999 8.76800
67.39083 98.42391 56.96425
72.35975 14.92649 35.19022
26.98634 88.02658 13.55225
15.98460 56.53955 68.80273
41.41679 4.81590 19.41698
46.21758 64.08043 49.70176
5.04054 47.78907 7.55263
18.43256 80.56464 82.76031
62.97934 63.18057 8.60055
3.11938 30.99737 3.31853
25.25396 11.08988 36.33713
2.64263 74.80825 92.96286
9.86555 82.14773 32.51693
15.54075 78.60326 90.90018
12.92006 99.21111 6.34190
43.79912 12.51038 84.25568
42.99618 49.33011 88.63567
68.27684 47.59050 83.27491
7.76912 98.81936 11.96987
98.10804 20.66709 38.80256
15.52440 78.76968 20.90290
99.94564 96.85307 23.48106
42.99900 74.88404 70.08826
80.67560 96.76813 42.43016
38.38992 87.83874 46.18423
88.11973 88.40495 47.57187
21.95271 8.96816 61.41245
36.53505 61.10479 65.78228
75.23083 49.07857 73.33505
77.47736 96.84511 33.58334
62.43560 93.30255 3.50224
93.39332 93.77463 99.95227
71.27607 69.05657 73.43709
51.46139 16.52935 43.97280
51.73206 36.12108 9.98776
41.68644 91.73038 16.04793
29.64991 28.64539 60.57772
88.17001 61.75747 81.56449
23.98670 20.74211 62.91245
67.30364 22.07136 61.07222
37.18053 40.00085 44.83446
69.31110 34.65457 4.67121
94.12379 22.22814 59.93709
43.33184 40.36385 92.60754
98.03634 31.33932 81.53250
77.44028 77.37712 57.68483
76.59920 26.62902 1.06185
40.91166 68.06215 52.09396
52.47575 6.19331 35.91436
35.47021 62.88318 1.91724
68.97415 56.99824 55.66588
7.81061 98.16889 72.24204
6.29655 69.57727 29.73113
25.36217 49.41243 35.69166
50.35353 62.95284 67.96656
61.18235 97.70819 52.27235
20.92302 8.94238 5.02837
77.90149 47.16946 31.44656
17.66209 2.13433 23.09565
92.54321 72.24806 45.08211
97.09300 19.74283 77.05957
97.43252 44.50093 15.67179
76.90626 60.95800 20.19691
83.39898 65.28635 53.67127
20.24481 44.69800 56.40440
49.31419 57.31544 27.89970
79.60072 83.89407 91.77767
50.35925 47.21801 25.53284
24.74815 76.55600 29.80244
99.78309 55.10004 49.30487
60.09052 65.92033 29.89620
64.60572 49.55857 18.76275
53.72501 16.81341 70.75807
34.12749 97.50415 2.56877
89.18964 63.37343 43.57447
98.88902 30.15681 4.13253
48.25208 47.26866 1.95817
58.81314 69.41520 63.96361
97.98139 26.81139 57.40968
35.10222 24.65290 41.93807
30.83724 30.77704 70.15294
19.05022 50.31902 15.34145
27.76832 46.75470 41.67447
49.98512 88.30787 29.64990
30.41644 43.97757 96.21987
66.26137 10.16197 10.53680
12.61977 53.82551 4.07912
84.67025 51.79552 25.95878
38.42401 53.13346 57.12420
41.92310 25.54789 27.88512
81.73933 24.89169 9.95803
97.82946 28.31625 75.86134
4.83719 35.32880 7.59483
41.11708 75.45055 35.34380
93.91220 29.82450 62.26344
54.47012 71.65878 39.38622
88.83219 15.39908 82.12789
7.03396 59.24782 44.01181
11.92351 40.60045 73.77858
34.61217 36.38978 47.92781
27.37580 4.82476 99.45474
19.32014 57.01179 5.83489
11.89097 32.20956 88.34801
12.27779 89.57812 40.02459
27.19074 91.32604 39.87800
67.14289 62.75753 74.42414
1.51120 79.58426 80.66479
59.51579 93.27702 1.08060
79.64978 91.23052 61.09898
20.78874 20.17191 77.37608
50.52622 96.23031 30.58656
44.56296 76.69918 13.94589
94.35394 84.06128 65.11317
32.44174 50.26948 34.29698
42.06686 69.85916 83.90253
87.58437 12.31781 57.89682
89.48667 11.10820 65.02600
50.57388 87.23747 90.20861
14.77098 47.80860 48.34352
74.61499 65.44338 97.90953
84.07361 14.34817 51.60571
38.43348 46.99253 6.78331
97.59284 53.79151 93.37050
8.40383 92.00337 69.60148
98.22743 65.93068 70.36080
43.61201 12.90567 55.92305
54.70119 46.58234 35.94704
51.63674 53.16994 79.95717
3.71645 58.04696 78.74487
44.37049 3.68128 45.39231
41.37348 75.27275 68.27783
7.97960 31.73320 88.39585
16.44489 44.04653 51.73829
13.68118 62.03689 12.56932
40.67558 56.02436 95.17412
11.91520 84.18350 64.90405
64.72427 32.49245 73.25596
69.59229 64.51150 61.55965
20.62185 72.97998 69.13214
60.82573 20.00104 83.20161
17.08600 10.92505 63.20799
78.15847 15.99972 92.26175
28.06037 46.35885 16.75910
45.41326 54.05346 15.51271
34.35694 23.70706 56.96696
32.70108 8.09884 65.71161
14.60313 14.71563 40.71314
26.26510 5.12465 75.68917
79.44653 75.03100 43.68604
80.71925 52.70867 59.24734
83.45562 22.62460 58.53969
55.04174 54.23616 67.98292
93.62474 4.34305 88.54105
55.94620 54.88124 12.36658
91.22047 87.32134 35.46053
23.93478 65.51275 50.89281
94.79629 40.27951 35.52216
83.44338 54.49602 36.65320
12.14050 7.87680 53.92418
22.37605 81.71214 27.90574
37.00599 75.71280 91.83830
58.95826 70.38613 63.73387
36.99583 62.21423 56.74662
8.85509 77.88659 38.72847
34.72079 85.79800 46.31020
73.01858 38.15096 11.69977
84.77235 27.71647 83.85410
17.33596 38.28822 40.82124
15.24346 34.95524 55.54593
74.15085 49.72097 65.75072
34.12012 3.74324 6.43988
71.70671 74.45720 35.10586
64.71747 7.93779 77.93227
46.31006 57.11190 97.79328
70.09493 50.74207 38.76237
4.23054 44.77627 29.42011
36.53995 47.70302 23.59654
40.71294 76.45002 62.97513
69.77521 43.90815 42.75954
44.63439 35.34804 52.55971
61.58774 2.95299 77.74569
59.51239 2.31544 7.38394
9.43112 26.13114 74.85413
90.77975 10.28603 43.90449
5.70184 7.22772 99.77796
45.04996 33.30930 97.77011
56.14569 42.41635 31.43863
55.93879 15.47980 53.99582
65.71475 93.02469 2.11792
3.94052 5.40369 17.03548
43.42376 15.65599 85.40202
73.39296 75.35002 66.00319
87.38894 60.14953 68.01294
49.51004 14.25138 34.22930
2.66510 21.12925 23.24381
70.24365 16.68923 82.95205
77.97966 4.79318 70.74223
96.59357 27.52370 75.22297
53.29823 28.64283 85.34416
89.47450 72.63559 59.71715
5.04867 10.69423 10.25320
92.41202 28.59825 2.58907
89.32955 97.03578 29.35659
55.72594 31.05984 69.66497
21.08068 62.30819 93.31020
92.99081 68.82446 10.24704
11.33152 36.16131 33.68269
5.87964 97.66581 25.53874
5.31098 11.32138 85.96328
42.76037 96.60978 43.85291
72.90830 86.78725 21.79348
73.70438 42.34353 78.68690
25.83174 18.09198 20.11293
63.88435 20.07328 11.31223
58.82356 93.68067 7.99470
79.18468 82.54487 46.26864
2.83080 19.96356 64.58059
42.62808 37.48998 41.37638
83.79404 62.35951 31.24846
42.59991 38.95434 62.99972
47.01823 92.42946 82.71507
1.75214 19.07995 51.54072
32.33252 27.12599 11.79613
27.76788 52.31373 78.97659
15.34654 74.19127 38.29224
46.18149 29.35205 16.98517
30.75322 20.09307 8.48855
50.79750 22.02073 61.77555
39.97429 49.90897 21.17156
79.00391 99.76036 4.42969
42.02963 68.52099 18.23611
71.88616 31.08033 86.28510
50.57152 65.62825 45.16326
44.03725 92.37137 11.10614
62.10256 98.81546 85.44101
69.79926 79.86713 15.57704
75.72711 65.61623 43.28543
22.35631 81.43284 27.45648
12.58130 97.69263 36.87620
43.30776 59.82386 89.10146
87.17562 7.13430 11.67326
63.62695 11.82305 4.73662
70.55262 69.37893 95.39484
4.66059 25.07651 30.25518
29.57437 80.67740 69.98339
55.17545 21.76665 40.48436
94.26234 24.87854 20.58114
34.15735 60.35229 14.18156
57.10993 92.80340 41.41754
80.88803 21.09587 31.51377
37.62977 44.29341 78.19966
92.93894 22.31768 93.25056
13.25274 95.79244 45.21192
31.59297 10.20925 61.90610
15.37774 40.35942 69.05283
66.22562 15.73941 34.24124
21.82071 20.67472 93.89832
91.13497 56.36707 47.12842
29.16384 77.85606 37.92821
51.21275 64.01953 64.34799
77.32885 84.72134 15.74092
23.01681 21.95352 44.38636
29.33397 42.23044 64.45107
20.63953 33.01797 93.12071
37.88927 31.52738 9.38054
92.36169 1.39090 20.94959
78.75893 70.61097 80.13989
2.01847 15.78823 82.98583
10.12658 63.09129 28.55353
77.98611 70.23152 24.37015
14.82798 94.43054 37.07156
20.20339 32.41257 40.26148
97.46662 81.66482 34.80100
21.31979 58.44520 9.65875
11.62001 96.09921 74.75339
31.45125 43.74102 26.55011
4.18943 54.77650 23.83654
66.10823 55.24014 13.68431
58.70690 86.11916 13.21101
55.03995 20.61993 98.74147
90.39672 3.22179 61.05574
17.15158 60.42880 40.85568
23.67064 81.62151 25.16117
40.31003 64.42569 21.05916
4.38725 1.19268 38.76941
36.73013 92.33819 99.56208
14.07261 29.70749 77.95969
86.54751 9.67838 92.63058
15.09540 98.31923 81.65302
93.74695 71.60344 47.76395
7.14695 72.17530 70.54518
22.10140 94.28744 1.42125
51.53523 6.79531 17.28455
60.43805 46.37528 38.03998
49.03326 40.66390 26.05213
33.37084 43.94066 87.24357
46.00916 89.14228 79.69651
55.96262 2.01900 97.01253
26.74213 53.09820 38.56691
61.94944 18.63433 89.40542
15.50321 79.08373 17.92864
36.69201 80.79937 87.46390
10.85300 73.32386 8.81939
21.10968 77.28265 66.85122
27.01762 31.09483 56.78733
62.79965 37.86410 20.63879
3.54203 15.73422 30.12373
55.09996 22.43114 56.20084
91.96917 83.30097 58.00857
2.83207 26.27781 46.29632
38.61619 31.87520 96.41645
24.25354 4.27633 59.88225
80.63853 94.01393 95.00912
13.80071 9.96359 13.66241
88.65077 82.83559 27.92310
51.85172 48.70885 13.68629
73.21208 94.67388 19.05757
57.69075 5.87025 45.03415
71.27583 31.71698 73.29812
37.48478 92.87901 75.80413
19.95546 95.81444 18.31823
69.65152 20.07777 25.04128
73.97884 66.23869 37.11659
98.25053 26.51500 25.23617
56.32017 30.84767 32.64639
49.33776 36.76893 19.63054
59.12688 45.33797 45.68780
79.51243 66.22660 16.26891
56.22821 41.28797 26.99214
7.07611 41.65069 55.52837
70.50786 37.13696 63.84706
48.02830 71.41485 74.41926
74.00479 46.82354 94.39952
65.20361 21.60700 77.03915
42.12289 54.21759 16.34708
26.83560 76.39911 72.26009
24.91051 40.83369 50.27367
17.37987 69.89316 18.67588
72.32192 97.21005 69.44404
25.82726 29.66106 86.05012
21.27939 79.13330 47.80627
89.36888 64.30926 81.76896
29.15590 94.63226 85.55429
31.40639 51.63557 37.61365
71.39584 62.18869 29.46164
17.26638 11.33510 89.83305
9.84377 85.70669 45.40994
27.09631 81.89949 48.45363
55.63974 76.50288 79.67755
95.45783 84.18317 69.84599
3.02200 16.05169 80.19030
11.45312 50.17409 34.08262
97.13982 24.72777 24.98190
31.38953 25.65402 62.22315
14.38910 92.49712 69.43601
86.48153 89.13655 8.32637
5.83502 72.73294 83.93279
1.10968 76.49475 56.42207
97.87908 58.82303 81.30302
13.92266 78.62523 69.13947
66.45594 15.33890 99.54171
73.53212 67.32563 43.34770
49.73197 48.28283 76.95537
34.91296 53.50169 15.32395
47.28408 96.73589 20.74061
61.68415 60.08188 53.80607
95.84319 93.67904 76.11545
29.73497 87.77933 29.95844
12.78094 33.81298 28.28802
69.77469 77.10053 29.40802
48.79367 14.61091 91.22494
35.71690 2.02698 25.76271
17.39498 78.75769 69.62483
72.48109 23.62192 96.90820
55.59374 70.21780 32.30267
42.59761 97.69402 85.58273
92.66846 89.92232 48.97519
89.27203 12.78651 35.02548
76.45586 98.88289 58.32823
22.81238 28.02849 25.63250
8.49031 6.20191 12.69913
38.26477 49.16991 7.25503
80.58286 36.47141 55.21982
4.55392 4.13457 43.05818
64.12212 1.65337 10.36689
66.92035 92.13409 67.02535
46.15266 24.86621 32.77799
57.90312 31.85885 50.02935
72.59717 4.94683 79.28019
89.29888 78.08736 10.97885
56.86202 14.88572 32.41345
14.53438 64.74790 29.20780
80.91196 51.26092 53.09193
16.52713 57.04842 3.91676
82.61890 2.73092 15.90457
22.57023 81.26327 99.65572
40.74842 13.89870 2.27943
92.36219 3.49342 24.23259
72.54863 57.80581 72.40339
77.30910 88.92759 24.73459
16.68989 50.89484 85.66608
94.67031 58.60666 60.71963
74.47218 43.27762 55.99610
5.85250 88.66027 23.53631
24.16708 11.22190 66.15965
75.05945 76.65148 49.48054
11.83163 99.33798 45.92909
29.31385 75.51725 42.20166
75.48095 22.33641 39.84266
86.06868 4.94775 94.91140
78.72274 74.66865 18.42301
61.30101 20.12522 90.26838
64.23207 69.69152 34.71010
6.03742 24.54223 19.37269
29.71345 63.08487 64.30336
7.96701 65.64784 79.90169
44.34857 80.72473 20.06394
47.45758 4.36243 87.14553
56.39581 53.19980 48.12070
5.09435 14.81428 25.57917
21.69025 7.16936 94.63870
3.32572 30.79490 37.51135
35.52925 15.23093 59.09066
71.36542 17.03318 93.93185
68.81079 68.31618 77.20022
4.86893 40.36277 34.97800
85.14550 34.40897 84.27859
89.85487 32.58277 15.49913
54.43593 99.39918 48.97438
12.26355 83.40543 5.81367
78.53685 14.30743 15.61366
4.66992 3.57217 1.82101
60.84554 49.92851 20.71207
87.06930 26.52939 13.97447
12.40553 50.28791 44.27185
2.48616 87.11320 8.29960
56.62383 52.40915 38.53822
94.93628 71.84098 34.34749
98.06154 79.17589 88.70804
36.89640 88.42657 60.92440
32.09946 38.88672 13.03610
20.07651 22.77739 51.09235
24.65486 98.91270 7.66939
30.23919 19.86505 89.69793
18.04877 98.32587 37.24532
11.22553 14.86598 5.05005
66.81381 9.51438 96.10203
39.34415 44.88986 81.47953
82.19458 11.62435 41.19114
13.82251 24.12594 80.74685
48.50740 20.40454 88.99940
59.29672 86.72441 5.42179
90.99938 46.34058 46.57861
62.03577 94.16098 8.39163
80.69747 59.46995 75.16288
63.89787 27.18045 2.94423
22.84225 20.77506 58.05203
89.81170 54.77978 66.79895
9.91588 83.32303 7.47530
87.42238 98.40821 84.15448
79.36134 6.52957 93.44895
94.93644 30.80617 41.12946
33.26454 4.19836 69.59617
28.32152 27.24551 5.21172
28.89479 42.65061 24.28850
49.29927 33.98091 12.59667
42.49521 18.09588 97.67895
52.81796 65.09566 85.44200
27.68552 26.39514 20.01935
83.69788 6.31259 73.08303
78.91634 74.46412 35.64940
76.99739 29.23680 5.71244
63.53248 78.15743 80.89636
9.95179 88.16607 21.07676
7.76923 70.29434 86.69891
72.73179 82.77723 78.48408
80.59438 65.68112 22.92264
51.01116 32.78774 18.68936
52.65331 91.61834 6.91951
19.12066 7.30334 72.43221
8.61037 29.35049 31.48268
86.97780 96.17402 55.91742
93.75940 36.62823 32.98234
81.47616 28.32557 22.49415
8.69451 55.66691 39.96033
53.49652 89.37213 75.99459
86.34835 39.29361 58.18345
22.37432 64.01533 60.50822
29.01309 30.59276 30.17268
98.54277 90.13823 91.93725
99.83302 63.53871 8.20464
4.89289 64.06626 53.00936
27.36287 41.30352 12.48679
35.59865 95.11543 41.74482
77.91913 70.47777 15.27504
39.81828 97.79856 3.39396
77.05375 52.93290 6.36411
76.97538 7.94898 80.91451
94.73319 92.95700 10.48179
25.59376 66.27340 66.15176
83.06347 47.32338 99.61378
86.06643 97.19723 53.50996
77.10391 98.47854 44.04458
20.98884 41.87466 8.10369
27.59402 40.56716 54.07599
21.58396 98.47434 19.12385
64.43679 94.32255 64.68200
63.81840 78.54372 3.12605
43.25244 1.32481 8.18633
73.03065 18.34204 84.94302
66.06393 66.19569 99.82543
41.64950 35.24292 40.19973
75.17094 64.41105 35.26919
66.17072 64.96260 98.60152
71.82894 5.46588 79.06112
43.27772 16.19022 8.32348
97.08521 42.69973 61.30006
48.97860 66.68277 60.78721
83.22798 91.64930 99.28616
16.67383 41.20544 91.07820
13.39605 58.89235 58.23311
54.70967 74.22885 99.67173
63.58614 62.49959 75.09420
64.05053 39.55432 20.26287
44.41650 60.09998 63.99014
52.83631 25.09432 89.07995
63.81489 57.96933 66.64622
50.84854 76.25863 84.01166
46.36212 90.72817 57.13814
79.00511 48.89027 84.11093
88.61373 14.72485 26.01904
28.40464 3.18590 53.00851
18.39306 68.66932 2.38382
50.91003 49.58754 65.60810
70.41601 62.73945 46.43322
3.68532 42.77986 58.23035
22.55533 22.93991 15.87545
72.17990 34.21156 87.90054
8.45990 16.89821 59.21381
92.61481 97.29882 69.77088
48.97433 3.52787 17.95828
45.80046 35.86910 74.45059
93.29219 46.02604 32.17652
10.31512 23.65153 81.38208
31.52069 83.92236 20.61598
26.49303 38.92759 2.15525
54.07874 83.85249 11.03059
90.05522 51.73193 95.13017
76.64779 54.51612 80.07424
15.48150 98.85708 53.54238
13.09064 97.74300 53.95598
30.55299 37.21077 18.03711
32.71699 1.26773 42.15081
19.03845 73.24579 64.56528
29.30812 59.38245 70.88995
95.49266 11.25319 1.05052
34.01171 39.45958 34.06399
50.23398 35.21986 5.49177
37.24976 36.12215 21.38051
1.50003 22.73707 6.44785
74.25764 64.82291 62.43865
31.01610 32.28224 25.43593
89.39854 89.18214 70.88260
64.66628 7.11490 36.14662
35.57114 94.15609 27.77266
34.29077 50.90342 4.62206
27.92765 72.58905 34.93532
95.75116 82.33032 3.99970
51.58267 55.48596 97.88305
44.64736 63.68022 23.73122
58.85202 58.03476 59.93561
17.48639 33.20116 16.91786
80.18492 12.31717 69.77860
1.17681 35.24779 35.32066
61.31381 64.38831 5.16982
34.87146 43.24563 47.14421
60.59855 7.10647 18.18424
86.40679 50.79286 21.84111
61.91847 42.69913 27.52095
64.63805 73.06408 45.45557
63.09546 73.12062 24.34320
43.88606 23.58046 73.35819
4.71655 26.28174 80.00119
83.25209 3.78041 85.85775
38.50184 44.86647 18.79227
24.22281 21.91097 2.88022
98.38471 36.36100 90.63172
48.04783 77.36995 75.84088
22.47986 88.71639 39.11748
70.31847 62.25845 10.69517
48.02174 26.99890 57.70982
97.83602 29.08345 30.26935
43.18415 80.99622 42.55661
49.51630 79.86413 76.46348
40.03746 75.71555 37.65745
66.22446 70.85612 72.06696
85.43635 58.49725 99.81832
97.68816 41.51478 54.41352
18.17591 5.85002 55.03459
66.00425 23.59332 72.32179
94.56728 81.09504 92.00556
5.36220 87.12917 42.68467
16.25880 53.23295 52.00715
62.13516 95.05974 26.58467
31.58094 25.54339 23.77270
56.94302 46.97381 15.20070
44.04351 80.20876 71.63463
76.87689 49.10657 30.35844
15.87797 16.29864 81.78768
58.45184 57.59358 56.41136
37.37525 28.14580 69.40625
75.81822 51.72898 1.94744
71.15417 57.25880 37.57716
77.26155 69.17758 16.42165
42.33908 35.81404 44.09309
44.94203 45.24863 26.06578
62.94584 89.63798 66.38870
32.02720 43.74319 85.08497
91.29002 39.53503 79.69835
80.95520 32.30179 7.36993
74.20747 87.42998 89.81573
62.06744 93.80460 79.05356
14.10843 87.08408 86.54997
65.02022 6.34089 49.55061
45.73428 84.22898 78.19543
88.92329 53.21770 81.57723
14.16325 81.15742 58.54774
96.76358 84.76334 99.75804
47.76681 57.34241 97.83007
69.19807 46.98229 16.12256
46.04717 20.63113 33.16806
80.88623 2.73042 93.08529
70.16277 79.63342 88.67898
80.75029 59.93076 50.86543
20.13278 4.84209 64.35004
35.70565 6.43539 67.74596
31.54448 80.39578 51.94533
96.04293 22.38879 74.78115
13.74498 54.07626 2.05292
26.57302 50.18426 34.39407
2.88613 33.32218 32.56938
22.83036 72.68912 63.89050
38.53881 90.40522 12.59703
9.18158 28.47127 50.94321
3.90010 21.03664 6.12098
94.71025 72.69586 27.33454
35.31354 67.47914 9.90265
67.71743 62.41930 53.94744
89.54979 34.88404 7.94564
59.24449 7.22328 32.80897
1.80597 64.72366 52.99930
29.93684 44.58295 9.79659
19.76293 11.38699 24.73543
17.55294 66.90603 93.76441
81.02100 85.09179 60.36812
75.38925 45.92897 5.16105
1.41337 17.93306 2.80460
64.22866 42.30646 38.75061
70.27660 72.83331 75.54160
12.80565 84.13154 39.49599
81.73152 47.69867 49.48152
87.61586 20.47634 14.42920
69.22702 42.22402 31.50725
11.17801 63.08745 4.10418
60.86242 26.54335 10.17545
27.89980 26.12034 98.72920
63.40945 88.52735 92.32873
81.94245 94.84165 50.85614
43.99199 43.67061 88.32345
68.07828 20.83552 56.79735
5.11187 82.01120 8.05103
86.47195 3.42026 82.53031
88.10558 34.56459 84.94702
30.30347 76.98171 80.42527
18.84002 53.59875 49.13604
75.29645 2.13963 8.97883
96.22977 40.34886 29.14421
49.22909 73.45455 5.24876
85.46513 57.94676 33.36399
96.85903 43.52568 48.25660
79.66920 86.52822 26.50522
52.51060 87.46798 41.35195
46.71569 59.51150 8.61351
19.33888 11.24006 26.60534
87.35583 49.06159 15.52495
15.00863 68.52725 60.62432
56.40431 2.68169 93.71868
97.10664 78.93362 2.52849
22.69228 72.02402 62.11882
81.23743 64.67844 41.10526
32.79283 32.36262 11.37752
19.89349 44.92350 98.33915
92.58157 54.53018 76.93728
55.74276 78.17401 15.92480
13.24799 98.62752 33.75947
9.40487 25.27869 88.89345
62.38315 32.67382 4.66525
15.60945 63.44434 7.98519
36.03033 67.02923 30.22255
45.31074 23.94551 2.98433
64.02684 44.98726 43.42611
79.90972 67.52190 27.91660
61.47470 83.50623 69.39556
77.40647 65.55188 92.84717
93.26648 78.58473 75.74777
66.15483 49.38319 93.76698
50.54993 16.69372 41.48838
64.26776 53.01121 55.98868
12.47384 67.54597 45.99927
46.11898 58.51797 34.42928
31.41024 16.88761 15.60794
64.89069 11.91069 95.56361
41.62110 28.49157 86.63608
21.83882 24.33485 74.27623
57.03540 45.53639 5.58197
35.84379 95.71617 99.04471
26.35682 62.99669 44.21353
65.72296 42.21863 60.64788
66.99162 47.02264 93.30402
35.91752 55.86439 29.78776
66.44340 89.11022 54.87479
19.98376 21.12931 80.27072
47.90246 62.22860 97.43016
16.58834 12.49789 35.05558
29.97508 13.03928 99.68750
68.39874 92.19969 39.26729
23.21581 13.13741 85.76744
61.45998 28.02021 20.86028
38.29669 5.39043 73.80638
73.58202 70.15796 50.48919
23.31181 19.55946 28.93975
37.50672 82.53568 59.56196
94.87821 31.95617 17.38716
81.93024 80.04260 22.60259
69.67422 54.85365 44.81098
22.78513 72.99732 40.16285
45.28372 9.30058 53.13567
99.32842 5.65392 34.34871
52.36914 54.45164 77.34850
79.33053 21.74828 84.98699
72.96078 59.36950 26.39511
23.28172 95.75381 91.14242
53.20794 89.02379 44.16535
44.03348 99.63826 4.55145
92.97211 22.44902 13.38771
22.73434 97.16214 98.80928
36.87715 93.79890 55.94002
83.91625 71.67683 94.67114
72.66308 25.32455 61.45763
16.21923 12.06605 53.49388
36.17632 39.77704 65.91527
78.69109 38.32098 1.06911
92.70397 27.89044 56.28509
59.51925 93.16917 85.02166
87.14221 92.54719 76.21665
49.93701 32.26224 80.26884
73.09943 42.43081 52.96201
24.10804 22.83376 28.86140
63.79330 26.69282 46.49252
28.07560 25.89596 69.10568
17.36658 58.67710 84.10232
90.79909 28.47769 94.04565
17.86061 14.82832 75.06217
62.74410 40.15290 22.36820
62.42328 65.19361 3.50779
35.29995 55.96139 9.38923
90.65754 37.93323 56.76818
71.81380 92.84670 58.17628
48.67994 8.54225 50.94735
48.64927 93.67623 46.23969
31.46192 77.79293 50.18174
10.62615 46.76812 65.00248
98.24193 87.96653 41.54722
54.28594 37.15242 1.49394
13.56794 97.86950 73.64367
62.43543 86.61803 7.02496
68.54837 6.24653 64.10693
26.57913 35.45567 45.51996
40.89092 99.51374 54.09084
32.25801 22.86056 22.98409
15.46021 59.15205 44.13518
17.53119 50.44566 36.75657
92.96981 35.16504 94.16419
73.87090 60.27153 97.71880
58.08657 8.93219 70.84818
80.55696 26.28447 45.51408
81.58028 76.71662 38.35324
81.08381 90.75962 25.32208
52.38371 81.42806 21.74082
58.17601 90.69593 38.45393
2.30643 82.50209 31.79667
44.72669 82.25913 5.80043
1.61955 21.29622 52.52779
27.22355 59.10766 9.60370
70.94905 21.64078 60.14371
91.78049 38.04233 69.32700
73.01942 21.01494 40.27948
92.93500 23.03019 48.89077
87.12594 14.90908 45.51139
73.34660 47.85885 91.24215
