100.00000 100.00000 100.00000
7.67820 1.79349 1.44753
5.94169 2.32778 9.19306
6.52697 1.47178 2.33229
3.35493 3.51075 9.25108
5.54561 6.89297 8.95545
9.31749 8.11951 4.99031
9.41549 4.36994 3.98417
2.66850 3.39574 7.35030
7.67030 1.64541 2.78483
4.17306 8.18469 7.33797
7.00474 6.97182 3.43903
8.15860 9.93542 1.35469
4.08757 4.54595 1.97716
4.30072 2.41543 3.78506
2.01638 2.06541 9.77242
6.31214 6.78713 4.95847
6.00366 4.92961 4.64012
6.07017 9.56379 8.82533
3.40431 5.03855 4.99396
7.12325 7.91891 8.44765
1.00866 8.87258 7.79804
2.02575 8.54048 1.38755
3.75487 8.55780 3.96249
6.73940 6.60161 7.89183
6.33820 8.14464 4.26733
9.81542 4.43268 4.19438
3.91810 2.85862 2.59184
5.15046 8.59941 5.90357
8.41637 1.93802 1.92120
4.91451 3.87940 9.03667
3.99986 2.63483 4.59007
8.34951 4.91173 6.51345
4.13923 5.30246 8.62189
9.92837 3.04672 6.38735
4.57815 3.64176 2.79442
5.29006 8.31515 2.81745
5.39339 3.29782 5.52780
8.61320 9.53563 2.59976
5.75477 7.77672 9.39281
7.13362 4.62011 1.25217
8.18956 8.64356 9.77502
4.65077 9.70328 7.28070
5.72624 5.32052 5.74423
1.93850 2.03264 2.74189
5.70354 8.05655 7.14476
9.42588 3.56981 6.08019
2.19858 9.59370 1.50880
4.24908 1.27075 6.34665
4.62887 7.46135 3.05052
9.30545 5.26354 9.85525
6.44579 8.70042 2.43140
7.13744 7.70564 8.58969
2.18909 6.49173 9.07937
2.53498 9.68311 5.93298
6.19432 1.38462 3.80292
7.06331 8.39933 4.97643
1.20770 5.15618 1.33273
7.91869 7.83164 7.11179
1.73105 9.40237 2.63557
4.26169 9.43630 3.30523
8.15778 3.64247 1.89645
6.50355 7.78633 9.53376
7.63852 9.64127 7.76898
7.92869 4.91150 9.80062
2.94732 9.74135 7.33273
1.55589 2.76916 4.30191
6.63314 8.78421 3.07766
3.78186 9.57648 5.02310
5.70769 9.43063 7.21762
5.28172 5.21578 5.21708
9.92949 7.88417 5.94021
4.29616 3.47377 6.80752
6.71838 6.92366 1.32146
3.32023 3.06923 2.51488
3.38906 6.15574 1.62700
2.06458 2.77459 1.24521
5.61292 9.83587 7.74807
6.35407 7.99272 6.02752
4.66601 3.53771 9.32963
9.32284 2.56173 1.99586
4.71289 4.77503 2.58259
4.34996 3.34005 9.72887
8.99084 5.24491 4.63716
7.71010 9.25706 3.20076
8.30926 5.56193 5.34948
5.55815 3.09156 2.71093
5.18317 3.60268 7.16316
3.97021 5.48170 4.63774
4.41399 1.15592 6.93345
8.58633 4.51026 8.29178
2.30263 3.49608 9.20043
5.45444 8.09336 6.17867
6.91833 5.48538 8.72568
6.20327 3.50468 5.46243
6.11489 3.13457 4.38229
7.78797 1.66936 1.26149
2.82215 6.64096 8.18556
3.23896 8.13353 5.92737
6.70471 1.91254 7.92447
7.17833 1.24299 7.18977
2.59148 9.80408 7.92840
9.70406 9.31195 1.85871
6.61901 6.23918 1.40483
1.37121 6.70295 8.09611
2.68232 7.47093 7.11535
7.73822 5.75543 2.54803
7.09323 4.38333 1.05152
5.06615 1.00360 3.03308
7.40430 8.16355 5.37724
6.77930 4.61547 9.97045
3.01801 7.77501 3.00705
6.34599 5.25157 2.26810
4.43346 3.09890 2.36942
3.72582 6.98692 4.40309
8.13869 5.26802 4.99101
8.63890 6.16242 8.50421
4.67492 9.09024 3.82446
1.76299 3.08257 3.19102
1.89820 6.07173 2.95645
6.47590 3.68153 6.21971
3.06961 5.46309 7.30284
8.79627 8.57526 1.13199
9.14410 5.89223 7.77397
7.68140 6.55527 4.71530
4.27996 6.99123 9.43806
1.83136 3.18397 9.35052
4.04187 7.87908 3.12654
8.98945 8.08938 4.90117
3.37269 8.56527 1.95901
1.84372 3.61767 2.41675
9.12345 9.38652 8.01689
5.27082 3.84735 7.30325
1.33186 6.65373 5.53909
7.45474 5.01931 2.55997
7.47206 1.75368 3.41533
9.11702 4.91939 5.28615
8.88727 5.86668 3.24127
7.84985 3.12162 4.66452
9.65196 5.36232 8.51421
1.23953 5.38394 7.59671
1.96134 8.47252 6.31358
9.10748 7.95831 3.22461
6.74191 3.26658 7.48902
4.74845 7.90756 7.71169
1.17585 5.23714 2.71432
6.02816 6.32021 9.06393
8.50685 9.67209 8.25441
8.45431 5.56780 5.01201
1.26339 2.42644 9.50109
5.68535 1.21539 4.70185
9.99955 9.42350 6.31385
3.59185 6.19868 5.29645
2.87754 2.31901 5.62557
3.65651 9.61218 3.74343
5.01756 1.21097 3.93843
7.96955 7.64269 9.84072
2.88385 6.01093 2.28264
9.66754 1.87041 9.98593
9.36438 7.23452 7.76099
8.90963 7.86584 5.32690
8.15631 9.10139 8.80131
1.14052 2.37358 9.65987
3.41342 9.99033 6.71475
6.91261 7.61143 9.47111
7.15417 2.43495 5.88462
2.41544 9.47298 4.40073
4.78012 8.56840 5.22957
9.21747 8.26535 5.68224
2.16758 7.06826 2.91675
5.65263 7.05840 4.49681
3.69233 2.30667 6.10967
1.13716 1.98638 6.19487
5.56008 1.73136 9.48044
2.29812 1.78707 1.64460
1.10561 3.48684 9.93054
8.65708 2.71396 6.97347
4.90380 7.36808 6.20520
2.60754 6.89237 3.83802
4.99942 5.30551 4.92857
4.17411 3.51435 7.24646
5.64018 3.83481 4.38130
1.46102 1.94221 2.51724
2.21818 8.84329 8.96216
3.40631 6.67843 2.30895
1.88949 4.89195 6.29513
5.77244 5.45345 3.82855
6.53725 3.97686 3.84526
5.09421 4.73886 2.28579
2.68534 9.94080 4.10606
5.18510 5.79010 7.79319
3.83565 8.08724 3.15592
4.90119 8.47722 1.28474
7.60128 3.66997 3.15698
2.39022 2.62783 8.52617
1.57941 9.34639 5.43196
1.17429 5.48326 4.27249
6.94339 9.27759 9.43797
4.34523 8.57008 2.06661
5.35892 2.96053 4.73278
5.34703 7.87934 3.37622
3.76697 9.65609 9.35577
3.17929 9.73637 4.53701
3.96758 4.47689 8.27955
1.71573 7.46783 7.68480
1.38075 9.56954 8.05037
4.77021 6.70695 9.13785
2.13181 4.75694 3.18466
3.34583 8.34060 2.97329
3.43302 5.51471 9.97925
9.37179 6.66988 6.45362
2.86896 6.54165 8.65608
4.07017 1.34310 4.41618
8.70746 2.00115 3.34605
9.77935 8.05708 3.70645
6.65224 7.60979 2.02402
6.78073 1.02547 6.83296
1.22454 1.21868 5.67275
3.45897 5.84833 6.52538
3.13122 2.72389 9.72314
7.84304 1.11139 1.56198
3.26411 9.82142 6.12462
7.09494 6.17406 6.88564
3.11401 1.65823 9.22086
4.32176 9.45524 7.43488
1.41984 2.97711 9.70231
5.51783 6.80544 3.38493
5.43342 9.60731 3.60868
3.16652 4.01012 9.95902
7.23536 9.91174 6.35775
2.22461 3.44130 2.87523
9.99082 1.81848 2.54505
8.56974 2.72116 4.72577
7.94335 8.55076 3.07444
5.89730 4.56415 4.62816
5.56762 8.20270 8.13013
9.49052 9.81993 4.48627
9.55191 8.12988 9.73637
6.54904 1.30998 8.06699
6.61214 9.13379 8.37884
7.69933 2.16070 7.05874
7.65006 8.28869 1.53690
1.69920 6.90108 9.35839
3.84297 9.87427 4.39735
5.76866 8.09876 3.82490
3.47176 2.77157 4.02365
6.99759 7.83403 3.11068
8.70520 5.22908 6.87272
8.83485 1.10633 6.21895
9.04124 2.20352 7.50415
4.64486 3.15098 1.58337
6.39520 5.63838 8.28497
2.12816 3.23820 6.64277
9.12900 2.44736 5.95066
6.89669 1.01784 7.14668
3.66797 7.58644 3.13506
4.32663 9.96918 9.48661
4.50751 8.31890 7.52071
3.99482 5.20604 8.46118
5.78051 3.76674 1.67368
4.53435 3.06346 3.33707
2.71679 5.24485 3.29697
5.45816 8.98253 7.50223
5.05846 9.21001 6.47931
4.36310 7.81609 8.31090
9.69980 5.62758 3.30019
6.26527 8.90237 2.48249
6.38987 1.13385 9.16867
2.33443 1.51093 7.88322
3.78885 4.43022 1.99371
9.75523 7.39223 2.71394
8.11694 9.78585 6.76836
5.11056 5.49363 6.30276
6.70579 7.44285 6.56811
2.15277 1.60339 1.73767
8.75546 7.05191 1.71400
5.51952 3.94325 3.99101
5.00334 6.87495 8.22286
6.70320 6.45162 3.18321
9.86736 7.07478 1.34724
9.12466 5.79771 7.58929
6.21812 8.16219 1.30252
3.27359 4.44835 6.18386
4.19249 9.34792 7.37914
2.21172 1.53833 1.36094
4.03740 2.07715 4.79159
5.84524 9.00700 8.48333
6.34652 1.73139 6.21147
9.38234 6.33269 6.68437
1.89200 4.99255 7.32743
9.38956 1.43474 4.41266
3.05355 4.79512 7.71165
9.02139 2.95096 4.91101
6.11362 1.19142 6.80631
5.61978 2.20731 5.34859
2.80657 5.92850 5.69249
5.74903 3.93857 8.36860
4.57491 2.17586 3.16800
4.38520 3.63353 8.12730
6.13902 1.05179 9.43782
4.19526 8.68728 1.66948
4.10831 7.51636 3.01326
2.45670 1.65752 8.55425
7.09101 8.61413 2.81900
7.16808 6.21342 5.33483
2.52757 5.45895 2.67886
1.19341 4.63897 9.97924
8.70107 6.77792 8.62196
2.89731 6.74593 8.06227
7.60311 4.74900 7.03106
1.17625 9.72044 2.63661
1.68149 1.97242 3.56771
6.22180 7.23496 2.52118
5.03453 8.51606 8.24947
3.18653 5.46533 2.65355
1.90937 7.95186 6.50475
2.38834 4.29932 2.63273
4.82590 3.54742 1.29317
1.17517 3.20115 7.26055
3.02222 2.28540 4.71104
9.99569 7.45316 6.32086
6.42783 5.93458 7.25367
9.46051 9.74582 3.86034
5.94742 6.68736 6.71757
5.83228 6.22452 3.25498
9.63908 4.28076 8.95773
9.36599 8.20757 8.43651
9.33754 3.91040 3.65613
1.27768 7.50272 4.52360
4.61701 4.65024 8.36290
2.51167 5.16313 3.05863
4.77734 2.54553 5.46090
4.99662 2.09086 6.68407
9.13915 1.65125 7.46493
7.36718 5.45355 1.32457
2.12796 1.54306 9.62245
5.13144 1.91650 1.14224
9.08146 9.52740 2.26122
4.13708 6.84378 5.61784
3.48599 6.18446 9.29639
3.79600 2.77007 8.16257
8.86004 5.50409 1.19383
4.91163 4.94306 1.93097
6.84505 8.40621 1.21264
8.30982 7.26422 6.76315
8.70411 5.90268 4.72770
6.22345 9.57250 7.06053
7.59050 2.83222 8.43634
2.69058 7.07335 7.16795
2.06375 6.92515 3.57504
1.13003 2.34670 2.92419
5.30636 3.46555 6.91756
8.89925 5.76054 2.16108
2.72438 2.51003 2.05986
7.80230 3.07239 6.32857
9.35170 1.38353 7.86535
7.17024 1.48292 4.63341
2.80916 1.47975 9.32325
8.42675 4.06011 3.96402
8.29189 6.89735 5.88449
3.70100 6.35886 5.98056
1.50784 8.66676 4.47259
4.19831 9.27489 9.91974
6.62126 5.03169 4.18403
2.05470 6.44731 3.87452
7.81648 3.62919 5.04186
8.15601 5.31497 9.60189
8.86261 8.85166 7.89539
6.13467 2.04555 4.26689
9.24975 4.21477 3.21435
3.16729 1.44961 1.37991
6.50157 7.30435 4.68966
2.56907 6.54006 5.90361
5.29768 4.84688 9.54990
9.51558 1.54856 2.39634
6.35954 3.19890 4.60896
5.35360 9.19182 6.60825
7.38916 8.17548 8.05481
5.43862 9.22462 7.20326
3.62204 5.87569 3.87031
9.32050 9.12124 5.45900
9.17426 4.90288 8.47000
2.85203 4.64244 4.54254
7.14643 8.76651 7.85033
4.16188 9.54458 9.24919
2.63586 9.84160 8.50709
7.38018 3.07913 5.22458
1.62358 2.71258 9.07260
7.67219 8.97532 3.74729
4.63034 6.44291 9.51099
3.10815 8.59418 9.68909
6.68751 9.49576 6.06964
1.81881 8.25424 7.33222
8.92503 3.29499 1.12426
9.00994 9.52660 7.21489
7.66195 7.00571 3.47176
5.09431 5.56616 8.32615
9.73246 8.58305 8.49945
7.19575 8.69440 4.42880
8.42160 2.97007 1.82157
9.14680 6.35710 6.27486
5.30493 3.72274 6.13586
8.87849 5.83438 2.78074
9.32347 5.85979 8.09209
4.48054 5.42175 7.05477
6.70448 6.94162 9.01960
5.35960 5.84090 9.40569
2.53319 6.77811 2.97912
4.48699 5.37365 1.21516
5.37119 9.29081 4.57151
7.24395 2.14682 8.97360
2.58639 9.89025 1.51042
4.10924 6.35537 7.89848
7.84042 1.83125 1.77336
3.14057 8.98773 1.92323
7.77413 1.51982 3.27985
4.82079 8.69804 7.02577
5.49882 6.19736 7.67416
4.34976 4.04357 4.46114
5.68418 7.45624 4.46840
8.44166 1.59419 1.35724
3.99748 9.09096 6.66584
4.77932 7.58713 8.34674
5.07479 5.34262 9.54413
5.21258 2.61295 5.73444
3.63052 3.64303 5.83819
4.83938 7.02140 8.47218
1.03508 1.65623 5.03512
1.90562 3.07252 7.34157
3.88233 2.35066 3.13613
1.68630 3.04244 7.91196
9.85113 8.91498 4.29884
2.66357 5.41815 8.43493
5.33849 7.44855 5.97857
9.39976 6.44540 7.19740
9.44231 3.49001 8.61395
2.83439 9.67390 7.86688
1.59391 5.40366 2.38231
1.44477 3.34647 8.83705
1.00720 4.47327 1.66785
6.24867 2.34798 4.19282
3.09071 5.49574 5.07603
8.79765 6.05192 2.55257
4.69111 6.23100 2.29794
2.05985 1.54255 9.11094
9.85665 7.43609 7.76630
7.15312 2.26145 2.68291
7.13626 2.50158 3.79770
8.87905 7.79824 4.86072
5.21837 8.34934 1.33871
7.45768 2.15354 5.00504
4.24127 9.26371 2.19124
3.21107 1.70459 8.77818
3.75068 2.81681 9.92697
4.55063 8.93489 9.45962
6.43730 4.39192 7.90022
7.30673 9.84737 8.51247
3.19192 7.51349 2.53326
5.21512 4.90409 4.93324
1.56189 9.46347 4.07348
8.94869 4.09075 5.49084
5.62228 1.35869 5.19556
8.26975 4.14911 3.75638
5.50922 7.55203 8.36310
5.50465 5.78245 1.65378
7.26414 8.63767 1.93353
4.07388 5.18639 4.54097
2.84302 6.08560 7.04795
3.99214 9.45466 7.98859
3.08733 6.66347 4.69375
1.02387 2.70878 1.10227
5.76171 7.83712 4.73942
5.32319 5.57564 5.57663
5.08946 1.73331 4.34880
2.95014 9.00341 5.01218
3.58551 6.55049 9.91763
3.49600 5.79939 8.89679
2.70795 3.85617 3.01479
1.28726 7.13159 8.87579
3.83714 4.23503 3.28735
5.90145 8.27590 1.43690
2.49347 2.24744 6.69621
8.55214 5.87898 5.12656
3.22572 7.01403 2.43381
4.36132 6.55153 8.18940
7.57204 4.14196 6.39783
5.56564 3.61890 4.52380
5.36002 1.33811 3.62187
2.16770 7.01731 1.36399
9.20023 1.66643 6.71273
8.54256 8.46280 7.75011
4.32344 1.32526 8.67385
3.94822 8.58215 8.58843
1.68287 6.31374 3.03034
8.43365 2.52734 6.12538
8.19174 4.28735 8.20150
5.36620 9.89503 3.15484
1.85037 1.55162 9.70191
2.13491 2.18020 5.97438
6.45751 4.85189 7.41066
1.05059 1.73449 3.17323
