100.00000 100.00000 100.00000
55.55677 57.18751 92.39995
63.13060 78.74236 78.77584
67.31845 55.42006 86.59400
30.32160 22.04038 7.52762
58.02224 88.06871 59.33989
98.94998 66.42595 64.94141
85.81426 77.06405 67.44069
32.31386 95.98708 93.45133
27.84759 49.24821 30.26787
66.66684 11.96711 96.39416
85.15178 59.44321 96.69690
67.22699 97.22632 59.35757
63.85422 80.21434 74.62268
12.08388 68.83553 84.68869
97.72776 70.37727 10.71412
72.70366 2.92733 81.68614
75.35756 92.83602 69.75732
80.18262 84.90806 86.34548
88.29989 92.77667 81.64650
70.93204 52.28500 84.76835
53.94788 79.93031 76.57228
59.15412 83.27044 55.36329
70.46071 68.22634 38.68986
38.74049 83.65141 93.80222
81.40736 65.24185 94.24006
12.85450 82.33917 88.65756
76.67672 97.73795 38.11952
68.48253 91.18197 99.72166
50.65188 91.36238 73.78670
21.23968 23.39731 33.89406
9.05557 4.90478 37.00655
56.71495 97.10496 83.53936
87.54245 84.43188 87.24588
88.90331 65.92239 79.70577
72.39944 69.24021 83.59695
85.74990 72.40245 65.81126
42.85480 43.87055 7.91774
57.82781 83.90196 75.42146
73.97555 89.79062 37.76982
97.69212 84.82498 90.47997
96.98792 78.11033 62.89710
92.28220 66.38285 57.22554
75.03984 76.37104 50.15121
70.03307 13.99481 89.36979
89.07781 76.22279 89.27822
49.57952 5.59161 2.10001
71.17355 83.03422 89.16981
67.26023 61.23370 63.97788
87.47775 74.60801 54.95691
77.99924 53.12310 56.65179
68.01972 55.63364 97.64997
82.75840 90.60064 83.36408
14.83954 73.20237 93.04471
5.84890 6.24907 1.55627
87.19116 22.79444 87.40794
1.80905 75.14177 77.53224
91.79999 92.24830 53.77904
59.77396 82.71134 73.44895
56.24136 56.29952 92.63104
51.05633 50.88306 92.66043
72.01157 94.92792 47.00855
95.01228 84.10765 47.04006
81.27717 99.62400 53.14091
95.28939 54.14276 90.46333
98.75367 79.27189 28.34343
96.06472 94.46102 4.07602
88.58089 98.45925 95.56749
77.69272 88.63752 93.35192
3.10539 84.40334 95.68029
70.88664 68.35358 79.82099
65.49870 70.12569 61.11173
5.93640 90.42370 71.84553
67.95958 39.71190 96.37267
15.18042 88.49035 81.55802
58.95549 63.33648 83.47109
97.90412 4.18222 75.42114
94.46444 68.70197 53.81607
7.53420 49.23596 40.59436
89.02339 56.09622 62.31725
73.47304 75.24294 17.08193
67.24143 98.96199 53.89426
93.16636 75.31491 34.12606
69.91677 12.09155 99.00902
95.22211 86.11721 27.93611
40.86491 85.17296 99.84665
29.54220 77.80585 93.12525
75.54122 45.05870 99.46926
98.29206 64.14463 74.75796
96.04422 89.47718 98.52285
90.84667 35.16570 85.48896
64.03451 59.44512 84.03763
74.09825 99.86744 36.04456
28.79512 21.33820 1.72626
43.86564 94.20499 75.47361
97.22620 89.81392 92.20179
81.71072 28.90651 90.81768
87.79978 30.24952 68.63381
74.44374 56.61940 68.42552
96.99976 69.51377 81.74837
60.93388 90.03180 96.70413
60.34666 75.03032 93.81801
87.71012 93.77740 95.09522
1.87221 46.29217 15.99724
64.30632 56.79645 80.34511
70.09460 92.96114 81.51096
96.67165 90.18307 76.48255
83.55382 28.58026 98.32380
71.71024 46.60950 92.41118
90.35224 97.08534 98.86166
14.84823 79.31072 88.55423
97.54863 87.82163 55.34418
90.92293 91.93871 90.53911
8.21152 24.04924 36.24080
35.52952 78.43856 68.29967
82.88151 55.47762 53.46276
85.62046 56.20183 96.93070
78.41503 78.00282 9.55086
87.75561 94.60100 6.82957
75.44114 77.88007 72.71234
60.68614 75.62180 64.05183
99.98834 75.51907 76.40589
5.74426 9.50951 23.51993
71.82219 78.90226 83.51588
86.97555 16.62482 80.17541
66.02466 67.83460 95.92796
71.53468 68.15825 72.96061
21.58536 10.86521 27.23402
84.32939 81.06469 72.31105
79.49920 55.18807 99.69916
94.31752 69.22989 78.91998
89.93877 57.53229 65.23137
51.49241 66.38292 71.01801
42.15446 37.99920 20.73209
99.06454 56.11362 76.44208
98.52509 88.77827 17.43651
76.34901 72.95583 75.45501
83.60923 60.63160 57.14605
50.77066 75.07933 59.07403
68.55920 57.67502 64.02291
11.50889 35.87926 48.55883
64.86324 83.18343 74.05483
97.07232 52.48965 96.93869
67.11120 76.76029 72.42534
7.18020 48.79554 28.14089
55.27986 79.44241 82.93129
77.23577 78.21827 38.71694
73.77113 51.88700 85.06067
11.05394 69.43118 80.49305
82.91022 83.29968 31.76143
11.17830 31.77260 47.92194
69.27932 9.92470 93.48806
94.14197 37.47639 91.53530
83.44957 41.58136 79.38517
65.59236 50.99008 53.12732
67.53393 92.14215 95.81412
59.60317 82.69173 92.76183
49.72581 88.04663 80.28818
86.24343 21.74179 94.82747
60.89138 97.13759 82.25319
78.74155 59.27608 71.03094
90.11742 98.02843 99.17781
61.05120 66.27056 89.25431
65.03482 74.22485 64.69592
79.90301 84.99815 67.44587
69.78922 60.48173 67.17450
79.67120 62.18514 95.27204
94.94956 89.03005 64.81732
83.66256 81.73635 64.82779
47.95116 13.74086 22.90054
79.19058 99.41545 57.70379
69.67830 93.25219 36.19763
42.49454 72.78699 72.74717
85.36769 91.56879 17.89867
56.50034 70.25385 62.45773
62.05508 62.86802 53.03094
62.93805 52.73840 59.84587
84.79331 77.46500 75.28492
88.56427 64.58569 74.38265
70.81739 90.39269 70.23814
91.80375 83.78601 34.74486
64.28994 56.56445 57.07800
87.82267 95.02218 91.21286
77.71361 42.34685 72.49706
70.23619 83.49533 15.68222
78.31916 97.50027 92.44509
30.58758 33.74138 20.53196
59.54286 58.05063 55.72266
79.85215 99.32821 75.47344
66.16435 86.07058 67.80514
69.35720 64.08243 53.73460
49.61999 83.27249 68.02531
69.05169 85.22407 52.44922
85.13933 56.05482 63.33351
65.13941 88.12334 59.20605
76.56506 95.96047 77.99942
3.34125 99.97563 93.85865
69.66666 83.12069 95.16947
71.45576 95.97413 81.51447
66.19828 85.55957 90.66624
9.03663 69.76741 90.40553
95.83587 84.79924 90.59630
54.62252 71.19095 84.68022
97.45035 61.79582 87.27201
89.34577 70.60423 71.74123
76.15395 96.13606 55.80289
37.43497 29.34128 19.19649
50.92272 81.25545 54.34796
87.07610 29.71789 72.47538
73.53887 69.02523 62.90023
79.62032 91.63748 96.84951
67.98237 73.75247 99.23351
82.74636 93.01356 51.54903
94.57213 93.05135 29.17537
43.78096 99.87033 93.74199
67.17473 75.68925 83.16984
72.43439 98.13984 16.00458
74.08266 63.98516 83.29555
79.51117 74.30110 18.71578
9.31252 72.50459 89.42271
96.63050 90.46474 71.91151
15.30540 21.63736 23.96464
79.82464 38.56097 89.05628
73.25557 54.70925 89.05724
93.24789 79.36515 59.49521
87.43444 98.42682 60.68567
62.00776 74.78460 99.09767
78.11639 83.46745 80.83959
97.72387 85.35966 48.52026
21.87907 93.45937 85.91554
52.09118 72.08323 65.97428
42.09678 69.87844 72.83653
34.87659 3.69563 23.47944
63.20236 54.98433 76.56090
65.12884 86.15139 94.47746
6.34080 71.81673 82.71608
63.10719 50.16188 63.94281
72.36665 67.62283 93.81650
84.45844 65.79748 83.47823
87.61693 13.27885 88.49518
94.58596 69.93640 53.13337
85.11370 79.28277 21.32545
70.52223 53.40077 92.57862
69.46012 69.30810 25.99167
72.23617 29.95842 71.83700
95.32999 89.03418 31.07827
48.61313 78.51597 71.09384
35.19160 9.09517 1.59419
50.80421 98.94039 56.27329
82.72400 41.72084 95.34416
71.53118 98.00484 69.60712
90.20898 74.23411 89.09975
77.40747 85.02116 71.15497
69.26026 96.74099 69.99678
50.30186 89.99340 90.90351
79.13726 88.32214 70.43826
81.21789 92.38139 10.27587
98.51986 72.99159 85.62605
77.68359 73.80679 78.48591
72.63347 70.60215 48.20331
57.36714 84.33390 91.69102
96.72334 98.91986 30.31491
89.17119 93.61011 55.16739
31.88217 67.35718 79.26978
22.33091 98.85671 68.58336
88.98354 18.81672 77.09986
79.67990 21.24852 97.33106
96.11136 70.53457 10.06638
93.00200 99.21558 79.28020
46.36957 86.08514 70.65581
84.03498 31.65501 80.24260
13.35147 72.08704 90.16599
92.94500 60.67528 70.18437
84.89253 51.22017 70.38578
92.81700 95.01941 60.02179
93.46481 95.60275 25.89319
58.24348 80.33668 54.77546
50.35463 81.72546 76.85701
83.64859 66.03943 59.47761
88.43891 23.69633 82.83568
94.51777 31.52910 95.44710
76.84951 91.19838 55.73376
72.47310 41.82277 73.77592
23.75751 16.27984 7.07118
83.55852 67.01562 56.77868
61.09801 96.69415 98.43840
22.56637 26.28755 10.10458
10.64898 97.76403 80.89039
55.55019 72.06995 66.20242
93.35887 6.83364 89.92447
79.00319 76.67215 50.24254
99.05701 50.34891 84.29751
45.03963 28.24876 39.05605
90.80026 52.68119 71.97744
88.96802 74.18427 14.20620
50.27579 79.80023 97.34574
87.56809 72.32231 58.75573
82.36311 18.97871 86.61492
61.93478 51.17410 87.79378
74.43371 57.13915 60.45069
67.77008 54.57995 84.49331
78.79912 73.98660 86.80244
82.22859 66.52963 97.18611
87.42888 74.62105 91.86918
87.79360 66.93533 93.30302
56.92948 82.92139 90.79967
3.87757 12.09483 8.89176
29.62916 99.10459 99.36115
92.60296 95.69726 67.54668
12.85093 46.14831 28.96415
81.63574 78.71192 97.61795
62.33368 90.66795 75.10895
48.62730 72.72293 82.70967
61.83926 62.97012 67.42664
98.78997 9.59807 81.80293
97.88714 50.95893 96.23631
68.05775 18.36786 87.63383
35.67808 43.98138 4.33656
99.16536 73.24763 93.14971
61.17289 82.55470 69.59526
66.91857 45.04183 82.30913
99.95905 90.14162 96.70128
80.99855 37.47044 72.15367
12.38839 22.21179 23.30246
22.17769 44.89755 17.14614
62.83624 58.40514 78.41381
52.29320 81.95326 78.77595
22.93662 88.58661 83.06959
46.61581 89.83031 71.48965
8.56808 25.03831 34.72850
31.79618 77.61145 81.88572
71.78407 74.63583 84.03357
88.98037 11.72712 98.28138
87.28086 61.96985 69.92811
28.27361 74.96753 98.99735
27.49504 84.55435 87.00544
92.13015 89.19725 43.66464
87.75975 83.16066 65.43480
82.57605 73.68576 11.85631
98.21367 97.93152 41.67098
77.77521 69.36347 54.36864
15.41283 15.37161 18.83526
82.88847 91.46009 83.91117
77.66361 74.33792 88.67624
70.20078 56.12186 59.27624
60.61368 58.21257 81.85176
52.50363 73.60273 51.85973
89.98378 85.83539 59.65675
81.80346 74.09286 6.45225
27.49450 4.38135 38.67776
89.65738 51.90454 90.75947
87.05848 70.65409 21.20355
81.42163 71.85116 91.59019
94.21368 86.17241 50.65325
59.01065 83.62803 83.49980
33.83934 21.15368 11.55434
65.22680 98.14284 85.75391
81.99887 69.27967 79.40721
73.27874 57.49126 72.20827
74.54686 79.33923 51.27472
59.40827 60.98340 66.60094
46.04192 25.25398 23.30428
80.41801 68.76374 94.66668
10.50139 11.24031 30.16550
99.13828 74.94212 72.18275
42.99720 21.17089 37.50553
73.75448 86.48243 59.24473
65.17093 58.47625 56.29179
17.50399 1.73273 45.48000
20.95507 83.90391 67.18792
2.86755 76.92105 87.01153
97.52054 18.12762 95.77212
2.60247 12.86846 48.05501
95.72970 97.57220 94.23794
86.39862 95.32834 13.88978
86.14913 90.49823 83.82681
99.60333 71.31375 90.95808
73.59674 55.50584 92.41217
78.00585 88.17746 30.94418
94.02718 65.13496 56.22632
54.42202 69.37547 55.09342
95.44168 70.79656 63.26302
31.33786 15.83551 33.05861
67.48219 80.39894 41.03416
59.91878 98.42305 54.95352
87.94640 13.49507 80.12279
91.02200 81.77629 92.39096
15.83771 7.25457 24.59212
96.69001 84.22255 58.76076
93.42597 38.57143 87.31652
10.36187 33.37333 22.57049
78.11032 70.81706 95.29402
83.47094 68.80927 67.67762
56.99613 51.10338 56.80993
74.80096 57.20269 99.24717
81.50484 76.05110 53.60655
5.79487 21.33384 19.21529
39.22756 7.02895 7.91999
96.86260 59.07651 72.90780
64.90575 66.27465 78.67799
94.75182 91.91691 23.54384
28.33527 8.46594 5.36414
43.71657 27.00915 11.38316
94.56993 44.31499 88.09118
62.22056 85.94301 97.83625
93.36390 62.27835 52.46768
94.09763 57.69773 53.25082
69.56613 67.23714 86.76798
80.68478 65.53315 86.19032
60.14533 76.96958 60.58004
53.30590 65.39324 68.63580
74.63481 81.25599 53.03775
55.65922 70.20294 69.63000
83.71690 95.97440 93.40830
96.69892 61.58004 99.73292
97.52893 82.93724 24.99904
84.40053 66.99091 58.92640
35.77412 83.83020 79.57412
98.51514 70.84735 21.74084
91.12182 92.15924 40.45691
99.42929 95.74261 70.59042
66.17589 83.48559 88.12112
9.26785 93.99820 68.08689
77.14804 83.64806 80.97375
70.97556 97.49005 70.46149
99.73330 50.24284 92.70900
63.24671 88.60648 67.34618
85.62886 67.73360 90.42264
96.96331 91.52784 97.16022
80.15634 45.71596 75.89708
72.70536 80.00363 63.43249
88.13193 78.82869 76.09402
74.16192 43.33745 74.05075
10.03982 73.56607 82.62652
49.82332 28.69583 41.54946
75.98593 56.33543 89.53835
69.39877 20.68149 85.83277
19.11911 40.30058 20.50427
85.75053 87.45550 23.64989
42.60899 80.65970 95.14713
15.76421 99.10304 94.48909
78.78256 74.46915 61.56066
50.44944 99.72390 59.73511
95.90844 88.59355 68.86458
85.29094 38.84181 74.03348
58.15472 69.91659 97.37486
7.95196 45.71609 28.94473
90.55155 83.63213 91.23748
60.55100 63.69366 56.01484
52.76279 90.27978 82.20492
72.84153 47.87177 85.21704
71.69249 87.06460 67.83493
60.78020 99.09757 61.30816
87.64093 53.39851 92.59514
77.91882 96.81423 77.68580
83.77232 91.40122 68.48211
3.37595 23.10759 42.55882
56.03509 56.18212 59.33506
82.06357 59.63758 78.28572
30.04486 77.86069 72.66467
99.76664 58.72800 72.89544
21.39898 84.47160 76.39211
91.33581 89.12780 59.46971
31.22555 72.58053 90.24015
70.40472 82.14716 88.53246
67.09890 7.02081 86.95727
29.59774 26.88051 48.29128
67.49871 3.48048 70.01278
62.20219 82.89965 78.07704
22.63661 28.56562 14.14545
20.41617 76.09358 68.74556
75.66682 50.90325 95.39098
55.05054 84.79247 51.89625
76.87642 87.55843 58.10538
24.87394 94.81088 90.62725
21.56266 83.89505 71.18085
9.96388 80.81231 90.33591
53.25026 54.19918 95.51442
63.67251 95.81880 82.19098
64.27350 94.12096 68.53822
50.87705 75.28853 86.19453
93.77748 81.09020 42.19340
87.38365 73.57914 73.29325
44.94537 34.63291 13.79079
27.81491 70.48982 71.49924
87.73177 95.57726 91.14379
28.98146 67.15160 99.74006
86.29699 96.40702 12.54887
63.90479 57.22507 80.66268
45.63149 4.11035 21.59607
24.04359 86.92942 74.36850
70.51499 53.70572 60.54108
75.32095 88.91576 2.46509
82.26638 69.39262 93.46752
2.34657 20.21567 21.37745
89.84456 5.40953 82.20299
99.23056 50.78764 57.10622
81.27437 96.16300 93.30030
55.70368 83.04246 69.35128
82.12289 53.30493 53.18326
57.64643 63.23136 73.67239
93.87964 80.11416 41.48607
91.36084 82.72164 67.43748
97.97037 76.06486 33.64309
1.90567 45.85657 42.48190
33.41644 7.83115 38.56408
73.08359 61.61172 51.14172
57.56015 85.18346 61.57335
56.39676 59.84269 95.15686
30.21591 23.88382 11.63943
88.27698 67.27639 27.11198
63.13200 80.14020 84.07952
56.62629 68.35103 51.81477
83.44528 70.95348 58.32504
27.05636 67.07886 76.59248
86.80747 37.88590 88.40685
91.52446 55.89035 64.12533
94.17155 25.96545 76.88870
56.01668 84.31420 82.05616
67.19130 51.84870 51.31240
63.53882 61.11026 77.30581
79.98895 80.08022 72.52574
57.83024 52.62902 55.00981
76.45328 88.62177 65.16468
41.23942 38.44575 39.71572
75.75342 72.95785 97.01657
77.68602 43.75358 92.80728
85.54894 59.25646 78.50557
69.00376 84.15401 64.40966
72.24389 86.78031 70.32730
79.87224 50.32691 59.26114
91.77084 75.97859 10.36248
30.47888 73.33235 83.07518
64.42474 98.34371 63.63683
70.82532 90.49510 99.07830
63.02722 73.02491 77.13392
44.69140 96.32984 85.01069
26.18269 83.23902 84.19515
60.78799 68.13628 62.93037
87.41450 93.25551 88.39671
11.46047 82.91200 84.37165
53.95975 77.58075 87.83961
52.78469 66.14897 92.37358
87.75337 89.54223 75.96683
86.83216 33.09302 80.85862
1.67918 75.65771 95.02693
87.30188 97.49056 32.30504
73.86476 79.42207 99.28649
44.00430 88.24270 66.93708
53.19436 86.90869 58.14123
93.78140 9.15723 90.68568
25.66101 2.89439 26.05278
76.89548 60.21818 52.60542
71.89755 67.73473 19.17207
52.46263 53.72236 78.85786
50.57631 71.54736 81.16183
19.08112 77.23618 79.12755
62.67417 86.47453 95.44334
58.09950 99.99948 63.15300
61.05961 54.40832 85.49350
76.09078 62.65927 54.21043
78.84329 84.64213 76.72986
73.70474 79.09297 70.32905
19.97249 23.72281 26.45880
98.33692 83.02313 75.06530
69.51235 81.54828 40.91506
89.21972 50.63883 79.75783
97.32948 52.38003 99.80461
60.36538 88.59610 53.18663
76.45233 88.12623 67.45664
84.34944 70.49393 29.20116
73.85502 32.41004 99.79332
76.44284 15.80270 85.78594
24.03694 7.46796 29.06758
99.25793 99.09903 80.25164
66.10914 76.83517 63.02965
93.60868 64.67382 63.83796
73.16656 82.76244 76.21857
22.82119 48.42983 6.17221
87.53700 71.27106 52.15778
63.75156 58.91206 86.97369
11.08130 24.56776 3.66376
50.46752 52.11681 52.75501
70.67987 83.81079 63.50028
19.27652 33.95830 25.23812
96.45630 32.42690 72.49913
75.60473 95.32186 71.72390
58.70601 74.00570 64.13458
61.42458 82.46508 82.12527
77.91725 2.17415 75.07849
22.66989 77.56664 72.77347
98.10099 51.56558 53.91835
99.02191 54.63461 54.05796
69.93340 78.28472 12.34830
81.74079 65.20062 76.83015
53.30853 54.31740 62.76841
92.75547 92.86052 64.36480
73.04764 18.93260 93.74787
83.93050 99.63390 86.23537
77.02410 95.19992 13.35984
62.18313 55.39049 99.20123
96.29448 55.00528 94.82515
47.59626 80.53512 83.71897
8.53993 94.62386 82.46655
79.82396 76.17497 83.40050
97.25491 25.09261 68.99831
96.49397 38.50271 76.81953
69.60845 31.44651 79.11870
78.55207 61.85148 57.10028
97.00284 43.04496 85.03869
98.47876 58.73149 81.94086
70.86636 53.42084 98.62140
91.29551 88.24583 84.24541
32.30732 93.40998 97.60779
52.99983 99.60622 94.39634
29.51654 70.32902 97.65587
77.87784 98.14905 57.14220
86.48513 85.79165 65.96186
73.06634 79.27024 56.70015
36.13268 81.58357 88.75376
86.21142 62.27493 95.72312
54.24084 74.45565 55.29185
72.00042 92.83287 65.74212
90.31686 43.72766 88.13441
59.61491 67.52305 92.32843
81.17974 73.81377 50.07203
91.49407 87.78861 93.08495
91.22042 46.45044 75.74810
67.02292 58.43412 91.93199
63.71093 62.40171 64.85366
79.50517 67.52429 58.51426
41.35846 99.24416 81.62087
91.53310 71.88683 41.74455
52.54565 62.06847 81.44418
36.63827 88.83168 76.18561
91.43295 60.04322 82.51508
19.66059 77.34383 77.10702
34.60500 38.08779 41.78599
91.74163 72.54510 14.78606
98.34553 85.14843 43.68011
76.77544 59.05003 71.81532
73.07272 66.12739 83.76097
95.50758 81.73726 51.55228
58.18388 97.65857 50.83899
92.40710 81.20049 78.88903
94.04049 2.75711 91.13826
72.05689 63.77341 77.50451
79.71416 55.00366 72.45428
93.51364 91.20002 76.64779
88.61939 55.85094 67.65405
69.12802 69.56825 24.38752
72.58644 52.51319 84.91460
74.03621 99.91594 92.58001
82.58343 99.43733 68.67603
98.18710 18.97431 91.97466
42.35358 42.88612 4.93506
59.02656 80.50977 86.24451
70.18021 73.65756 60.13536
77.96079 91.04823 86.36349
89.04047 5.45948 92.53876
76.17853 59.76098 85.84808
46.92768 16.52430 11.69488
40.20751 90.99219 74.97531
83.11118 44.16414 69.16369
87.71257 84.22558 48.25167
95.84563 66.47507 56.89738
73.32397 74.44868 86.73045
43.63509 71.97118 67.09456
68.28497 94.15453 41.67657
73.78704 39.08547 88.97422
61.21900 61.71923 86.95684
23.38530 69.47137 67.60506
76.96298 98.29626 94.04526
3.21025 13.67886 20.28617
22.63328 28.95053 49.13731
78.95220 21.21482 87.57459
54.38009 54.51572 70.85325
82.03793 94.48177 96.88854
85.25060 5.20397 70.48270
70.92114 98.43573 19.73076
93.38912 62.07993 62.22500
95.88371 80.21941 90.60106
27.36229 80.58123 68.86446
73.40613 69.77347 99.58983
86.16483 75.50500 21.31223
75.62371 77.76639 77.95786
73.71652 77.01507 35.16320
56.16660 89.09278 78.66815
44.05906 67.90924 71.95635
97.41803 79.60030 80.45465
59.32352 72.29536 60.39010
29.79456 30.05410 45.99718
84.03637 95.74599 77.19013
95.23162 50.15401 95.54168
94.06969 11.22977 99.74215
60.21217 63.09458 61.47282
60.06518 74.45651 62.48105
88.08849 39.01852 72.91083
66.72302 75.81496 57.45593
75.74238 74.44151 84.38562
81.01168 87.17606 96.77158
67.31705 92.64773 99.04681
64.82102 54.16313 74.91248
73.47523 38.33337 86.45868
3.27233 14.88258 36.34290
15.00273 41.68428 10.11374
76.79113 7.69608 98.19434
10.19053 93.61182 80.63637
68.18310 85.59891 66.79422
81.52178 70.40004 65.70787
69.53693 63.88848 81.39697
88.35375 83.17980 57.28632
77.59293 95.35669 61.00819
63.19417 95.12859 63.53625
45.37867 71.18210 76.41526
73.02455 63.53686 70.06024
50.02528 75.53667 53.49319
55.24042 71.06634 79.19377
97.68666 54.93967 93.00102
79.59012 71.56620 64.16673
27.79450 34.58605 13.68157
73.23865 11.09091 88.06372
59.43079 88.43228 67.34654
68.96120 23.44216 86.58243
82.18983 78.20266 11.92101
76.30422 86.52799 31.06271
3.56979 71.92083 87.69946
78.52243 69.59922 40.02242
97.74712 15.35643 82.54151
75.97852 79.36256 87.76810
89.66940 80.22796 26.79156
79.15161 55.57931 86.79543
66.39067 66.77293 66.20810
16.74500 93.75734 78.77552
95.65877 56.52516 81.47587
20.52041 37.45145 49.83194
61.31127 99.82148 71.13249
88.04504 94.54706 73.50041
66.38453 64.87358 52.47803
41.57603 85.62532 75.81638
18.09341 95.90063 76.37179
82.03879 39.87992 77.55565
86.90218 13.41103 73.66475
9.69979 87.34446 91.43394
73.09213 67.10822 75.28733
73.50286 51.05579 74.07886
79.69555 78.72797 76.95928
55.72553 55.15693 92.56989
90.82164 74.18633 44.24347
78.07346 90.71990 62.75976
65.17105 58.54955 88.22679
32.89556 37.29698 32.61400
80.64111 63.81510 86.61706
93.42968 88.36510 90.11695
63.59501 73.55053 81.48306
60.84663 50.10497 78.92770
80.88759 91.58145 30.10015
53.85409 60.12887 74.81504
80.24492 87.57626 55.75951
55.91841 59.08995 78.01012
74.21480 92.22183 85.99372
79.90300 93.92139 84.80456
91.08638 73.26964 96.06519
55.45636 68.73429 77.45846
88.47088 62.78271 50.25417
86.51177 91.11019 93.53661
30.08246 25.47001 49.65328
70.26077 74.05105 26.25283
96.96387 76.51248 67.55021
99.54697 93.54874 80.88054
17.59544 90.97165 86.54760
92.03159 1.22838 74.59993
77.21079 86.06195 68.32221
48.11703 47.71730 25.04918
95.67990 29.27076 92.98361
70.84446 10.26318 74.55403
87.89224 95.15677 10.29640
89.83273 96.08748 75.46051
80.10633 85.72900 52.64536
85.47445 83.91593 51.71192
91.07362 77.25242 98.42996
96.42525 75.94101 69.13718
57.43604 78.00041 86.92037
51.90136 69.90739 54.24412
22.86103 85.43251 74.43760
97.68000 19.20110 99.81139
88.40527 76.07443 92.85173
50.04473 71.59408 99.45055
37.30013 81.11081 78.41945
56.91416 52.63507 58.91719
91.72378 83.77692 84.23983
99.52588 87.45620 82.36471
78.52831 50.73570 82.19690
87.26278 73.58640 75.31544
92.22675 99.13603 5.59473
99.98277 46.13941 74.69103
89.22349 92.36591 44.32018
96.78295 16.82027 74.67292
99.20749 6.46957 85.92314
87.68112 79.03548 77.76537
48.54010 30.76094 29.48872
80.10950 97.75416 56.63626
77.73019 61.93686 89.05157
93.03188 96.01483 47.71094
20.05069 5.52370 29.05517
77.09532 89.72120 3.27410
78.05953 88.77119 32.83317
59.67457 58.29606 88.03250
46.81609 39.70482 33.20924
42.34435 9.48867 32.65171
98.40302 52.84638 84.60362
34.84199 92.42932 98.55696
68.96368 94.56787 40.32295
75.96112 71.49777 54.39722
71.08652 51.69719 78.36027
88.84976 88.70679 73.19659
75.66912 78.68539 84.95815
80.07202 82.71679 29.44791
69.09717 65.40364 92.11112
71.88745 88.66421 80.94014
86.78266 73.03022 79.00054
2.17746 10.22161 19.57482
8.62666 99.79234 90.57396
74.59607 32.14609 90.83968
83.43286 80.80671 52.84703
94.55420 63.11065 85.12900
27.56737 3.39848 4.92004
97.76954 68.25510 74.96558
91.09807 7.06173 82.97743
91.88024 60.06184 94.94409
90.83893 52.10873 96.54625
30.43138 2.84913 28.40442
51.38979 80.37723 92.95697
96.54351 52.86787 55.34972
82.54937 58.72758 67.57364
50.33087 82.24302 94.16497
99.30815 52.66805 92.94368
98.35504 94.88321 3.21770
13.10297 12.35261 46.30766
67.91588 32.18580 89.55228
66.04579 61.18989 72.36455
73.26749 97.61718 94.34347
80.16846 2.43647 73.91597
77.62513 74.19482 15.11724
85.38527 39.46738 91.49855
66.82809 55.79573 91.24060
63.72835 59.49366 93.93201
83.22428 87.94852 17.73210
6.15261 92.84297 81.32717
41.55444 99.35564 98.76947
26.96576 39.12461 24.20147
54.71519 81.53889 78.82094
86.22465 99.93893 96.40345
5.06504 46.13966 30.59586
7.30870 42.46873 36.52878
83.60796 66.87433 99.11074
61.09388 80.32803 98.97975
72.31618 89.86061 27.76855
33.56840 82.75861 84.19878
27.93105 46.52944 41.78750
99.51539 71.24045 67.19705
68.40079 94.70076 96.49272
63.69551 90.88760 54.85110
82.62622 55.86242 84.11960
67.72340 99.37485 89.54718
63.88282 83.41812 85.72070
60.31627 97.43558 73.91247
94.49872 89.49410 93.16775
81.24945 87.56309 79.19061
82.46729 78.62176 61.14631
90.67563 59.35567 91.79169
53.31488 68.35208 85.19924
67.08531 99.57928 84.41115
34.01806 39.74284 3.21334
88.26906 61.29529 57.08088
76.11475 74.81932 19.61630
95.43790 91.35104 64.51257
75.74444 71.63160 83.63191
59.17724 90.37215 91.06748
34.81097 25.65944 5.83637
72.97269 96.48999 31.22454
24.39682 47.72528 37.63654
51.55866 97.94161 84.46667
56.62846 84.55052 69.02506
83.70668 64.49729 93.63596
6.12245 97.40539 95.66990
81.15987 95.32038 31.07086
93.08051 85.25735 83.50406
71.19152 89.85252 42.32290
98.95172 93.57413 24.28858
35.14703 45.94365 32.65329
75.46549 62.87968 60.98026
70.64033 53.73167 54.79887
66.36968 99.06475 98.01808
54.51564 75.66403 63.97327
63.94766 50.66707 51.87546
81.23373 52.16148 67.94007
49.68073 12.65641 26.06618
82.62692 80.46652 64.48350
99.79525 51.61898 81.93295
98.49135 85.91245 88.98211
24.82648 12.84379 12.21141
68.41269 65.92590 69.36442
91.61091 51.71452 54.70113
94.85534 79.39428 58.82341
78.54684 85.61786 62.71869
57.31368 74.24602 66.78624
84.75170 96.53729 99.93726
82.84021 63.22289 86.68682
74.08289 9.93206 85.66998
84.22936 35.50519 96.07645
90.80929 78.65316 35.32553
54.43515 82.48125 81.93776
93.65521 6.96954 67.97441
52.34930 58.09484 58.51712
92.33229 79.57596 22.01439
66.12499 63.47893 88.23929
65.20401 83.83052 61.38600
78.56661 83.75419 39.80425
73.55563 72.96243 57.57752
20.48339 83.30407 89.32551
59.34138 92.51207 71.21250
22.30503 24.68817 43.92481
39.88299 91.82328 70.26020
79.13427 93.24303 59.35361
71.51237 48.07732 98.43488
82.85574 86.29171 83.22275
5.17751 46.69388 42.48074
50.07659 60.44444 60.78915
55.69689 70.63735 81.56512
2.93024 85.93933 79.31475
51.20658 75.75248 52.03085
54.00134 53.93657 74.59001
96.98570 58.11086 99.51849
93.38315 32.43144 77.37203
58.45458 96.64060 65.07731
93.01100 93.58723 53.48140
12.37167 86.25186 78.81358
50.47049 69.09943 98.96341
72.40878 27.94916 97.87426
55.65726 95.08294 86.69819
85.51614 67.75413 53.11094
86.59189 90.04509 21.17142
90.11193 80.92428 57.02108
76.96845 65.27787 92.52567
46.41229 33.32548 33.74149
86.50838 85.58107 6.27093
75.04390 86.92132 59.45257
78.24795 62.33030 53.16001
30.32624 19.76004 27.82809
13.34344 97.21877 92.64682
49.43823 33.87916 22.23334
58.86879 69.17747 91.37791
63.13095 91.91662 65.62071
14.90175 72.00830 99.24706
65.39818 65.61780 54.47994
35.78969 97.55168 90.06764
65.55921 72.60896 93.18218
45.42820 31.52628 15.68885
79.74534 98.66217 29.83010
89.64537 78.93290 90.90446
72.00977 56.30124 73.55717
58.50675 58.51964 96.89058
14.01303 1.17221 1.11448
40.03116 77.24433 98.52354
86.00113 68.21565 13.28494
63.43165 87.80559 55.07210
84.66363 79.32042 66.17334
88.48733 8.32897 84.84448
59.39654 99.81365 88.71010
96.06318 56.83597 66.29562
85.22321 80.29675 99.71907
22.47993 37.21612 8.73605
62.53442 77.43801 71.56925
83.83521 37.57294 76.08216
22.04627 43.40730 34.80123
95.45276 84.92136 83.12138
91.95003 64.62017 50.15358
87.97879 74.64863 51.99289
42.53843 1.29564 19.31270
85.55504 60.68222 69.99713
90.37933 78.66318 13.41815
72.73340 91.90352 9.82947
93.62951 66.93569 76.73760
17.50203 73.37532 90.48852
66.94756 95.58085 91.26364
53.76589 95.26669 53.69548
80.47376 63.79174 54.52362
11.60729 91.16092 91.79029
32.83022 17.75438 4.04136
32.16896 45.50134 22.00743
51.13859 97.56136 93.53762
95.33306 71.56197 58.26502
27.27851 6.87532 26.53533
71.45843 72.91697 77.70921
68.68551 69.54686 46.69240
81.87312 93.78067 71.89978
73.12804 24.28288 83.03912
57.83306 76.08503 89.53862
74.94320 66.96538 74.26505
83.31795 69.98632 94.37239
32.31688 8.38296 10.08736
68.75868 78.73556 78.12134
60.02909 94.63291 66.51923
87.86851 82.21873 82.27995
93.86999 87.40785 99.65927
53.03088 94.77283 79.23225
60.95671 62.46141 57.29563
97.97926 43.48741 71.78169
55.95380 73.55936 70.16118
21.34577 99.48306 76.96575
19.69853 18.94175 11.32070
93.22044 98.64027 99.42612
62.73001 97.48026 94.94363
62.91793 92.82917 54.47896
79.76754 74.37563 51.55722
66.11522 66.73670 94.96370
58.18533 77.27185 95.47383
70.50932 95.67952 86.27571
72.16866 88.82650 64.05432
81.42766 77.58659 59.16454
60.80974 86.79491 53.37651
76.35273 72.20008 88.89476
70.64545 61.88937 92.71675
69.15402 93.93148 98.35163
92.06566 59.72998 83.23641
97.92252 60.56976 87.12052
91.96691 99.66327 43.40373
80.56439 62.45063 61.69446
86.70864 78.58305 11.41802
75.15189 39.48189 67.28048
85.79935 47.79856 95.73900
47.43148 37.75852 10.59297
97.45826 74.11050 95.81213
54.21785 65.13112 78.06323
15.92386 8.11382 38.84309
74.03190 85.97486 83.84951
99.64559 83.87242 87.77217
86.64506 83.62616 56.64614
88.04450 85.31351 86.39333
22.93223 82.17049 94.96651
26.21413 37.23188 30.70233
50.99101 54.80717 70.82120
80.69957 97.46012 57.78789
83.42676 58.27688 52.78728
57.19658 71.51685 96.76401
38.55010 16.83354 15.06614
71.48124 26.40532 80.73139
65.73155 91.47299 62.15825
50.07036 59.68168 59.13400
49.66090 97.08249 99.66648
97.40507 30.11391 91.28741
27.21786 12.65327 47.29626
63.26732 59.32383 80.37098
62.17419 68.22525 66.89809
72.86555 62.79183 94.29843
50.93022 52.14114 79.84355
76.80960 1.02387 66.98620
71.06379 94.78200 2.04157
98.61157 85.30294 34.27455
87.00557 72.16179 39.20104
8.05677 16.89312 31.36951
72.39970 59.38305 76.44269
97.48056 94.40631 93.19065
80.19197 92.86143 53.77716
54.51343 92.77840 93.29181
93.78748 79.60382 64.30588
99.59028 62.49185 84.20991
50.30344 88.89856 56.91125
20.59279 22.85081 12.51976
75.30531 81.46389 62.95939
73.11591 72.10096 26.50089
95.22659 55.61968 84.35336
92.26263 82.76389 81.82739
55.56992 66.92559 92.46173
12.63418 90.98637 95.33050
72.09865 63.31267 64.53932
53.78317 59.58274 77.39045
68.76793 36.24040 75.57827
28.10644 81.14170 67.71256
54.03715 97.79271 55.23801
83.84017 95.65089 52.62892
96.95897 44.94805 79.72767
82.93607 52.72358 68.76934
86.15196 64.43963 73.41939
92.16011 60.56161 66.64410
60.80358 94.08318 66.76147
83.14616 43.71562 87.16460
83.09800 99.91232 60.66452
20.83593 89.94464 80.56117
94.46019 37.87849 71.73059
16.33049 99.59196 84.68320
35.81746 18.44463 42.75203
25.17796 81.49815 77.53522
74.39701 59.36057 75.36603
66.07676 66.36611 96.39857
89.23402 68.87668 39.38485
99.47142 84.07201 92.17306
69.33340 44.53352 95.10525
71.70777 86.44856 52.41990
85.85636 66.11425 53.98403
11.12425 95.82002 82.67629
51.66531 65.55901 82.69012
89.20536 29.50049 78.73739
93.84486 77.13955 85.24752
79.10348 97.99321 43.42398
90.95455 89.08538 54.51810
82.51439 69.32449 81.48518
31.95913 15.89422 27.33112
56.37477 92.81574 61.33860
14.75441 24.05884 21.55025
57.59626 72.12758 74.67816
93.68115 86.05192 91.33679
45.18267 81.81169 82.01920
50.36743 84.91129 93.17770
61.36893 55.12301 91.40706
36.69208 8.28825 29.25931
98.30530 85.61169 72.07134
89.27877 86.18328 26.10163
84.43862 88.76853 35.67786
98.65777 27.18866 74.33014
74.91390 83.57493 72.95588
95.50907 90.10859 63.59428
88.09352 66.84300 53.16143
76.37744 83.64451 7.25743
91.05998 78.55938 63.98516
50.07828 54.28357 65.92831
32.49645 98.35660 84.79239
98.25681 84.41230 16.47934
59.79096 86.54282 66.35977
94.75394 51.65389 97.64284
42.06841 77.71166 75.07859
84.63826 18.54722 81.72393
75.74674 18.68902 89.79955
87.44163 85.20895 99.43221
68.99300 72.41396 99.26017
58.89687 59.36908 91.93092
95.15194 70.60777 57.92449
74.82254 76.50336 47.66944
76.97311 8.80015 76.07819
95.62478 87.25310 77.67443
11.38012 42.50976 13.40985
89.21348 56.67912 58.00530
76.42823 89.97241 65.87713
60.58458 88.37548 76.81804
5.21020 45.47813 16.42045
63.59124 94.88596 50.22150
53.72142 69.23890 65.02038
70.75289 76.33136 86.75110
79.13626 60.56039 58.79579
55.10392 95.87599 75.43627
75.22663 87.17942 83.37724
73.55244 56.85071 61.00053
70.22649 67.78417 57.19413
36.21353 46.84404 40.25469
92.39612 81.64954 87.06653
72.63951 98.97996 67.29378
54.85929 60.17860 86.15649
83.30561 91.66027 35.23329
75.70957 68.33500 16.69200
79.47112 81.83185 37.49585
23.65529 87.31546 75.14490
72.08364 92.05181 61.15755
80.40252 56.48564 99.03147
85.10349 85.92442 45.19117
79.76931 70.42851 65.25131
79.69093 81.98288 73.44164
11.40750 28.66014 25.54111
81.44667 80.57571 55.67576
10.67240 20.29871 27.47375
72.96172 73.46225 93.51075
90.92522 50.36653 74.12199
53.11188 63.03046 66.41745
95.51429 72.20889 80.55953
57.32733 82.35830 53.65968
91.09855 67.17609 73.78243
72.76886 93.37452 59.42088
72.88576 78.59824 71.27589
56.55555 74.06800 73.98774
64.06672 89.45375 94.26080
71.29510 81.37473 6.06162
83.26788 88.54660 11.28710
86.10059 65.32803 56.36464
52.14053 97.18381 57.38399
71.06641 97.90496 43.22184
95.11821 66.31825 63.38835
77.31896 64.06145 75.07863
89.28962 30.82584 94.80473
90.57419 80.67774 80.00682
68.43664 84.18034 50.87722
97.40894 87.70181 54.48561
78.23379 64.98484 65.78377
90.52545 98.69528 14.40066
17.15761 2.85855 20.71418
82.48937 92.99196 67.57015
75.25351 47.51301 91.59551
62.51742 50.21257 97.57260
31.19863 39.96083 39.24776
33.36400 28.47387 37.27892
28.23573 88.89966 80.86823
54.26359 87.87334 72.34814
94.37962 3.36513 87.39091
82.22896 69.03302 94.62811
69.45437 81.88877 58.35601
8.08637 93.61169 95.47490
88.34988 38.58179 93.74235
44.07268 3.46844 27.88725
71.44811 56.93142 88.03792
51.96651 65.94861 79.10297
63.32641 77.39518 67.07098
56.90221 53.49091 52.26282
75.64948 51.76531 54.12716
70.17796 81.74462 96.43712
47.41426 7.52866 32.71985
55.91568 75.53893 53.24085
26.37147 35.18369 38.58435
64.47151 87.77475 57.72912
40.55846 11.78631 6.03960
80.67828 26.46157 96.87093
94.73326 85.47813 11.04336
52.30838 89.85011 74.07155
91.63047 68.69966 98.22309
58.72159 91.27272 51.34132
66.72840 57.61082 52.79448
51.11183 70.38436 52.93534
97.79646 65.25049 75.86268
95.06078 76.38739 79.60815
80.99288 68.93591 91.74763
73.44304 95.95304 71.59779
94.40529 90.03369 26.43276
73.02541 41.09007 69.76639
63.86686 58.27487 63.31305
97.46604 61.07990 95.75380
34.55295 90.86782 95.05162
69.98911 17.28483 69.54935
10.92888 32.94688 38.91849
56.01926 99.81153 87.25453
76.11259 75.31770 69.10232
73.94020 74.63910 50.63624
79.69411 85.28898 76.51242
77.15205 25.15719 85.77953
89.16691 95.12462 82.62874
90.76150 22.67719 95.67826
79.74724 4.17264 88.16534
52.64012 63.36837 93.37838
93.58174 62.53431 81.29322
78.42791 85.30865 49.03123
37.39695 71.69603 69.48280
41.07224 76.72122 92.29800
57.32103 88.39995 99.29145
73.25508 28.57826 83.51384
83.31353 99.16083 94.63479
6.90151 9.66108 25.27502
95.20565 75.14947 9.01895
37.01684 3.03629 35.20411
93.74415 95.21419 31.21301
64.89259 74.25424 65.18174
87.70610 90.18984 26.08763
20.80021 19.40001 18.64161
58.44768 78.13610 92.36938
50.64890 81.26060 83.71985
64.57917 71.55333 80.66054
92.65430 97.16907 93.26415
80.75958 44.02123 84.79834
85.37511 95.63854 21.18098
91.26632 72.38566 22.90572
87.30727 50.43068 65.14385
90.12815 87.35056 68.98813
15.71287 90.63583 69.71201
68.69866 86.73210 14.52812
70.05862 51.27964 84.42802
29.79129 9.70010 2.84780
60.10925 68.43369 64.18926
97.39858 55.85269 59.58039
68.07475 94.54954 85.36513
69.26749 21.84004 72.38536
91.80304 75.14404 23.52533
20.39594 78.09061 70.99877
54.17006 86.22614 69.68325
25.15108 7.80949 45.15044
84.39559 74.86096 94.89495
77.03822 86.08776 87.28959
88.58341 41.76386 71.19279
96.86411 83.72799 38.49004
83.89550 85.89937 88.41751
90.96157 88.79726 66.70913
86.31176 29.30496 93.83194
53.35971 96.18677 66.87802
67.47042 71.24483 50.74953
45.52792 38.08278 47.20048
70.62856 72.57889 95.34882
93.45198 3.53035 88.99210
59.05463 88.08980 80.24645
95.70529 3.48174 68.80716
94.74239 94.89167 26.44548
59.98733 66.69470 75.06356
97.22753 75.10328 92.74011
38.35630 92.58261 96.14966
91.18401 51.58880 57.97146
20.33360 88.32978 74.01701
71.51202 80.62297 92.69953
81.33484 67.67180 29.56220
84.04512 50.70390 78.25864
79.34050 73.09197 60.06018
30.48072 20.82435 23.75084
59.17629 81.18288 53.02048
77.95970 79.51406 63.58977
67.34731 65.80659 54.84303
87.47900 68.95592 95.50720
5.78552 98.44028 70.50058
80.67848 74.67266 27.47623
88.42506 82.11816 68.73869
89.83795 60.44224 77.33819
12.26311 36.10644 17.49249
89.79173 86.57520 96.67053
64.16191 93.21930 69.70015
22.23124 83.15608 87.32651
88.54801 55.80446 65.61143
66.78474 71.76870 40.49265
72.27016 64.12318 54.60419
49.91795 74.01279 83.00473
88.76516 70.01361 54.64249
64.72022 65.15863 58.83294
66.60537 53.16588 57.91536
74.66607 69.54117 97.28581
77.49318 90.94455 60.01562
88.25206 27.56976 77.10146
90.05990 84.58370 94.34297
75.33656 93.73401 64.29414
97.24943 90.21065 30.89988
56.28837 89.55280 79.22248
71.18057 90.08729 59.16140
90.34062 95.59546 19.97715
50.89469 99.48156 78.28345
56.27294 80.77703 73.74964
52.71686 89.25433 75.43978
54.06401 59.51970 84.47968
98.66971 66.98673 79.31374
74.80066 90.23354 62.25204
24.26726 41.49295 18.95951
69.94664 85.96892 52.14914
23.67925 98.07828 86.45204
94.98808 74.33190 12.07945
77.17238 77.03064 74.63290
49.76522 99.05880 88.04430
95.61310 53.91516 56.81958
73.73035 65.65276 97.00283
63.00999 52.53244 56.43926
70.30280 69.96543 61.11933
24.60652 89.78563 82.09976
50.18310 86.28918 98.95169
90.54409 84.42233 2.00210
52.96151 70.19628 81.81806
79.54824 82.17524 80.09457
84.67979 53.31360 55.57551
81.12381 54.34234 85.37096
94.99358 97.06119 16.49477
76.68207 68.29409 55.11594
79.43666 50.09088 97.76478
70.59247 74.22280 71.97901
70.79755 68.84009 96.18595
29.99136 18.71636 41.35308
81.15992 59.16362 72.92854
90.66025 15.10806 98.06722
8.46359 33.70990 10.85389
64.36363 58.79844 53.68407
17.66700 79.12420 77.08657
98.20232 85.64296 68.01368
20.93725 76.56633 87.26710
80.17886 82.58923 80.17581
40.22394 83.11970 72.48744
95.77799 73.22232 65.86698
84.68498 85.47982 14.51216
74.63142 80.29494 74.66873
94.01498 40.04295 90.25796
88.27091 66.24186 96.14632
99.92902 54.41727 66.04230
93.90829 66.18467 55.89711
20.10764 2.65121 44.36540
30.89575 39.33176 22.57337
76.35637 77.86194 72.13362
82.32549 47.05339 93.78995
98.37854 67.91858 75.83477
85.84097 69.25457 59.24279
76.31301 73.74139 91.11110
84.53183 93.13372 36.09984
98.43585 58.29251 62.29916
91.52363 83.14520 93.98762
92.59145 53.85105 88.68809
95.00232 81.62272 72.82432
65.50655 53.73520 50.61157
34.07087 92.10088 77.64815
78.90739 44.18740 90.80260
82.40443 51.64069 74.98793
61.31295 60.48808 61.70751
72.68035 5.40283 78.20518
95.41847 66.72365 34.42461
90.55914 57.87310 63.73772
58.66352 70.15212 52.52377
87.26157 89.72601 19.20673
74.11301 88.50110 92.79427
99.52635 85.78712 33.15301
83.77314 64.13162 77.85676
66.99146 79.21166 84.50206
94.92152 57.87845 87.56606
26.74969 8.44407 5.88922
79.10254 85.52146 88.88761
96.91574 91.36889 38.72830
25.18375 87.73894 80.06626
81.40771 70.23162 20.08285
66.61292 62.80129 84.80229
75.05043 77.83126 38.52685
64.40974 59.49106 53.21517
97.15242 20.97810 87.24659
62.43680 52.95405 98.76291
88.62742 75.81319 50.66333
88.31700 84.08165 76.62908
62.57594 59.00842 63.66204
71.31868 95.24050 86.34549
81.70370 78.80773 47.06833
74.48719 88.54280 77.55540
63.04668 69.37034 70.36550
78.54296 65.60920 92.36719
84.33165 86.13486 96.53475
55.84295 63.28753 90.26658
4.05965 49.86151 40.57649
74.37245 73.41969 89.34897
57.99424 57.60950 96.98221
69.47479 78.94602 78.49334
68.82315 72.14712 93.47100
26.12542 77.75441 98.99744
52.23552 51.06906 91.66334
52.38076 96.84643 58.34881
43.97114 6.63310 35.39192
27.39435 98.99147 92.96447
50.13022 81.97719 65.67977
73.18366 72.25089 60.74130
47.95796 15.59139 15.47445
30.03083 78.52066 81.31574
79.90206 76.66950 76.78963
75.09462 74.84457 87.66498
54.01789 76.25207 85.03694
67.25631 72.21318 93.77082
54.08508 79.54262 59.15927
83.36175 47.12539 75.35587
72.71118 23.88067 69.49265
66.44064 64.14145 54.20841
77.49974 73.13216 13.74093
67.57444 55.35769 86.54104
98.49458 85.46554 92.82377
85.02943 13.15969 85.08476
92.70510 84.13917 64.16133
96.47140 99.00989 91.81241
56.16023 62.94342 88.38486
75.06478 91.30991 89.40613
90.58929 71.69849 79.34922
34.84343 3.78997 34.16148
64.38553 52.63375 90.62099
78.17694 86.24766 66.63093
82.54734 56.30558 77.36875
91.57637 60.51545 58.77650
82.68103 50.41024 69.53965
5.22496 33.13154 36.38447
62.66793 94.12742 62.11602
77.42723 42.54801 91.92962
80.58517 28.34469 98.94994
86.37333 78.02136 66.70468
64.18335 89.98416 75.50319
91.97376 72.05138 72.19404
61.29929 85.16342 74.69797
77.68730 58.47883 61.99203
50.66854 76.57388 77.14207
90.57493 78.61274 64.00901
58.89652 55.47074 97.05812
66.42050 76.94739 82.22954
23.99244 91.68597 67.80477
20.06663 1.81724 24.51242
6.79265 35.59579 29.69244
32.83528 24.23585 38.53996
80.97089 67.12314 31.83852
17.91119 88.74505 73.97375
86.03672 61.09721 63.91355
57.95068 62.39142 79.74454
50.91701 58.40405 62.39462
61.39542 96.65431 74.85612
89.69151 99.45374 69.62440
51.93769 84.86692 92.29852
5.64853 99.80018 91.34421
95.85969 84.63976 60.48738
82.93989 46.22887 83.30408
95.45469 12.31110 74.77075
56.36436 54.46360 72.12174
81.98171 1.52485 67.13147
51.17754 64.07419 78.41988
58.75662 85.27373 98.65304
91.78641 81.82310 50.49127
98.76053 85.77555 65.44198
92.49243 58.16455 84.06202
60.80402 63.95216 96.18897
82.55161 24.43419 77.89723
90.73039 59.94874 57.92859
