100.00000 100.00000 100.00000
15.25294 8.99917 5.30840
24.14016 8.15881 19.07841
19.03165 26.93790 13.41055
12.12630 3.64281 18.05260
2.56800 2.89253 34.58072
32.35485 22.84870 17.45944
33.91718 22.00433 30.16996
23.64482 19.46829 31.50829
32.00596 5.46935 7.88458
29.99640 29.82113 28.56414
29.97982 29.29681 28.23720
9.76482 8.82765 12.42482
5.40416 34.33359 27.88810
29.02704 11.00419 18.31223
23.30321 34.41951 18.48587
31.34605 23.71764 24.67761
29.41716 26.85162 27.62343
34.06775 27.69350 9.98798
14.29853 28.49995 23.99484
4.94202 5.55658 24.57317
9.83487 28.94491 19.21765
2.39769 8.32649 6.02315
6.12449 3.00415 21.47262
32.51652 31.10473 2.80950
5.07662 23.25586 7.24180
21.12355 23.00101 28.28600
12.46725 4.87349 9.43711
22.47146 15.90924 1.55431
1.61879 10.63921 9.03847
22.51847 29.89921 11.11477
16.56019 5.93217 33.54120
29.61741 15.33562 12.70053
30.29789 5.39309 4.41959
20.55190 4.82216 21.12161
7.01082 18.60385 12.89805
14.13505 1.76949 1.64117
18.03333 27.91082 6.09785
10.85663 2.35473 30.72546
5.68787 11.72817 10.43102
10.48822 5.54977 11.74196
4.07621 2.74033 28.24123
32.67190 8.90382 19.22438
29.47041 25.58277 29.83455
18.84723 17.65136 18.40213
28.07740 12.20142 30.28692
32.66636 12.10894 25.92065
7.63769 10.10807 11.28599
7.13633 8.24038 2.19088
31.84697 2.81452 18.75296
16.24693 11.37002 12.31695
22.05400 33.09324 32.11118
10.00302 11.57527 19.44530
19.37985 21.41940 13.40479
6.39144 6.72598 24.89519
2.60902 13.53270 26.12534
8.75366 25.01205 18.69104
6.25753 15.30028 33.56275
4.18020 19.82296 10.16810
27.01813 6.42461 32.48336
33.48214 34.51330 19.69924
8.93858 6.61600 27.69582
6.29564 30.60012 11.18571
10.18258 10.77311 31.34206
32.61090 33.75451 29.67155
32.87927 7.43559 14.57967
29.51996 23.16000 20.95535
11.88716 16.55376 3.47310
15.94960 33.22068 27.28414
1.15620 28.77018 17.78240
18.13080 5.26731 34.14998
23.89801 11.96752 26.17339
30.37152 29.71858 31.78433
31.35008 32.35917 3.03920
26.42432 15.12897 31.68101
13.28529 14.74895 21.33785
7.06873 32.83188 11.79974
2.06565 11.66824 19.74362
10.50003 26.68249 2.38106
24.78297 22.16093 7.47457
5.24876 28.05424 7.54212
2.40708 2.09847 24.91973
4.70161 15.45065 14.17112
21.84829 21.27399 20.14290
27.82743 21.67853 14.61294
6.77869 2.68691 27.60419
27.72032 32.58545 5.31882
8.09817 18.91651 23.69984
18.03162 14.10390 20.03796
4.62422 9.66136 3.61074
32.35223 34.27842 16.02255
22.17013 11.44278 27.59995
13.87444 23.35619 22.46266
21.97792 5.52990 15.38723
25.41809 19.26819 27.14393
5.69769 19.81139 5.57678
32.63240 17.19140 6.80657
19.75945 20.16865 6.27621
14.86815 12.64474 30.63160
30.63161 25.61326 13.92244
21.70465 30.54488 23.66640
24.64139 6.15811 8.72362
30.19163 18.60702 22.69402
29.72711 4.69196 5.76157
25.78843 4.34571 15.74220
2.78339 21.64967 20.14111
32.34951 5.74505 18.62253
29.46107 23.06112 5.74384
26.36062 14.70783 26.49201
33.03974 12.05548 33.29775
12.29934 29.96224 5.77051
30.59507 25.25500 19.23248
16.99844 14.40074 18.09600
29.47478 12.00415 3.86327
31.36240 33.53587 12.45337
27.04120 1.24692 26.82708
22.19844 8.46886 31.91180
1.04556 4.51936 13.42765
21.39746 19.30598 5.86672
14.60790 11.86309 27.41163
18.73068 32.05885 21.57105
18.88493 19.93986 31.46763
8.93308 10.61327 9.13975
6.62850 32.12097 21.64999
34.37409 34.40963 29.38048
33.64527 18.14974 5.65452
17.69313 8.32400 21.37413
15.68809 13.30472 33.06223
6.32000 2.60923 15.96443
14.35040 18.49244 32.15850
10.56394 30.75259 17.49787
9.23720 3.59192 9.03823
26.67660 5.88480 16.91880
32.36650 24.07390 4.24322
5.17287 8.96771 30.80087
29.86700 28.08009 13.47964
17.65503 28.15339 34.84991
19.76781 2.19364 7.69348
1.09520 22.83274 4.30313
29.06508 32.13158 27.39400
28.68063 20.63554 23.89933
29.65477 12.69162 15.62779
32.37841 18.75113 34.31205
22.06220 25.78187 24.99646
22.96514 1.98793 4.88678
15.71145 27.00323 24.93988
9.87883 14.76079 20.34623
1.25098 4.07131 33.24324
28.29412 10.22336 15.22807
30.01849 5.04256 16.76523
25.19106 29.30267 8.04755
8.49674 16.78748 15.12134
23.82373 34.40426 5.12760
18.17547 18.34897 14.50770
8.89140 26.51077 24.23930
23.25029 22.79546 17.75931
21.01091 9.91601 34.26847
14.50482 10.63133 24.47935
30.35151 30.73279 26.47392
6.99981 10.50167 16.83910
7.79735 5.57857 20.99346
29.69556 24.67012 30.95016
16.37959 18.47535 22.57541
34.66045 33.00521 4.76847
8.88923 22.02367 14.16323
20.90819 6.41155 8.50216
14.83993 6.57788 18.36457
33.75381 12.52963 6.74542
16.10303 34.65299 22.43502
20.51324 28.96534 27.25313
16.21147 19.90145 9.80590
19.97862 23.59910 26.92598
24.40385 22.33680 6.01587
23.21957 27.93772 16.88052
4.15780 3.75135 30.34621
11.41880 32.16912 14.66749
20.75572 19.35317 22.41612
17.27046 26.44631 9.79849
14.64211 3.03056 9.31413
30.32335 8.23955 13.03394
17.19058 10.01022 22.71433
11.67479 31.01814 3.07378
12.50566 26.21785 30.66433
22.25298 28.08207 16.64225
1.71676 23.63648 20.64821
26.56932 7.15573 7.24783
3.40914 22.52754 3.72310
15.81431 12.15887 14.39523
21.12411 1.41644 3.23455
30.36901 24.50077 15.18469
3.98751 17.54281 27.92447
33.38876 10.78486 28.08507
3.18456 4.00274 13.46140
26.91033 5.99610 11.38852
34.96520 23.72780 34.11018
18.33818 27.99360 21.02154
15.89092 28.06386 14.66144
12.79261 9.09106 29.51071
20.82899 13.33610 9.45366
32.98717 17.04991 4.23154
24.16566 8.57500 15.80623
17.00408 4.02901 18.86035
21.02466 18.52311 1.65528
3.04516 13.49226 24.49157
34.46378 26.93307 25.54505
9.03937 15.58532 2.59735
25.10080 10.31049 27.12414
34.24583 34.90451 18.10603
11.98063 16.18306 2.99432
3.10425 16.23145 34.76411
8.40069 33.18400 26.47768
16.92131 12.96942 20.31109
17.06442 14.04115 10.18095
13.05574 14.06693 4.25041
29.01343 10.20159 1.96115
20.85135 32.34033 21.50187
17.42575 23.88257 11.93205
9.08978 24.66635 30.67243
17.76601 15.88471 24.87980
19.13484 33.14344 20.73637
25.84586 15.77873 33.64052
31.43795 12.43899 12.14856
8.50871 18.65149 34.93960
4.33927 21.27248 26.08167
22.88290 14.60248 24.39179
12.84821 2.35711 16.96535
3.09913 17.49559 29.06606
16.97752 2.12559 13.62654
33.47135 21.91156 28.93779
34.10143 23.01097 25.55040
24.76382 19.27599 30.27010
24.10017 22.38102 33.32867
25.05014 14.11111 14.96602
26.91808 19.52798 15.05540
30.57883 32.66571 23.53176
18.62822 31.16394 27.16874
25.43170 17.36095 23.70476
33.30718 12.25702 29.85081
23.23947 11.72383 26.77198
15.64174 6.64153 31.19211
15.27130 24.96221 2.04608
1.08315 10.66608 17.81937
13.77316 21.92543 32.88259
18.81016 1.93700 13.42376
6.72131 32.06423 6.66637
19.62592 33.38024 10.28198
8.44284 3.29795 28.70653
30.19632 22.69083 7.99084
11.76201 18.79071 18.98390
21.07362 23.20254 27.90303
20.74238 7.27293 7.98589
6.55320 4.14537 3.44433
8.86939 28.47206 4.06260
31.79473 20.18165 24.31817
23.93823 25.90971 12.74848
31.71240 24.19609 10.35113
12.89111 1.80664 19.89828
18.97674 12.02238 21.08553
15.77782 7.58385 19.07324
25.99205 7.01563 30.68864
32.18193 24.95905 3.48884
19.57504 33.22747 5.67058
3.34639 2.69181 2.16706
34.22823 33.58917 26.66377
24.52553 19.34518 8.49472
34.26514 13.03880 22.98779
9.49942 20.97016 15.12935
28.72666 23.94064 2.99635
4.32390 27.28781 20.39546
27.82169 2.93640 19.77026
15.37862 18.39739 31.36168
29.33974 34.37416 7.99925
13.84296 6.29730 32.93918
3.92037 27.88122 24.71887
26.23202 27.62212 32.79326
27.28260 16.57787 8.39758
22.13002 16.26704 10.21858
7.22685 13.60970 32.19139
10.82510 1.23484 31.18068
19.07548 28.29258 15.32939
9.65295 31.56483 9.62831
6.55740 1.64485 30.67483
3.58765 8.69512 2.99836
18.07651 13.37093 6.83407
26.90102 19.82620 34.85343
27.51491 12.32425 33.51507
3.19455 33.08464 5.00005
22.83505 15.85187 26.14061
12.56078 31.46900 5.73949
14.33999 23.36243 5.83984
10.34088 23.97602 23.32535
14.08531 34.32305 33.16079
33.60027 8.68381 26.30548
33.93147 16.94644 26.12054
9.95782 14.49160 1.86827
32.44241 11.87608 32.88072
25.11452 30.59698 9.12614
8.96058 12.66387 9.75476
31.91332 9.51434 34.90711
5.95153 25.88519 30.40714
15.08145 23.95714 4.16678
9.85642 23.15259 25.07695
19.77484 8.13967 27.79629
7.35729 15.06770 19.13656
4.28885 10.85067 13.81525
9.94776 23.09990 33.76323
24.79790 11.48741 25.38697
24.96405 10.64247 3.71726
6.03628 26.77576 10.85922
30.52167 30.59787 7.55885
32.58134 26.91831 19.32510
21.46319 12.83705 16.57103
8.88480 20.13716 20.82132
24.91524 14.84299 14.92258
25.10453 10.45747 10.27549
9.79615 12.93029 10.58903
21.86050 1.60834 15.92712
1.37848 21.47136 31.25160
18.95409 27.00609 30.16380
32.55267 9.38439 28.92592
14.08268 30.42058 10.62613
18.55099 22.36703 18.48031
27.36368 4.08079 29.33110
18.56163 16.12143 12.78381
1.43735 5.63866 17.13216
14.15461 30.00934 9.08802
4.74405 15.91544 28.92342
22.74643 30.29164 21.58424
23.66487 27.38164 12.90485
17.52474 13.53303 16.41244
24.87839 1.12037 26.32312
28.72955 23.87198 26.56643
24.46436 1.74469 13.79514
28.96740 26.85930 2.73091
24.15527 9.77322 28.04364
8.93952 22.60605 19.87095
1.44493 31.59958 17.30974
5.85947 6.83860 20.15752
4.82950 1.73516 18.26582
21.62708 34.99338 16.31957
7.93459 31.81871 30.17929
27.57728 16.71241 28.11017
23.62896 26.03333 7.59114
11.22946 5.01114 12.58775
14.81844 22.14283 7.24756
18.85713 10.04857 1.16683
17.60130 7.66448 11.23130
22.03067 26.04497 25.10611
7.88474 23.66796 29.18077
34.80571 26.23518 1.88044
26.83594 24.55216 20.74481
20.57257 2.62335 1.13205
3.08906 8.69860 13.04911
27.91823 23.84001 10.45205
24.48061 9.90710 21.33661
21.20499 31.77627 22.53969
22.26786 7.63508 29.83156
30.58066 20.87508 6.21330
15.41631 16.30918 8.00412
24.89039 23.52926 23.13274
16.67607 18.60567 22.17624
10.11594 6.52648 8.61916
9.74619 28.02932 3.40073
32.71016 34.64134 1.23216
5.21273 30.30477 32.26444
28.40631 8.16571 5.13280
19.41529 27.71601 10.86946
27.61232 12.32815 17.90809
9.55763 27.21385 5.05653
25.70607 29.34662 29.30820
4.40066 22.37056 1.50779
9.15919 17.71726 10.85470
16.44518 23.15869 28.76349
9.94278 32.39889 19.16964
20.45359 18.36734 4.87903
12.84385 24.50625 2.76354
7.92292 33.60160 27.46737
29.62799 6.07170 8.83923
22.27020 2.47188 13.42404
13.68055 2.64247 4.67444
19.34777 11.38006 32.54141
23.54116 27.08080 19.75314
28.70908 29.38629 20.62946
24.69988 1.47696 32.94663
6.56912 11.58930 22.22321
7.94912 4.32404 12.28433
23.82726 20.05846 9.18407
11.68992 29.61592 3.65341
34.81493 14.66873 23.97163
24.75076 30.01113 26.20714
28.60852 21.99724 32.85622
33.19063 26.73826 17.32388
2.17959 1.06091 10.11710
34.75547 29.20377 16.02610
33.73639 3.95472 30.08810
28.91580 34.61546 11.19785
9.82865 14.06947 30.76164
16.83269 25.98821 34.68099
4.81295 9.45367 16.63459
4.78982 28.98474 17.43340
14.70690 4.04884 10.32259
4.87759 3.79676 22.57875
33.44432 28.25386 31.04516
9.54341 13.60089 11.60277
34.50434 13.61327 34.47497
13.98887 31.71905 33.99579
17.89772 9.50452 32.30402
31.53950 34.12969 12.79194
17.37268 22.78181 23.56276
28.88074 29.36978 2.00868
5.82121 6.05482 21.48575
2.22508 2.78347 29.13259
12.17709 24.55063 4.25889
12.12046 21.60045 13.80157
7.79993 29.84750 14.08843
29.24270 2.94639 19.34703
6.44198 22.40050 30.17374
8.58811 2.88101 30.08228
6.68635 16.04421 22.91140
6.63875 7.84636 9.09949
24.05904 31.08152 23.39323
11.13394 3.15097 33.39016
31.72081 1.76333 18.22538
5.91575 32.18055 18.36624
23.57689 6.52238 23.74810
15.59004 14.53550 2.41402
14.71816 22.14191 5.32573
8.20052 24.98336 25.38741
21.90160 30.97644 16.61528
14.75819 25.04342 1.63138
31.16086 21.86224 20.66207
3.29430 14.99092 32.53755
13.24612 15.87514 1.52119
16.46133 17.73345 34.23123
21.04269 29.38364 31.29010
12.61460 8.88589 27.84857
34.90450 13.30567 24.12084
32.94058 22.41665 11.92088
16.47957 22.78585 21.46511
33.82318 5.59722 3.91430
13.63903 7.94477 23.22912
12.80379 32.98251 19.06256
15.71221 7.58535 27.77263
1.47560 7.64783 8.06948
3.00727 7.57520 7.54933
27.55265 6.39859 29.02254
21.13099 7.18068 30.49146
3.53661 32.65905 5.68475
14.67840 24.97573 16.44182
29.04461 32.26921 23.71618
19.05047 25.22303 32.55669
18.39823 15.43266 1.24737
28.20167 24.66493 12.93522
22.32346 20.62934 30.71391
31.30954 28.98682 22.25868
5.22573 11.62322 3.71061
17.86916 25.93724 14.55863
30.22569 9.62739 2.47261
27.57053 15.22539 23.31003
17.44892 7.86855 27.38688
23.96122 28.79779 13.98124
24.86510 22.59437 13.55804
4.78046 2.40581 26.31534
26.85711 5.43497 32.93876
32.08978 27.58254 13.40460
33.77551 7.37774 2.28890
13.27256 24.30576 33.56565
9.58382 22.08450 9.37273
32.58937 16.93377 33.08376
4.46743 33.21655 17.95513
25.14129 27.98660 13.32882
17.51914 24.79715 24.95098
23.30026 16.51432 28.93082
8.48056 28.44121 15.06403
10.33953 33.39994 14.78497
28.35393 11.06701 5.86062
21.66610 31.39866 12.36172
24.55319 1.07437 7.36612
21.93961 1.62839 12.63594
14.97633 30.88628 34.83985
14.47196 31.77333 17.98304
15.42962 13.92323 23.27881
31.09673 3.12457 29.64497
15.70615 25.06018 7.89352
6.68825 23.15702 21.66506
32.09314 27.11275 26.10209
2.75721 1.16735 31.94569
28.29899 21.75771 13.93396
19.55042 17.44375 9.49383
30.68100 27.10629 10.06695
20.68212 9.55016 26.18098
15.87367 18.49150 22.74644
9.02960 33.99489 17.23903
24.64635 34.92979 20.61026
27.33561 7.00053 29.41625
29.11062 9.32247 16.58386
15.45258 20.89328 21.96884
34.76122 2.48508 16.84057
23.66697 19.22510 7.61385
22.98840 6.07301 1.87021
15.21927 33.62364 24.81648
