100.00000 100.00000 100.00000
71.15453 79.90858 46.65778
9.67999 23.11603 24.21338
97.75815 59.67424 67.01590
99.20442 72.60030 5.43363
57.11330 52.90090 99.70614
22.67579 29.80556 40.34175
68.37455 68.52039 16.56988
72.68572 66.94217 10.49106
68.43396 74.22952 24.35612
93.74394 72.20193 5.19057
89.72631 88.42229 96.02349
83.45982 45.14946 82.29740
89.40001 85.15115 23.09948
98.23396 44.84428 90.33835
68.28467 83.35257 34.73527
87.44944 23.49632 76.94925
73.81763 78.14428 47.93930
78.08549 75.50803 16.60627
86.42613 78.19884 30.61212
89.91000 22.95750 94.81271
88.01249 77.94217 37.28488
88.51203 71.68987 57.24141
74.73140 26.60264 94.34406
98.92206 95.02036 41.82849
74.73307 30.56804 78.30439
93.60738 23.23473 97.38548
97.31949 2.65670 68.05202
69.93146 74.65557 25.59048
14.12058 8.13038 16.16751
98.47849 96.65914 19.16123
69.75463 66.73895 35.75598
78.90933 92.06129 33.44302
92.90792 78.21592 10.75817
95.62141 72.60208 2.78699
54.11499 56.76832 73.80671
71.48811 97.22936 93.96327
90.45299 80.09191 29.32245
78.83184 99.36314 8.39808
76.24225 98.55715 12.16549
88.93484 69.37090 28.12176
79.79986 92.68302 17.11527
91.98688 82.54862 37.40840
31.63319 68.08957 73.98388
83.00884 40.14267 73.68296
89.37386 89.68667 14.89819
91.96997 74.73491 46.31099
47.39657 97.73456 72.50529
89.85706 90.24413 44.16139
6.64542 80.63245 80.99212
20.45630 34.61170 30.13045
99.59500 63.84618 58.28057
88.78506 70.84731 32.01103
70.03441 91.71433 25.00376
69.25923 82.12592 46.56691
81.25256 96.85045 2.81932
45.96510 67.04923 92.41838
80.96889 89.43604 19.69252
87.16775 38.49649 94.70131
90.81966 39.97665 92.49812
83.77892 93.22908 48.29243
87.53895 81.51075 29.43106
37.09448 79.11268 93.70280
99.28399 73.56186 6.41648
97.52649 99.48057 1.00340
66.92999 75.02778 53.85182
88.04149 65.76036 87.78831
14.43061 68.56966 95.00853
79.85352 86.70926 27.94936
96.49357 81.04829 10.35594
68.69174 83.51332 29.47072
91.92200 68.08903 13.50858
91.13291 34.19359 84.00868
69.82080 80.67804 12.61673
99.05899 69.99613 23.96770
96.73932 83.72820 10.53411
29.79005 68.65473 69.59371
89.23970 73.74509 29.53793
88.97925 78.25656 28.38813
72.95957 87.08385 2.89039
76.20773 78.63004 37.51388
86.02839 73.57977 45.78363
23.93870 14.67522 45.94012
95.36262 77.01002 45.55808
98.40153 99.40738 18.20662
69.71895 80.30159 6.33251
80.15603 78.86516 33.78621
5.55616 16.20801 47.41932
75.87146 89.28740 8.66111
97.46218 84.51891 46.57044
85.12546 29.79737 76.05895
26.46148 95.28198 81.93570
83.75868 60.71439 89.80429
88.97894 77.13316 38.00208
91.68779 67.89032 17.71707
70.36655 92.05816 4.45447
92.53897 93.60453 36.90288
78.78698 94.36014 29.73434
84.11262 66.86357 98.90357
73.41450 67.32238 16.17874
24.86592 84.90475 67.37677
95.51858 82.76526 34.69113
73.10345 90.70658 37.44774
80.14108 96.30569 24.90930
13.91750 9.73445 31.74432
91.25715 69.39729 42.20847
96.13869 81.48858 36.60908
98.85490 79.56879 6.27319
90.80076 5.69089 94.57456
97.44710 78.44612 48.96649
38.41648 75.96303 92.83696
84.44526 86.49143 23.05100
81.12900 83.88357 23.67359
21.43014 6.62455 11.67124
38.95446 33.89053 18.53466
98.47566 77.34653 24.79152
94.81948 77.97600 25.32715
86.27946 92.26149 73.33518
26.61778 89.10470 73.55162
90.24421 96.32138 30.75419
54.01037 96.11802 89.71485
78.74220 98.08705 5.02490
60.66204 70.20853 62.64739
17.18055 47.84543 20.36371
91.99817 72.32214 23.82766
77.16667 69.18728 23.82547
74.76212 6.58043 73.25878
74.41471 87.71785 36.61312
17.13753 35.06974 22.46515
70.73755 98.35990 10.80218
2.10143 79.22789 94.14624
35.53506 85.26005 68.22665
19.54007 22.31872 16.54352
84.79014 78.61859 14.22866
66.93822 80.37373 23.58001
87.32375 70.08013 14.29074
87.72657 13.37565 69.42302
77.18128 82.86294 13.65142
89.62812 78.74970 46.72812
72.78780 87.98823 7.43272
92.09684 84.46974 86.74159
83.10465 42.21067 91.02668
79.84173 69.75999 13.96873
84.04250 83.07165 24.28606
70.28436 88.62540 41.00979
63.79612 69.52009 94.28605
99.41312 88.07770 93.83493
17.48555 95.01393 83.38285
54.78613 72.47746 52.33482
94.72767 58.49306 91.81956
65.71281 99.78777 86.93462
74.16176 9.65038 92.06588
12.46036 77.02428 92.70479
83.31643 41.07556 92.24623
83.82984 72.81188 33.15348
13.79216 2.06666 19.90527
87.37624 74.34683 49.02940
76.00386 94.04276 41.49773
99.73732 72.57361 5.98069
5.21419 89.80061 71.18338
97.56635 90.07884 47.41989
81.71108 10.59373 86.65549
46.02742 95.70733 78.88353
74.49456 95.05170 23.34851
89.20799 76.60711 42.81823
55.47634 86.33076 90.65531
99.26257 21.19634 98.67670
68.87387 85.81493 13.23006
34.32826 83.65296 69.65622
86.36908 72.84803 48.61395
49.81403 6.42438 37.15008
70.08572 79.31378 38.69860
85.67492 76.24017 66.31849
27.00777 79.56207 83.36118
48.64376 28.59392 21.31772
80.53711 51.78608 59.45811
64.94449 72.11560 90.51413
93.24725 60.58046 76.73166
81.15735 91.96132 34.77626
77.10467 10.52915 96.18214
27.79317 80.87011 72.66418
95.38815 91.70088 2.03403
80.28457 43.29933 85.44029
71.38866 90.96616 41.21484
23.91193 24.70091 13.07111
71.12716 85.54965 13.35481
74.29101 76.17377 42.14961
99.42830 81.56531 15.45254
71.67525 47.27079 93.63456
67.68480 76.25140 12.21080
94.12603 94.29862 30.54269
77.23762 87.62335 46.73711
79.34094 13.19157 78.15242
98.47757 77.89231 35.62596
57.45257 98.06724 52.35817
99.20345 70.53832 51.42811
70.91989 98.61549 21.48951
98.16403 76.38972 15.63034
71.76507 67.69486 7.20748
73.49227 69.50209 20.21489
71.10529 87.49061 21.44154
81.18606 73.09316 22.37944
41.89090 15.51847 23.42749
84.05247 4.80255 92.18780
70.53061 96.22215 34.01799
35.61613 80.72633 95.24328
81.09894 57.94063 89.60995
83.50216 99.19147 40.42324
31.63902 67.74507 86.41631
87.75054 78.81985 21.06186
80.79244 96.93475 48.82400
91.12628 13.55804 90.92939
92.10730 95.79790 3.07747
80.02340 70.13445 8.03324
92.58217 78.10843 7.53681
71.91203 93.36456 39.84823
85.73834 1.37580 86.81784
94.89681 16.88064 70.19560
44.39906 13.91319 20.08635
8.28676 34.94108 46.31883
82.54428 16.30928 91.65141
68.59139 93.12608 45.18679
98.13857 19.22475 84.87129
84.75724 8.69107 91.27222
90.49043 98.96318 14.69894
99.68140 83.55216 17.97745
94.20920 94.14022 7.96690
79.54797 68.18807 68.94799
82.72811 97.63246 32.89054
72.39626 47.48520 97.30818
44.19977 72.89320 77.16838
98.62572 84.49759 38.25052
73.08958 70.20914 8.53846
97.70048 69.52670 46.75751
71.65220 36.53993 79.23329
74.07994 15.29123 70.41609
74.86063 66.73048 48.77136
75.65927 91.85749 9.79250
69.04987 68.65196 35.81110
75.41392 69.38712 40.05482
68.79585 77.86251 39.72601
98.83165 78.68899 32.82101
83.25375 88.30867 39.28554
98.93886 80.13731 43.21419
17.31968 74.32693 94.87910
77.85191 80.24122 23.97447
30.60848 95.42148 86.76501
69.03650 80.50118 12.80389
36.39525 39.58867 25.23770
72.67936 45.13507 92.03705
93.88840 83.72515 6.19843
67.79232 87.78750 24.22268
71.57214 95.86012 19.89988
95.73281 55.41133 88.38873
77.42950 75.91049 21.48364
29.77153 5.25419 28.50080
99.21100 77.84131 37.31895
66.95138 70.74467 8.69742
84.74362 82.18952 11.02718
26.07390 77.15720 84.76434
35.55266 73.69516 72.64919
86.35816 90.23543 4.56827
69.26666 74.72682 86.38261
99.79612 79.78687 48.35160
26.06652 8.44418 25.58471
69.89869 73.96664 25.06134
94.25142 84.74921 47.05285
75.97039 93.05920 38.13226
68.38738 72.00161 21.32452
87.17896 43.07634 97.59327
83.83264 57.53474 52.98065
83.09843 97.18256 10.49547
25.00272 48.49793 37.20786
89.62145 88.85490 21.27627
38.68281 84.78844 94.51209
99.66776 81.43798 91.78827
98.06747 75.14358 5.32174
97.82159 72.77281 8.26068
33.26149 67.92214 97.68524
99.92716 39.30982 76.94224
72.35532 79.48731 21.60377
81.47124 89.70419 23.30151
39.27323 3.21320 40.25390
5.23612 12.50442 25.04832
92.48700 73.68688 27.59803
89.50585 48.74183 89.59206
93.77590 82.16607 2.75340
84.59850 91.02773 2.57971
68.51461 78.20065 5.54380
97.98985 72.58682 38.90585
93.27657 75.21361 1.10436
20.66554 83.85862 98.09662
71.81635 93.03627 16.39338
76.00007 81.05257 26.49308
79.63992 86.49088 41.37252
75.50336 71.35287 35.19290
77.28350 88.37176 16.55789
19.21415 66.75000 81.62716
81.76186 69.57230 48.14655
79.17721 19.75487 89.08105
67.65108 82.33005 17.83299
98.75405 70.31218 41.84159
93.77354 87.12204 32.51034
94.29444 89.14754 36.21559
91.19166 77.30519 14.78092
90.63491 95.98317 32.51579
72.99235 99.41478 15.89308
73.21155 78.52911 45.29372
76.47359 97.82313 43.76860
75.53069 76.90754 48.39709
78.17017 93.44067 15.87361
69.57834 95.09196 13.08956
99.39491 98.05698 5.73429
91.62624 83.09972 44.79635
41.92468 95.74797 75.17579
95.30648 95.72063 17.41475
75.25142 38.97773 80.83392
96.99646 95.63639 3.46328
50.83231 63.32334 89.63891
10.74250 77.18296 88.35256
97.35951 84.50477 40.30023
75.07090 96.44871 25.91670
89.77053 71.82271 26.31503
30.36529 49.47797 45.81009
77.61107 87.70769 30.08490
86.24672 99.70987 23.90724
95.70427 91.71661 41.79623
72.04586 19.85897 93.08004
73.02822 69.66363 49.92034
92.64354 78.28270 36.45256
99.76601 87.89534 56.75425
23.87862 87.04100 76.32258
22.20554 44.50808 42.22713
85.33463 47.30567 91.72979
95.68580 90.02279 38.78291
94.46948 81.23213 34.32684
79.99485 4.87841 82.41112
74.35574 83.58442 2.36525
98.60738 86.76057 59.23192
54.46405 58.40290 55.44090
69.54799 69.55048 47.75760
77.98194 78.19750 45.75208
16.46665 67.40401 75.35031
68.58963 89.36033 33.27805
82.09655 42.79541 82.13175
12.37648 99.05481 83.28332
74.82455 10.25553 99.48853
99.41652 61.17135 58.69550
14.37701 90.41602 99.00423
87.27681 35.33685 76.58209
49.65461 21.73736 12.27199
97.82387 70.15627 1.15330
77.98688 3.77076 69.26281
74.32683 89.95875 17.80453
99.77993 43.11640 95.27767
79.55149 73.84454 39.16989
9.79205 83.69399 90.19151
94.61716 93.70636 64.34719
85.29642 83.43226 11.58816
84.12221 84.25658 27.81893
96.16366 91.65157 30.49965
68.03652 86.93272 2.49254
79.20654 94.98356 2.34677
90.94424 94.32000 7.53086
82.30535 78.72803 4.96917
75.37438 69.79173 43.59255
84.43365 84.87855 44.42231
74.77432 78.09449 26.10632
70.60058 17.13319 84.68804
97.74892 99.82285 27.02465
72.75885 69.78180 26.70397
84.38716 70.62947 2.65378
12.35030 95.33900 88.33229
71.99991 71.90241 15.45828
40.75746 70.26251 83.15274
88.36530 89.39491 42.05939
79.23380 23.57630 85.56756
92.43016 96.55554 82.76858
85.30204 99.15518 44.09591
25.81344 22.21194 30.81159
71.52955 98.93033 23.14225
71.82357 79.62102 4.57049
43.59356 30.26252 26.18737
69.55602 78.67138 13.23508
98.19413 75.18691 5.60759
89.41737 92.24473 30.18665
90.30959 87.59721 47.51920
87.83390 51.80977 66.53245
76.13171 88.74165 43.67635
82.66886 98.86459 5.92400
98.85178 85.11019 17.01466
74.84657 92.65399 44.93333
97.34948 90.99899 11.14684
99.84906 70.18712 9.65821
2.95494 79.15355 94.72194
70.02061 86.92787 46.59445
70.82513 74.51322 22.57003
67.38175 72.26927 31.40573
95.22953 77.87953 17.00423
39.91395 41.81977 34.85216
68.18177 97.14584 21.37095
93.57641 17.10382 98.24216
29.18463 75.70398 82.45877
98.19865 97.72588 49.19521
97.89674 98.55224 15.82949
94.28611 95.16613 29.24230
87.21240 89.29715 33.32389
70.28979 69.72862 33.07921
96.64676 86.83827 35.19367
75.62230 95.00433 30.86235
81.39886 79.76189 23.62217
96.48196 78.78931 11.78249
67.91724 40.31327 67.34411
3.42481 47.21107 20.81109
14.11286 80.25284 83.43669
92.06393 91.14633 20.18017
68.25887 76.81332 6.04648
91.17106 35.64347 67.51674
98.09816 7.02144 71.69003
96.12672 95.76418 8.04478
19.48281 35.03593 15.31584
90.23370 35.70761 68.81489
73.06320 68.77388 22.13730
1.03189 39.68749 46.54487
75.55733 77.32826 51.36931
20.02412 72.97606 71.20687
30.62378 75.36885 91.06397
88.97151 77.36474 20.03085
87.81704 86.87653 26.45732
68.95933 77.39846 10.68926
71.25955 76.51967 16.62861
73.57058 99.43681 35.65443
79.01051 93.02982 5.71322
86.71240 80.31997 2.58903
37.74246 92.49506 94.75769
80.04815 37.40891 83.53187
87.00482 85.63320 37.27504
74.16809 45.07103 84.13413
77.44142 84.03213 31.35163
70.06440 97.87963 1.68835
83.03683 80.31863 6.87104
73.46448 68.37910 23.89416
11.69227 90.25985 85.75949
89.54818 77.56230 9.22053
79.91267 62.38852 90.87033
97.99780 84.98777 47.35513
1.03302 44.83071 23.28778
38.34822 35.79239 18.00580
82.03403 80.84357 16.14746
88.31601 94.01945 32.41134
50.65123 69.14004 54.40295
83.46078 34.09401 93.18359
24.88700 5.31572 7.58460
67.74620 84.99899 25.35293
84.99716 72.97857 11.78112
69.37191 84.95087 16.31697
74.89434 94.67700 12.18960
15.91905 7.52792 27.00636
40.10333 35.99004 9.68640
49.94401 6.20111 25.98856
77.41556 79.22123 25.51976
81.46564 69.20249 15.27409
71.76432 88.27392 24.91157
80.78639 23.54670 76.94776
82.00415 83.67306 10.36853
67.75811 77.87891 46.54191
69.51936 24.44306 70.47004
96.70137 97.69851 7.38711
44.96372 22.08024 41.87705
76.44251 78.58606 1.57130
68.22913 69.82967 47.92668
37.28750 69.94127 84.85443
75.36272 77.01918 46.72562
96.96845 95.86032 27.97855
6.43981 21.77316 26.60691
95.01774 91.94846 11.17076
79.80465 83.78215 11.27981
39.01387 85.16432 88.49179
9.11465 2.95497 13.91945
89.05276 80.42425 41.92028
92.95508 90.06277 47.87275
85.92413 74.35889 31.38690
91.23197 74.25293 10.86752
71.85690 85.04531 30.73552
22.44930 76.68193 85.83955
15.76569 76.02392 75.40679
99.76956 72.13793 38.13738
43.69853 99.22891 73.52281
93.89016 97.66794 18.98134
72.56306 26.50314 90.36488
87.86203 88.76735 44.03338
47.90505 97.14324 89.95852
82.05620 81.14475 14.33165
49.49685 20.20303 14.02082
73.88458 94.81644 41.03723
81.10510 77.92373 11.20005
30.51640 82.05784 72.86773
76.41422 81.40157 1.41155
96.81112 96.77289 11.42769
85.79017 69.11816 17.09727
21.77986 70.93614 91.62718
86.24440 72.43020 12.85670
74.22400 32.36293 92.40137
34.38923 34.19943 38.23887
66.95753 45.41510 88.30102
91.21799 68.15856 7.11140
97.91590 95.09147 8.97773
90.73069 81.72878 43.40022
99.38311 67.38777 41.05966
89.47518 77.20139 28.56720
8.33326 95.94862 84.59245
67.20809 77.64848 22.70812
8.07410 1.83406 31.93482
85.99634 17.52445 82.39921
58.07523 96.95854 72.34853
9.92508 8.16752 36.33242
78.71539 69.82053 8.22156
96.05259 79.49937 49.34036
89.38982 76.15232 16.87466
89.36753 81.98462 12.74738
93.05710 30.69083 99.63343
89.46173 88.14521 20.31590
69.58300 77.72578 61.58790
95.08781 92.45039 6.13382
66.77227 98.17928 45.38641
81.22229 88.29722 24.91060
99.60276 77.29348 5.88395
70.28023 93.41225 22.52762
84.57710 92.51205 9.69936
73.29751 67.16763 43.62112
87.71365 96.89052 18.89811
93.64163 73.93699 11.68146
49.01911 33.33425 2.33004
78.05496 81.19838 36.85977
80.76219 96.27914 27.80335
73.82792 83.75300 9.42610
71.00065 78.33389 39.39832
69.81246 69.42392 3.04331
92.59572 70.46947 9.38046
99.04536 88.98243 26.83476
88.66484 65.15132 57.78687
86.24910 85.32836 35.88619
94.31508 95.41174 49.37764
85.54841 79.18163 11.83723
86.49938 2.74187 95.66046
73.12796 75.21530 70.28529
84.61007 90.66029 18.94860
82.99112 1.68946 71.65831
81.99529 99.75141 39.03207
84.39350 92.73012 32.00339
70.28583 99.74438 6.91474
89.16052 87.25697 22.59631
35.07214 79.87006 77.14636
68.81510 66.82404 30.75673
99.92096 76.23704 21.28590
62.01146 93.75790 66.42936
40.89957 20.05042 32.59979
94.74689 83.38377 12.25921
1.34649 48.54720 34.27386
68.79959 93.73015 26.55565
69.51447 74.11582 8.09741
99.29263 72.13772 30.36796
95.21920 70.25836 19.82731
4.70585 32.29105 46.07543
90.22846 63.26387 97.90283
98.21416 34.36197 99.18814
67.07626 29.58614 93.18483
66.84926 85.42970 34.64928
78.30397 90.47177 11.08410
42.81816 88.77470 95.81481
25.74598 28.60947 47.87621
86.59666 82.11507 49.82180
78.38083 82.69149 25.79276
86.17938 73.10105 24.27601
62.90734 61.62544 93.77000
97.04992 99.94526 47.70094
70.70176 3.20552 75.66761
56.62272 62.79966 62.18705
89.26697 93.83942 36.46788
73.96438 46.42500 68.32960
90.46210 70.61938 64.86524
76.79321 99.53246 24.62109
81.40324 93.07879 11.66071
16.17612 5.90947 49.24098
81.47917 18.18958 89.92848
77.44853 88.03609 20.81752
90.83948 94.24775 8.61742
87.56574 82.50977 53.87355
91.20205 71.67724 19.02607
79.35353 89.45908 1.52872
85.42171 87.05484 2.19931
99.82154 88.74468 9.52239
94.48979 88.79282 6.96127
93.58130 89.72253 22.08078
75.84405 82.83679 46.49967
74.67007 97.29742 1.57333
59.74386 64.52535 67.98185
95.33871 20.67820 75.79980
38.62733 94.69019 88.15941
86.04930 76.42177 45.43436
3.71455 44.27162 35.37668
68.64770 90.15787 31.90965
87.43626 90.04383 32.87416
78.30173 93.31931 27.63994
68.10951 68.04229 8.54099
97.54904 73.60013 1.14944
81.58987 93.75947 36.03285
69.64483 74.54039 15.67734
94.46461 86.27283 26.03162
79.99736 74.72188 19.00222
87.47757 87.43385 8.67191
97.12818 68.35038 38.28968
97.58421 98.66675 80.57916
67.58140 99.09047 18.88467
92.10929 14.99218 76.04040
99.76479 80.90764 5.04892
14.49254 22.51280 24.01236
78.31780 92.50987 47.73573
78.15061 84.67084 14.73514
91.10109 75.07943 6.96209
67.40412 74.93725 9.54899
91.36712 68.29673 98.51741
84.07200 68.90904 38.86683
69.85297 68.52515 49.43295
99.46360 94.94513 49.62483
90.82595 70.24418 3.74195
5.92251 75.70819 74.47027
86.89909 44.86304 97.63377
10.32798 81.96994 68.59350
93.19698 89.00104 30.97808
80.23741 90.67933 4.03577
92.91378 76.24487 36.98039
97.25444 83.07856 39.98133
78.57502 68.72426 4.01309
90.20001 85.70335 44.75119
99.19046 72.31022 21.95238
45.34211 74.37550 83.44175
61.78333 50.42627 95.76806
70.34366 75.38589 32.21779
59.90579 61.66467 96.17284
96.52915 81.54669 9.58011
73.32346 33.59415 81.97103
93.91905 76.93624 2.85136
5.07038 37.38935 26.07036
93.79586 74.38234 9.04527
10.89176 77.05190 98.58179
39.53711 7.45780 5.35707
92.71751 73.01625 30.03184
89.07326 73.18018 19.09996
95.08498 82.05361 35.58401
42.97985 32.39846 26.94761
29.76676 2.88328 27.33277
76.44063 84.68159 47.21114
5.16372 76.34302 76.66058
93.26650 2.39792 84.42176
44.19594 4.88803 21.08868
88.67362 99.72603 26.70641
1.04339 94.20900 75.13025
68.32386 99.29859 24.70551
72.79712 97.08724 4.92409
98.44839 91.33081 74.85172
81.99080 87.08437 21.98499
96.17723 76.18226 33.25570
44.67786 14.70297 8.51751
78.63209 15.04544 70.26150
74.69586 97.91575 10.45896
97.22374 74.38618 47.31521
85.23723 93.91645 25.68190
95.49596 69.82107 25.35542
76.37111 85.60979 1.51553
67.30306 98.15265 25.98013
75.39516 80.12157 41.16704
98.54459 71.08411 43.13570
4.50210 13.98969 2.39709
8.13197 78.59730 91.21906
1.31952 71.17591 95.87179
94.24394 4.83161 79.70891
68.52727 96.05630 29.05654
69.18847 76.81217 37.09193
91.44590 77.17522 23.56849
84.12283 60.98933 97.33728
66.69540 18.89271 88.87814
95.64897 87.12575 10.63021
83.74211 75.05490 14.53146
67.92072 98.08935 27.68358
80.07852 72.12725 27.09426
22.70215 93.72848 90.04180
4.94430 34.73351 49.03658
87.60845 74.31638 2.32353
80.17517 22.99390 99.47227
85.01520 72.24575 34.93159
33.29403 84.65098 76.01743
41.47206 41.14520 39.89972
92.27778 95.06689 33.74560
83.56334 81.29819 9.97471
79.59922 77.74614 26.75580
94.98925 70.53824 43.00393
84.43979 78.44664 20.11558
90.45659 98.25003 36.10662
80.93416 49.52968 80.02936
71.62576 99.96627 1.98263
67.79794 90.45588 56.61990
3.18096 91.78453 80.59110
91.21894 75.24161 10.53385
16.97278 77.39504 95.58975
49.35879 69.73692 69.25365
94.04452 97.18689 31.84507
75.19466 99.24377 42.68262
76.14489 68.11654 33.85460
91.60420 94.62852 2.22143
74.16816 83.29698 45.63597
67.69540 69.47029 11.66080
2.44227 16.75497 18.34110
39.98894 8.33244 44.23350
72.07505 62.59479 93.74707
76.09077 75.07916 29.13662
78.82542 69.44965 49.41874
23.10596 88.07945 86.21751
92.62566 73.09352 19.54290
95.57582 79.38860 23.05000
80.33255 81.23237 39.84981
84.38819 79.71108 19.78797
75.53592 78.94714 34.22180
54.70294 63.66196 77.68658
73.11960 78.22633 10.81779
74.70264 92.23378 18.36654
72.66347 9.55159 92.57978
78.68804 96.64977 17.23542
77.35562 98.10347 49.20986
92.16342 91.32727 4.00962
87.53027 90.59066 47.88784
75.91976 68.35320 39.37083
71.29355 78.40999 36.36059
77.35100 90.78232 49.90006
22.19891 87.29297 79.53803
83.53493 87.94646 38.13062
67.05738 99.79645 42.08264
96.00188 94.40456 25.62039
83.62623 82.57335 36.24981
20.49309 23.15877 22.33554
1.48312 26.64026 22.21930
98.67011 80.21385 23.11253
98.61417 77.14094 42.28575
82.11563 70.15267 41.24425
58.61004 55.24974 93.03106
44.84731 72.07103 80.57051
96.13683 67.21595 66.30740
83.14084 87.45545 73.07424
75.41163 74.62562 49.00595
74.77792 79.46409 36.19767
75.03770 94.77638 46.32341
81.81598 69.62711 46.29904
84.15140 82.13311 26.78588
96.91520 99.14110 31.02410
27.35028 76.42975 70.60723
82.14992 67.91990 28.06799
89.54338 70.20480 25.83068
75.81377 82.02539 3.30867
13.11170 14.17698 27.01528
30.49541 3.64109 2.39655
81.21189 99.36501 40.14168
21.62036 43.86781 47.65344
90.88338 81.51832 5.12323
97.33932 83.55474 55.06669
84.57588 67.54139 18.07125
97.44936 79.12006 5.56767
25.36608 93.30145 73.06215
69.64801 70.69675 51.48080
55.91898 61.99342 50.49346
40.38565 80.02529 92.32059
86.17783 87.37633 41.05866
77.93562 70.77244 32.96059
90.09189 69.23818 31.64354
75.21062 83.98554 90.66440
19.62349 69.25072 71.93363
46.29106 16.07472 28.87437
92.40300 68.14785 32.90380
1.93672 82.20114 70.37040
95.17091 68.24750 38.71348
77.22938 82.11515 35.03588
3.43636 9.79291 47.70296
98.44863 43.23066 67.47916
92.84108 71.77815 9.39932
89.52109 99.24739 9.31796
82.97655 24.73932 85.75218
70.90169 71.63286 7.03888
14.02572 77.42208 88.16901
78.45610 93.75184 17.37878
92.44925 80.86003 21.86050
94.61435 68.12535 10.49102
67.94928 77.42187 10.34274
94.77130 86.23098 49.09254
29.81696 81.50529 72.75835
80.87532 68.42776 22.98679
84.58943 71.56812 29.71666
69.40939 73.16372 23.92887
14.72229 17.95994 7.62083
95.00841 80.76555 32.72648
76.27892 83.94354 34.77262
91.11156 86.15373 30.98016
77.77517 75.49102 24.13335
74.59807 86.15088 12.42911
21.97198 78.52562 99.91274
93.67109 72.31480 25.69926
6.33558 94.24115 77.82750
79.33783 70.03858 53.64403
98.87469 94.20370 30.65711
75.11115 90.38977 32.65856
96.96426 97.24057 9.61224
92.34403 73.85819 28.85117
94.50326 83.22606 20.24471
90.41785 91.10530 13.03191
88.10764 89.07960 6.89782
81.75070 96.00274 32.31461
88.75623 76.05070 23.53724
75.21725 70.57552 2.52278
74.42438 81.17147 36.24219
15.92511 87.47351 93.08017
78.18137 79.28814 35.77778
87.98735 99.68356 6.49392
89.90988 95.91427 32.63164
86.22595 69.45608 3.42379
86.82484 67.40718 35.28600
78.02791 98.65489 36.58179
83.66505 14.74123 89.08532
87.92389 91.75207 14.60914
49.73309 99.25226 83.97080
37.34576 70.13805 97.26879
85.80600 32.81911 86.93544
70.36999 95.50089 13.93937
24.41875 98.87294 75.00549
65.54044 90.43133 64.25481
77.88459 87.65697 32.62928
12.10116 27.05304 31.95510
74.29949 98.34322 48.71621
72.75361 79.92274 17.89356
87.20066 97.82664 35.79078
75.89225 70.28698 31.86208
30.88628 73.05314 89.26026
93.99356 93.18777 27.62583
31.87927 99.26881 68.09679
25.80022 67.94693 78.55311
72.90737 72.07121 2.72979
98.61113 85.14483 22.53515
68.72942 94.18094 2.18956
67.99996 89.47413 4.50054
86.45198 67.91767 3.81748
79.29581 26.79691 84.44737
96.47975 67.21408 30.15307
94.97808 43.07183 68.15707
76.88710 74.11920 49.40793
44.64615 36.42501 31.86373
99.99454 93.71829 42.99687
46.97669 4.32243 46.91237
60.70909 62.96899 88.25511
94.93634 90.33804 6.25567
67.61006 79.34707 4.30477
80.99646 71.34881 34.08883
83.44296 85.09940 47.42810
89.41698 98.66521 20.90469
68.91759 67.02298 24.07924
70.34793 70.90982 7.16137
96.72309 90.89830 47.57743
84.35474 89.49743 36.31709
93.85214 80.13365 69.22989
31.03789 94.99158 90.52251
41.61827 97.10457 70.10320
62.80561 77.54444 54.29190
66.92322 70.88005 24.31903
89.54723 33.98519 88.14654
68.93682 90.39919 23.04912
41.57322 17.53425 25.81573
95.76010 98.45351 33.60455
13.96526 8.86278 10.00250
92.85663 8.43369 89.73004
22.97126 23.17273 22.95152
77.16551 87.29698 23.59877
73.41751 17.49765 84.77134
67.88702 88.52314 12.38704
77.93544 8.51416 69.77055
48.30419 37.09385 44.83219
94.91924 86.87107 97.87600
58.59169 99.52661 50.74975
61.33070 87.22372 92.32750
72.48161 93.14913 13.10553
47.22397 27.37958 9.77533
70.74631 90.55861 45.26238
65.21750 55.51758 69.60737
18.43496 78.72395 69.37223
10.53075 83.74322 73.21775
82.64116 66.63589 86.90841
91.68863 86.94154 37.34588
76.50284 95.71383 33.93765
68.99951 79.96285 28.67461
99.30397 87.10461 11.19074
98.70947 28.70639 84.91610
76.86893 69.99013 6.99106
48.60656 77.67834 77.18595
69.41721 88.69912 32.18649
5.55396 75.64634 75.31958
90.18368 90.37189 22.28634
73.22888 77.19731 41.65101
69.03562 72.27958 41.37664
97.37951 76.08784 20.59965
45.48251 73.04732 71.33088
81.41260 77.04490 10.04212
44.49125 89.85746 91.99166
88.35756 95.02752 46.32126
76.90020 82.43821 44.20416
78.49773 83.04975 13.70706
11.35819 77.14364 93.82572
42.81337 75.06920 81.61940
94.81530 94.56152 38.31089
94.65278 86.33268 29.27846
85.18202 83.26957 18.01162
59.46570 94.46566 55.00814
79.46280 91.27939 28.79434
87.70593 80.95654 10.59206
30.80240 33.10428 37.23301
42.47018 71.60860 96.02319
89.44980 84.49116 1.27106
66.86307 70.58722 17.30154
86.65629 77.02853 62.01609
90.74928 66.74872 19.78055
92.60808 74.48870 36.86550
90.33433 69.76703 25.47959
86.96736 89.22332 15.11885
68.89481 80.46508 23.94370
79.58026 69.78903 49.77587
95.92483 58.08190 60.21369
98.10742 98.90943 20.51458
67.36167 10.22671 69.97613
86.18352 68.32618 7.47136
44.50804 93.56774 98.70197
68.52018 88.14828 2.74321
78.58197 73.29416 34.27025
46.13640 27.78434 39.65005
86.35088 86.86560 42.02529
74.05793 80.37551 45.21057
74.25366 99.27959 7.83084
67.72133 87.38162 22.52542
99.27299 95.29091 28.00955
69.97809 95.07330 60.11091
51.78277 75.67751 83.12104
99.09986 3.10675 94.76823
80.28902 71.73304 49.14720
42.76962 84.67925 74.14527
94.49653 72.61226 30.23553
75.16097 99.75428 4.01215
74.54067 84.37212 8.53222
74.96182 81.58581 30.70657
99.07086 85.86531 81.13433
79.90994 82.19038 39.38031
69.75444 27.87070 72.16831
78.59758 71.83489 8.48692
3.54196 94.64967 77.29247
90.45178 85.47703 36.00837
85.98238 73.74328 73.83120
86.01905 95.90163 39.59601
78.85236 91.12652 28.62337
43.92341 28.50493 15.83676
98.76096 91.52324 10.24470
52.19109 56.55861 96.11674
96.01999 68.01066 27.33939
97.25800 91.26229 44.53894
88.47820 99.80514 47.35533
96.70177 89.83208 18.41688
99.88240 79.52548 34.86555
75.01889 68.74633 51.39016
95.86080 64.40991 87.77886
93.39076 73.81686 2.49915
16.03975 17.39358 40.35821
75.66102 95.63610 38.82922
94.60552 90.39513 17.68940
91.34423 93.17911 41.59373
69.01859 93.61349 29.66199
85.88848 98.90004 45.62410
92.25276 74.90101 91.47023
98.66247 97.09825 47.54707
91.61771 71.50871 3.80779
84.20267 86.00768 19.96164
67.45503 81.29870 34.19526
98.02131 69.75050 26.60867
93.59918 78.47887 17.28691
75.09046 36.69506 69.38422
97.75558 81.09767 1.05864
90.18345 74.11127 26.46047
26.79235 32.82577 13.41918
96.88345 81.67873 22.79062
8.10738 39.97621 25.17791
45.86058 9.51697 36.42901
83.93215 80.75765 21.36592
85.75120 78.41419 20.98508
98.37410 11.51448 85.28573
94.02411 83.48514 20.91317
76.47071 45.26554 98.37519
34.82461 23.14124 33.77295
80.52299 84.03406 16.56841
82.10071 99.12762 36.52611
85.50643 82.53509 37.04425
66.76346 14.02896 94.21193
