40.00000 40.00000 40.00000
25.58481 19.78141 1.68321
14.02085 16.44344 23.28454
18.53837 29.51172 3.96255
22.21616 21.11837 25.40917
16.86399 3.95209 31.31349
21.24851 26.09386 27.78114
26.35055 19.78503 9.77052
14.04128 24.94402 24.31687
14.43283 15.98934 21.71295
3.53266 21.30817 18.97919
6.41453 21.15459 22.44024
23.06600 5.62554 33.65073
18.87018 9.41532 28.87793
2.77307 12.55449 17.52796
9.92867 32.98786 1.73666
8.73345 20.32895 6.80971
13.49255 5.77749 8.41291
3.39741 20.61798 26.70081
23.68774 8.51665 23.19100
16.01281 25.10896 28.06322
33.28762 29.58068 1.42985
33.59830 12.79788 34.76448
27.11638 16.64427 7.79447
34.95099 18.81064 18.31870
6.23559 7.43012 30.97209
23.71476 27.39965 31.32727
6.35410 18.72647 28.60418
7.36773 32.97613 17.68749
9.93616 21.24080 8.40547
8.58133 13.21015 27.30880
22.13158 27.22988 27.23753
1.98755 14.65726 17.48251
15.02366 8.30290 17.69165
8.83969 2.44697 22.77058
19.25325 24.00346 27.04393
27.05359 13.70833 6.38824
3.77658 26.32356 11.50703
30.03525 24.63078 29.75036
15.53907 2.90829 32.98908
23.86090 21.87771 10.42778
11.34394 1.95338 13.33826
15.13494 20.42314 25.30928
23.84574 19.12174 11.35949
10.93734 14.17192 13.77181
3.05380 11.04723 24.45210
31.85738 12.20485 23.87573
4.01311 2.46094 20.44539
33.80270 15.26970 29.24889
7.09424 15.89396 32.77058
13.65999 10.51954 14.18899
34.09474 8.80572 8.51601
6.22851 29.66576 18.23139
17.96283 3.16459 5.92275
15.69889 18.33320 22.10999
4.15586 31.89079 29.81988
24.75446 10.37043 22.58115
17.27175 6.92644 20.12139
28.06260 33.76914 27.82873
23.43835 10.72799 24.33465
8.02265 30.67615 5.07390
2.31862 20.69835 27.34125
27.07714 20.68184 31.10642
9.52420 28.60036 16.75624
13.34618 19.25413 23.33604
1.00655 4.50927 30.45347
19.60601 33.03976 27.73969
29.02813 6.20564 28.21813
6.13288 2.72635 8.55116
31.21605 11.24821 3.82055
11.58969 22.38646 9.31532
32.69530 32.60432 5.78584
20.23925 14.46270 16.28704
22.36283 14.15077 1.89466
31.92077 19.89802 7.63298
21.39154 1.94406 14.55314
6.37387 14.58631 23.14002
30.18385 5.99669 33.27795
11.33838 11.47224 30.50922
25.58025 1.43147 19.37607
29.33330 22.44492 29.65136
22.17087 17.87979 21.90024
24.80915 23.69336 2.89985
16.67090 17.06817 15.18953
8.24170 13.83549 18.03772
2.83043 15.94757 14.68513
19.21984 21.49252 1.83738
16.17172 32.54964 31.95042
20.06692 15.04128 10.52647
6.83791 17.88966 22.23672
31.77192 14.65930 12.50978
27.24730 4.99028 32.89350
34.19257 14.22112 23.76324
16.63984 20.73304 10.92732
23.57952 9.74667 25.45237
15.75119 14.26680 16.43968
17.60061 29.19064 33.65779
28.71769 34.77908 32.15533
13.41966 5.56043 27.31971
31.02678 14.76631 1.04225
4.58573 27.17379 8.50829
8.34839 5.27825 2.81571
8.65559 23.07245 32.26457
33.35664 14.94719 12.37746
6.80508 19.99386 1.42553
22.47615 21.94658 28.57148
13.13034 17.43214 31.22324
13.77818 4.99876 9.23746
30.18362 12.58131 15.48836
15.79211 16.05268 11.77639
22.59336 32.47948 23.28500
11.55295 17.27823 34.21286
21.66383 10.03535 13.27483
11.44446 6.20767 4.66683
21.39755 11.57969 8.52402
30.27938 28.31508 31.44850
28.30851 5.54694 24.30159
17.16688 7.96203 6.56956
14.77797 19.58067 7.32273
33.06768 29.13174 11.71968
3.68222 4.74070 10.93547
25.40232 6.84299 11.17411
24.17857 21.24595 28.22144
13.83423 9.84856 5.25819
20.37577 7.91967 24.67462
31.23856 10.64143 9.79975
8.32875 20.52191 16.61188
26.45410 25.22715 1.25381
26.21669 26.47949 34.06524
7.13772 6.35871 10.40021
21.41399 2.59114 4.37622
28.93184 24.74974 33.74288
21.77972 6.60436 24.33230
12.83681 18.86556 27.56117
22.83904 17.74049 11.59190
20.25123 25.15768 17.59068
28.83615 31.08621 33.09706
25.20810 34.06454 15.87604
31.21493 20.72071 15.53775
21.08032 22.74151 18.55079
10.93965 12.78153 6.19550
6.63738 7.91316 5.25566
21.13060 6.30175 17.41978
19.25393 5.61264 4.34570
9.37385 14.03874 23.78009
20.07279 3.95923 18.58954
24.19524 8.37074 21.08325
30.68252 27.20074 4.56057
29.15520 12.76123 16.39724
16.63874 4.31615 23.26798
34.82501 25.39459 8.48564
23.94002 10.30727 1.50733
33.79038 34.40823 4.15919
12.38500 16.87210 23.01154
6.54947 30.52504 33.28293
12.99843 13.49755 34.34636
21.00371 3.41119 16.73103
21.39785 3.39606 27.57331
25.21383 4.22600 21.75178
14.95681 27.65800 4.53919
4.23214 18.07368 17.38844
32.12140 3.39988 5.61025
5.26558 5.76136 27.19710
18.84511 17.37210 13.27423
30.31766 25.36650 5.77184
20.19638 18.69729 23.17994
5.63990 8.35667 30.09765
20.57267 26.62105 29.28325
3.46721 27.92486 28.34073
30.60354 34.48745 10.07434
28.52759 5.13289 31.30722
7.26758 30.10207 18.76352
2.61438 9.59538 3.61016
31.90598 24.36053 21.16003
30.55887 8.87318 24.91132
18.73850 16.55250 8.90165
5.72771 24.16863 2.44908
34.49317 23.64140 34.66285
25.32709 20.51189 24.65081
6.22096 5.66308 32.06361
1.87387 30.30029 15.55336
14.07108 15.43731 3.84843
9.99102 10.36488 13.45373
7.38933 20.69898 27.59716
33.46367 31.45648 8.74517
22.84310 11.43004 26.85229
1.25288 5.22966 27.98782
8.27002 21.64464 20.68292
19.16680 24.49848 14.66232
27.65394 2.95796 16.58711
27.35438 16.90652 13.56036
2.59398 11.50081 9.70298
30.04661 31.44808 9.07648
16.73340 16.17498 16.62059
10.27792 31.45881 12.11495
3.04572 13.12522 16.18954
4.77733 3.48310 4.93425
24.22692 18.21697 31.22209
5.11008 24.03045 8.70665
14.16249 30.57631 3.39513
4.61909 17.78727 11.65765
27.72982 29.95587 6.70648
23.85977 3.19943 28.78320
31.33126 8.20711 30.01586
15.92134 19.95318 14.15134
2.08281 25.98814 3.77017
18.46788 25.84447 27.44811
15.58208 22.43533 17.33162
25.71192 30.36074 8.80874
12.15592 27.08018 12.47626
4.30994 32.19685 12.20835
19.57673 25.22261 2.46299
18.72809 31.22047 4.49256
28.88187 20.38628 5.37061
16.67560 30.24173 25.11939
28.27491 14.50111 4.33376
31.21702 4.56665 7.82165
19.85485 10.16455 5.76885
14.08112 33.95310 8.05358
17.18324 10.63854 14.51541
12.42673 33.11081 4.63370
27.49147 18.24022 12.92485
15.93096 11.41269 12.88089
25.61193 22.93388 17.30568
5.93883 10.06160 8.02264
14.48667 15.06124 8.42099
31.35974 8.16751 18.38264
6.70204 23.76468 14.99390
25.09047 12.27550 34.80817
30.30940 32.99768 6.72542
5.03883 22.09295 18.92282
6.98242 28.29378 14.07290
25.90763 4.09160 11.96001
12.58662 6.04898 27.82779
28.57803 10.42556 20.25646
2.45067 27.23978 34.29742
18.15072 11.07780 17.41550
24.14207 33.26292 1.02568
16.14799 12.79438 1.37546
21.56674 8.55331 26.27139
17.42617 31.66704 1.78128
27.17198 18.66650 5.27610
13.59508 29.92794 2.91070
22.59917 29.97187 22.35622
11.39718 16.52080 34.51776
15.89770 14.88605 12.40538
31.69855 31.39921 29.74648
30.34930 32.91380 33.25795
16.00892 30.70087 2.61034
1.38792 12.48898 10.86833
7.07093 33.07687 8.53411
17.17654 25.91288 21.29800
13.31648 24.68975 1.33287
8.61160 16.49838 6.48206
33.59630 9.03290 24.27185
20.26821 13.23242 26.28654
32.43325 27.42275 34.13344
23.15760 30.89546 6.07868
29.60791 32.50513 8.66650
2.60260 24.30788 18.95905
16.09176 28.63967 9.20271
28.91128 8.08229 23.70520
5.36339 15.66909 13.08815
4.91357 34.00953 27.30404
21.93731 9.00342 32.95104
21.30960 8.95669 1.03262
19.26508 11.30635 15.52269
31.67969 7.55732 34.90476
26.70954 34.53799 34.80135
30.70490 3.43472 16.86747
18.55246 18.04699 19.82401
26.99144 17.43116 28.58845
24.50260 8.55371 34.13241
1.98623 22.62763 4.61481
27.56778 20.42771 28.11792
11.54339 20.51547 18.94037
13.94393 15.92548 26.62745
19.05400 11.55585 22.96140
3.74953 10.57711 30.43416
4.53213 29.12199 24.38937
12.25176 10.46498 27.49610
25.08552 13.82063 8.41528
25.09845 33.51295 11.93573
2.91325 18.38483 31.43848
6.45813 15.63919 26.05001
31.11047 21.84399 34.37148
6.03170 21.48809 5.58785
15.71243 8.56388 18.01257
9.48200 10.30825 29.88136
4.39855 19.06205 3.56929
10.44496 4.45243 16.04325
7.16019 23.59219 21.54321
21.16615 32.16409 13.14038
6.75639 23.62052 26.54051
29.09295 4.50037 21.39423
20.33537 2.90250 15.95841
15.78457 17.29402 16.95196
6.10123 27.65039 7.22094
10.80129 11.94509 16.40701
4.27366 3.56878 18.26489
28.62090 31.90915 4.85553
33.64692 9.62036 34.53057
13.18281 31.82339 21.42691
4.01408 9.95910 1.49830
6.10497 22.22594 16.58695
5.52003 7.95329 26.05668
18.19137 25.99665 27.65578
21.40449 27.52075 7.87522
9.89433 25.78788 29.54864
29.35723 9.33598 7.22964
22.05169 26.34267 4.37837
13.08369 8.28688 28.03583
9.37433 5.42301 28.57794
27.11211 5.35893 11.90629
13.84028 11.45227 10.49583
11.98357 4.41969 1.34119
29.02422 10.09924 31.81306
34.31330 2.52206 10.61427
32.85587 19.32032 4.37715
26.51474 24.33176 6.70693
20.25345 9.95642 14.21091
27.41149 33.89983 33.77823
24.32276 24.74081 8.14722
28.99101 1.30835 1.05584
23.42581 28.39035 4.86173
10.29892 20.93040 14.11501
17.67346 10.70471 8.06137
3.15983 16.69815 4.11641
5.19977 24.23299 27.11537
22.47202 25.63554 29.09005
21.31203 20.28936 6.66645
24.99377 24.69627 28.01361
7.09587 18.08383 28.53897
29.27662 12.19042 15.11117
19.81793 33.78117 23.79122
34.97728 28.81437 29.59013
1.63216 5.43954 2.82285
21.49412 18.58146 21.32119
28.93524 9.54163 29.97574
32.47849 16.67142 3.67627
15.75435 19.77827 14.09254
29.76213 34.91375 3.86414
32.00263 13.18861 27.68700
8.50051 9.15359 9.91167
17.59243 19.33996 15.22166
9.24650 24.60845 25.45795
2.25529 26.19753 15.28975
9.37518 9.27273 3.11056
7.44935 19.89251 19.51494
3.85000 17.42928 27.22495
6.25220 2.79754 29.19487
21.19377 20.57952 28.15752
4.32595 28.69914 3.59563
13.29898 14.57178 1.42064
4.66499 11.99357 16.41243
13.44255 20.93045 33.72817
7.70559 9.96855 21.86858
21.26740 27.49222 12.82681
31.20126 19.83577 29.00857
9.19974 21.24198 2.42814
13.54413 28.02735 17.72620
9.25597 30.74008 4.05639
12.65006 21.81888 29.08458
32.85903 6.80298 20.53475
2.37784 9.06896 1.41183
15.14766 15.48796 19.36134
20.24517 30.34109 7.26090
30.83818 16.19114 14.94249
17.58562 11.85599 13.10720
20.44989 28.56202 16.76464
13.82120 23.67844 8.40654
15.46910 15.14981 1.86979
31.84256 13.25746 2.57290
14.95360 28.52344 25.24625
25.49677 2.79930 12.43881
14.52334 22.73754 6.34049
6.33881 11.90782 31.55663
23.90595 2.33554 27.22096
22.52503 26.97332 34.93360
20.98974 22.89787 5.90881
12.37855 11.75606 23.33652
22.44452 14.58800 33.62859
6.17088 33.81793 14.77842
34.02639 30.88800 4.52285
5.02367 31.65742 16.27335
28.10720 1.27610 11.25746
29.26922 3.88348 18.50524
23.71902 19.36979 10.04524
10.14928 13.02669 22.93354
3.96019 22.43424 2.01036
30.11511 20.43700 10.48728
18.85693 19.16845 6.58381
31.82877 9.24132 31.77311
29.98602 28.89842 20.95188
4.13598 32.04622 1.99519
15.08893 13.65800 29.29539
13.11502 5.30226 33.84075
20.10958 17.60020 30.75709
30.34003 10.06003 24.35888
14.16638 19.65005 21.86091
1.22450 28.60493 24.99068
23.91431 5.37327 5.03021
18.73060 25.25325 29.19774
9.08919 12.25544 13.06414
4.81913 26.77294 32.18180
33.49170 3.30434 1.90219
12.28994 12.80363 12.93552
23.33782 22.29190 34.58793
4.47151 24.26967 13.25518
1.80027 6.85666 9.35504
2.10687 1.18083 16.31059
26.08426 31.69076 27.15965
1.13907 8.81343 19.46170
19.75766 21.45006 25.17843
5.33714 8.07673 24.26360
13.85009 3.40367 5.08963
9.82200 7.92426 18.66190
26.59860 22.34952 30.64937
10.17814 20.28242 15.92418
23.72155 33.62661 6.45858
34.12052 13.49813 18.10795
4.63929 30.92905 31.44893
16.26813 11.57663 17.05459
8.00435 25.95815 12.02737
6.74440 6.78997 34.86996
34.22144 28.47525 16.49733
22.94732 1.33907 20.56502
23.96116 25.62739 16.41014
31.90193 21.56203 31.45561
4.05159 20.18963 9.06531
31.27394 14.53819 31.12855
3.83493 23.89221 29.11146
26.77440 34.99077 16.44979
11.77505 7.66016 14.94671
33.94086 32.98470 16.66566
9.82254 29.57944 16.66301
14.98196 26.25702 31.88554
18.86014 25.86315 26.95871
6.01859 33.55628 33.63003
24.54300 19.99788 5.71993
31.95986 24.19390 21.41159
28.13882 26.23539 26.02264
20.32043 12.46877 21.59427
32.89787 21.72325 31.62949
18.89276 24.73889 2.92814
8.60630 17.37871 3.48629
10.01790 14.52344 20.24451
7.49850 10.49478 25.37497
23.49158 13.54458 7.87303
6.46101 20.25139 21.37782
16.06438 14.36277 17.83409
19.62071 28.05427 11.77091
12.96753 1.86472 11.04426
22.49887 7.09263 7.61659
27.09699 17.45660 6.35754
14.65129 22.98294 26.17627
15.67539 9.30541 8.28123
17.97608 5.64653 13.89249
10.41002 34.74294 3.69153
23.16076 12.25621 18.98934
7.16434 23.72820 28.64681
19.17954 34.89733 24.40913
29.89843 34.46976 10.99687
19.73926 15.56163 22.70872
31.10041 11.59227 9.35175
21.92915 31.46721 2.38639
19.88248 1.89265 21.63706
32.68305 15.73278 21.84497
12.64892 13.53990 17.03775
24.58810 17.29561 18.81214
12.23089 10.98848 34.44849
33.32400 23.30739 18.78873
28.71494 27.72389 9.86511
15.27931 9.00045 5.50652
1.97574 2.18382 3.58033
14.95933 3.84381 10.83869
20.58177 18.88000 8.52206
13.12634 19.91285 31.03000
25.59839 8.13634 21.54074
32.29327 19.22486 12.03552
23.92225 25.69107 4.32842
12.49736 9.61574 6.63416
26.47726 21.18436 15.55806
27.48201 3.39356 27.63917
21.92552 19.74905 3.75993
21.96781 34.97032 7.53056
1.49848 7.20570 16.18814
30.06768 15.28507 16.81801
2.03711 25.69943 28.71706
27.34704 10.81087 14.07372
9.56287 25.06472 9.86654
7.97008 28.03189 23.16850
29.19726 6.06891 10.60368
7.35824 4.93380 27.24941
10.42745 25.37219 7.07400
1.23383 8.43348 26.31306
28.80604 12.59339 30.89606
12.81031 34.26355 11.72515
28.94173 19.85255 28.37677
13.16841 26.18167 13.80145
30.91659 15.73806 34.22708
20.85589 29.80319 6.74953
18.14480 5.37070 14.25253
32.92809 14.37292 29.70071
15.34707 2.60060 20.53373
13.41210 31.13375 34.47812
23.15848 28.93012 1.23366
23.03395 20.07889 28.47868
15.01954 24.30549 16.44347
15.80843 9.78997 4.92501
17.99001 18.80812 20.35252
2.66338 11.68793 14.89588
33.70198 23.56056 28.10963
6.56819 12.57654 10.69827
16.19031 30.53580 33.58755
30.55023 34.38842 2.53665
5.46768 32.19700 2.02425
25.09074 16.94436 25.57586
2.44179 16.55475 10.58533
17.71939 24.56308 28.58668
9.60438 5.83778 20.47586
12.10454 6.73297 32.47008
5.64333 8.76973 32.74662
28.28146 23.11251 23.79764
10.14289 24.21763 12.09289
32.96108 25.56948 31.30011
29.44833 17.80610 18.38440
22.54806 21.66122 25.92116
15.24604 32.70368 34.78160
13.30300 14.50346 28.33613
24.88218 34.70046 3.28920
12.99025 23.68238 29.09282
21.08345 27.93267 23.33865
34.40866 23.52054 28.24069
16.28118 25.76880 15.90334
17.45665 15.05253 28.61163
1.52048 34.74627 29.66290
27.30560 21.64295 19.92616
31.80801 31.17400 11.81878
11.60317 14.46128 18.34935
12.25320 32.54222 28.71492
24.52813 28.50937 11.75067
26.39159 17.79900 29.34702
32.24922 21.84786 8.17571
28.37908 12.25381 14.40218
11.27250 3.61331 9.79238
5.57558 9.68545 25.83301
23.87833 10.72952 22.16389
8.91245 29.08524 19.71168
4.54154 12.54178 9.61985
26.80503 26.35908 11.44397
30.22348 2.19043 31.41018
32.83759 13.47123 25.12980
26.04734 30.41217 11.70861
32.63952 30.74036 6.60472
13.77958 13.95917 21.53338
20.63045 2.74201 21.40438
3.15931 15.04099 23.15154
8.84375 22.78700 28.64995
6.06681 14.95925 14.27378
21.92978 14.38042 26.62127
12.29902 4.52301 6.11810
10.13941 9.04165 19.60759
12.19217 10.86106 3.86246
17.35991 17.30372 18.95536
15.44979 24.53853 29.71987
2.20018 29.03801 34.65390
12.27252 11.97507 29.46923
7.35359 3.66317 21.37821
10.75131 25.39084 16.97598
12.28966 32.21424 17.53021
23.63199 16.12741 32.51010
26.84340 29.80388 33.49618
18.62374 32.58172 3.81759
20.98135 28.89622 18.70753
9.17727 6.32164 20.72419
18.09859 31.63190 26.03283
30.64695 2.81388 14.46857
5.84129 30.55448 24.95420
23.71355 26.07040 14.90955
33.71948 1.58453 7.40537
32.27364 20.70888 24.48557
28.48827 12.45439 23.28691
6.72307 6.52245 9.09292
19.80517 19.08110 4.65695
34.23405 25.16902 30.40780
8.53364 21.60349 29.34245
18.35719 13.99559 12.62082
14.22039 4.76864 23.88894
20.79192 23.84946 6.52580
7.93296 24.66813 27.64604
32.84719 13.62636 33.43236
15.52411 21.87044 10.84998
30.67179 30.82003 16.75077
2.64489 14.04994 13.47321
10.22007 28.04835 29.19598
31.98078 14.34701 5.76712
33.00848 16.62935 15.49310
27.27528 32.95600 27.70636
25.43368 9.14044 32.25269
13.13317 13.64623 10.80345
26.64391 10.70608 27.52332
32.15507 14.52282 10.90235
6.99048 6.54696 34.63719
4.98006 20.30320 24.09714
8.42181 10.37744 23.53888
2.85427 34.14768 7.55025
10.31655 24.12140 8.33156
21.17674 34.30611 23.16510
10.11580 16.81412 25.07276
28.81018 28.89245 24.64945
24.32171 30.15347 25.92532
7.16856 7.81372 19.64521
33.16889 31.82456 1.82231
11.05653 26.40226 19.43587
11.56002 18.48516 19.59888
33.39387 28.48258 3.12029
34.85161 21.25023 5.13714
1.35825 31.06078 8.20494
29.03264 5.20859 17.68823
24.22406 6.84102 23.80687
29.15793 16.92982 26.16312
10.55575 29.24543 13.08323
28.03658 4.53828 5.96110
21.62014 19.70434 6.75565
14.79663 29.97354 1.30450
9.46178 34.58510 31.86786
1.92531 20.26825 18.26614
12.79497 18.84456 4.15625
11.72595 14.67847 5.13341
34.61565 1.80860 4.79626
29.90001 28.19535 28.59738
3.89760 3.47564 18.64705
8.68060 25.61286 27.99629
11.40001 8.17073 6.33445
26.43880 21.15236 12.42296
31.72813 3.86094 12.01871
21.33158 28.88014 13.70620
29.37274 32.14327 22.84592
33.58239 1.52253 2.20222
17.35673 28.96117 33.54236
34.77150 29.40957 12.34696
1.22202 2.99790 6.99479
1.91439 14.09019 5.33203
19.50506 18.72203 18.52494
27.46217 11.08444 19.78423
9.97041 16.37849 20.16666
23.73387 30.76217 21.82451
18.64410 13.42086 19.07025
25.24873 31.61266 29.00106
22.05206 13.69965 28.95026
18.30491 27.61962 1.86883
5.05620 4.36109 29.69813
2.18437 6.51541 21.11371
34.84539 33.45994 24.22928
3.91390 25.32290 9.83739
20.08235 25.84958 31.30940
31.21468 12.81650 27.04119
19.87913 31.52154 29.21835
12.87043 17.99571 2.84168
27.01830 29.37399 32.18584
5.63252 15.70375 20.38425
26.82239 29.66788 1.99450
17.03986 28.74910 3.75925
29.94384 32.45272 14.65808
15.27197 1.21026 31.33971
22.79845 19.29605 23.49202
27.11399 6.98788 17.65478
13.59219 11.26249 5.97983
3.78502 11.17131 24.16303
20.62775 25.95578 8.76361
33.07153 19.90616 6.09881
28.96495 28.04070 32.19846
7.59216 17.88978 18.48060
25.33533 12.50311 5.35262
8.51507 18.75721 24.41933
12.11239 2.54677 19.72330
19.88986 21.16036 6.30847
16.61587 16.32352 11.65270
32.44981 16.86892 9.31474
17.60904 27.63225 9.97464
25.46618 21.09672 25.94442
18.25835 20.64320 4.02626
7.07105 32.45197 11.07538
28.18983 32.31859 31.25134
10.61747 16.85107 25.91690
26.73389 30.54279 34.13358
32.65205 8.07742 9.46522
29.00635 4.51325 16.78950
21.43591 20.56810 20.64477
5.16515 6.30026 4.72834
30.90153 5.06836 17.41739
31.85605 3.06322 34.37535
4.14164 30.00068 26.98371
10.12456 31.86624 8.39121
14.05620 19.04496 15.19878
13.58409 24.25404 13.33280
26.10952 30.85221 27.62913
5.53886 32.49984 16.26765
18.13461 4.50754 13.75938
5.08248 6.98072 5.74491
4.56946 8.40017 6.78675
8.96188 15.30781 12.85820
31.33138 11.69590 26.66700
29.36312 2.41168 17.39909
34.33746 12.29531 6.62142
3.89579 34.38900 9.46666
17.70209 27.32411 16.69127
27.38304 10.97836 21.45474
24.69710 9.30444 27.15064
29.67932 4.60356 30.45715
3.83946 34.76136 31.24595
26.40374 34.44450 28.50720
22.22543 7.38558 14.57340
24.88643 4.16374 15.18170
18.53229 33.33899 18.16340
16.08949 6.58544 24.45037
7.23057 19.15708 8.57585
25.27015 27.37010 33.31163
17.97712 14.86877 16.09657
5.28528 19.93539 14.41414
19.82699 28.29921 31.52245
9.40797 3.74848 13.72374
26.37684 7.13915 18.85481
25.24103 20.14116 9.16371
11.84462 5.88933 33.38220
32.88655 23.74796 11.91162
16.50204 9.07612 32.22973
21.00062 15.06318 11.34533
31.58411 32.32788 6.24397
31.20108 21.54061 10.73809
15.18714 11.32091 4.59757
23.99638 26.55496 16.58045
23.05005 5.29042 32.57309
25.08653 14.53003 5.61554
4.66789 4.22142 21.32371
34.20563 33.51413 16.39928
10.74996 34.74703 17.37635
15.72866 13.98778 34.13610
11.99685 10.00192 2.86827
18.83336 11.80978 31.90255
9.04997 30.67713 31.12375
9.51093 9.54418 19.55471
30.19318 34.92475 16.33916
18.09018 22.32444 34.33715
9.85383 31.47699 25.68121
30.96998 34.26725 18.03807
13.24970 4.08309 20.67572
31.71197 1.89840 23.05737
19.32073 27.42846 4.41331
15.58788 6.37358 8.01608
10.63899 16.11231 4.96653
13.10044 16.77179 31.41982
22.18782 15.68325 2.07162
17.42778 6.19153 34.30898
22.17131 14.55398 1.30403
21.94671 31.66775 32.00469
20.10591 15.92228 3.13568
6.29184 33.47309 23.38462
29.23357 3.78687 31.83015
17.86332 8.13651 2.53646
27.77272 30.96868 30.25071
9.46793 19.96065 28.41669
28.81648 33.01167 29.51100
2.35314 16.31909 6.73152
14.32261 11.47749 10.40168
13.80362 28.80048 24.31010
6.78158 11.40180 26.35609
33.49708 17.12464 3.32632
13.59638 6.18835 19.15507
7.26678 21.15698 29.85965
24.22463 13.09186 1.96008
3.71695 5.52535 7.72900
19.10044 10.49252 6.77013
33.58804 33.34359 6.66636
31.56263 1.17666 19.24134
13.36194 30.83646 2.90289
10.58868 28.42248 9.78617
34.55229 11.11263 3.39836
32.89365 14.68428 26.53614
23.37562 13.61404 7.91336
12.82290 6.93462 17.98584
11.90722 34.99437 30.96616
14.38035 19.74091 34.41514
15.30384 28.65909 4.59998
11.16470 13.01474 3.79212
25.28793 9.64397 28.36691
3.51045 25.62218 21.58044
2.85788 12.05723 28.98123
7.96395 4.11727 28.89011
14.82139 21.49327 3.65125
3.57488 25.43891 28.29001
26.91282 24.40190 33.51290
21.63471 15.45988 23.95596
12.88914 29.93758 15.93916
32.25676 7.32128 19.69181
24.51611 30.23332 29.21349
26.19390 8.99669 5.31362
14.43070 13.68360 6.50738
8.20807 29.51335 34.74099
26.07749 24.63155 24.27549
29.80934 25.39765 2.40936
5.05155 10.88623 1.53670
3.63906 16.04761 31.63947
2.45592 25.61070 4.50372
8.46367 5.57012 16.45969
10.10204 4.04645 33.06365
29.06050 16.90474 10.90330
3.31169 2.58017 11.81896
26.62834 22.43861 33.54860
32.10408 15.75141 16.91111
26.48009 22.85326 24.45675
33.91155 17.64956 1.15913
19.35241 6.15889 21.31981
3.80048 5.84847 11.15527
6.15026 26.43753 20.02970
1.53692 26.13988 7.92247
20.86682 5.90572 27.36736
25.28173 4.28641 34.78124
28.67104 27.62497 28.63824
5.38631 2.17402 14.03895
25.67614 13.74026 16.72304
20.55639 28.43097 1.66349
6.22946 14.32081 2.75843
26.08934 5.76417 3.30415
5.75426 8.68581 28.10095
23.26490 8.98173 8.91542
30.72388 22.74425 10.66676
16.14155 8.33247 7.54979
9.50650 6.01780 6.01761
15.81857 2.04968 7.07392
34.79979 30.89039 25.13329
3.26041 8.99302 14.20402
23.34566 4.43665 25.94138
29.18864 29.43625 7.06200
2.39395 26.20529 20.83031
2.53409 12.27726 28.01625
15.96803 9.77754 16.65599
28.95374 20.24748 30.15069
30.89888 22.28587 21.63566
31.16892 9.88749 9.57859
7.71826 19.29053 18.82297
17.00064 12.04762 21.34682
22.45528 9.97637 29.83240
8.88582 27.13317 32.23202
19.09954 5.85429 26.20426
21.70627 6.79775 18.57447
2.12511 17.68230 13.92376
33.65819 29.58203 11.29063
4.24502 6.51562 27.66287
17.79973 19.61571 6.06447
2.39810 23.99148 27.71395
30.59807 22.83721 5.03065
21.41698 22.87679 12.71573
22.82540 4.70486 15.86248
2.80177 30.82666 19.94600
9.14695 10.03990 16.31643
17.49758 28.44345 11.41436
3.34343 24.52642 29.26841
6.84992 31.69168 8.88959
8.26613 1.96215 11.60501
27.71545 11.75781 14.38624
2.59222 33.89236 23.54701
3.95875 34.81369 5.20154
18.46626 11.37017 31.84440
1.87010 16.34892 14.74562
9.72755 25.71471 9.42430
7.77762 10.42641 13.41947
16.37234 21.98660 12.30261
27.92572 11.08028 29.73664
34.39957 34.73492 21.89141
6.40130 22.39670 4.49081
13.12695 10.03124 20.28015
12.13900 2.08249 1.04507
4.05972 23.26172 25.55476
15.15927 14.66565 12.09055
19.29017 8.53879 29.26406
26.59502 12.02265 13.75756
2.06680 8.37065 29.78102
24.76340 15.80966 11.10529
12.38563 1.76880 5.45251
32.24921 18.21639 18.37651
30.03853 7.84411 6.91610
18.15162 34.72240 13.87182
33.10437 14.32122 33.56990
12.02144 5.52292 6.49854
25.96121 21.28557 24.59357
27.90754 10.31407 12.98154
23.72930 10.42410 17.88358
31.58673 29.51091 13.07861
10.05900 29.40960 27.03264
18.07517 4.30685 21.05305
28.99803 16.98964 14.59598
24.82702 7.64515 14.64412
31.73307 8.27485 27.58622
3.03231 32.55283 11.62094
18.50314 27.05714 24.66759
28.72124 30.38467 11.28741
34.06445 7.46868 3.75914
11.34875 11.25392 5.58713
30.32312 30.22859 30.29479
31.67041 28.79998 16.24238
31.74350 19.42442 32.74453
22.58696 34.00160 15.46101
22.74739 1.93426 6.37681
29.92529 20.11052 32.89338
4.14619 34.36760 16.78054
11.81164 10.19064 3.28737
17.80071 26.46561 8.73172
30.31672 14.73964 23.68692
26.23540 3.07254 6.69788
8.85646 31.06685 4.91647
10.70476 33.75955 16.67163
33.18431 24.83092 27.75396
7.51696 12.91714 24.90551
19.94196 32.71683 15.33084
25.31173 19.31021 11.35211
30.81321 30.97389 26.01865
20.33417 25.18558 13.21267
11.79575 16.95211 11.98987
30.22936 30.78001 20.95787
9.49924 9.92157 23.64573
7.23899 23.78266 10.51571
2.93084 6.43601 4.93878
25.46869 6.89787 10.01344
18.56875 11.93615 28.14624
4.07422 33.95188 21.99147
32.45020 24.26006 2.46527
33.06173 22.02107 14.73212
4.90520 2.87334 25.92730
1.72083 9.85964 31.83292
24.56989 18.21877 13.33697
17.12469 31.98190 20.15122
24.42592 28.29640 19.19589
16.82304 8.27600 6.23835
20.86170 13.75722 16.75158
29.07948 31.50617 20.55006
10.61844 2.91166 28.63731
7.60796 25.20188 18.45858
16.41068 9.66566 14.63346
4.27911 34.86528 11.50742
34.65870 8.23896 29.82492
33.89880 17.62451 22.50210
3.05003 25.63189 25.54058
3.12279 13.74126 10.99235
4.14972 16.88187 19.84941
30.05630 32.48181 3.78403
16.86489 27.09462 27.79599
20.56068 34.10531 9.91993
5.94244 20.80905 27.18298
4.08930 14.00179 9.22116
13.64892 29.53382 32.70164
28.51754 32.86160 5.71208
12.60906 24.33963 19.65474
33.21449 32.34763 8.06978
4.37547 32.34213 9.86540
1.79054 27.00387 21.77937
6.83805 33.68727 8.56359
20.79050 29.27892 6.83255
33.56059 33.76117 31.42634
33.81603 17.83390 9.46469
33.13744 15.26087 30.36035
1.31901 32.14750 30.34494
29.11381 32.43055 32.44068
3.07413 32.10418 34.31445
21.54945 2.67605 13.47408
14.43829 13.35356 17.53816
12.48983 25.17419 22.66490
3.81904 34.00812 16.88709
20.23999 6.24355 15.87111
1.89875 28.45054 19.24123
31.31487 24.15025 13.02796
1.66878 2.84348 11.68251
17.68942 2.89634 2.76451
23.94968 26.72702 28.47515
25.17166 25.69660 26.45305
16.67133 14.81648 9.83481
33.26718 10.33797 24.94896
17.07489 9.60507 33.38884
13.67511 33.55412 16.74191
30.58199 19.90833 32.61270
16.54595 15.65811 9.16862
16.43334 20.76722 32.34040
24.69350 4.74545 17.86568
12.21719 14.20406 13.75931
29.34716 22.96498 30.69763
33.82836 17.38054 24.60160
27.15809 33.62996 12.47950
6.34509 7.90100 19.85794
16.63710 20.69434 4.06198
23.11352 22.13438 12.32403
31.40394 14.81146 21.26305
3.74209 29.54588 5.61544
7.55612 5.73828 32.09212
22.80904 17.67164 32.02959
9.64600 20.15082 2.40515
19.00967 34.30953 32.86381
18.55235 4.41669 3.94298
23.19203 9.36756 33.21159
4.56118 14.37527 23.07326
6.94159 22.97486 24.56018
18.13895 21.76942 31.27168
28.73910 3.95600 28.96217
10.55234 6.58064 6.56620
28.09999 11.93983 27.08473
5.59831 19.28482 23.70936
32.76737 11.66489 32.83575
21.72812 29.78498 13.67713
2.93644 4.03699 27.64479
28.67179 1.05561 7.65036
13.60918 6.74985 30.56600
5.90536 1.11030 31.54477
21.99043 33.13201 24.29285
2.13725 12.98801 12.71459
5.81551 20.08141 7.80898
15.54343 25.04639 32.71257
32.50628 17.47000 9.25973
15.75276 15.22924 24.26403
14.47846 28.40998 4.86205
25.65316 24.31949 28.87041
7.86407 18.09358 18.34418
27.78989 18.12478 12.29612
6.77723 4.55571 20.92899
6.30575 32.87408 7.67207
23.14188 3.00514 21.17187
26.53126 11.70018 8.46710
26.34110 34.51137 2.56341
22.15495 28.05527 16.32454
30.94578 14.57622 34.68639
15.83798 31.59031 5.21237
26.84702 20.76018 14.51406
13.44998 24.11783 3.10323
20.49037 16.59288 6.47720
5.06085 7.80768 4.97370
13.50691 32.08078 26.37134
28.34474 24.93983 10.90028
17.42009 32.30187 20.53511
34.74329 23.00030 11.25835
18.71787 26.50557 9.05996
30.40333 12.43846 6.48581
28.63798 14.51288 28.88203
12.60460 30.67010 12.80708
22.48496 33.62922 27.98517
32.87811 7.29842 15.69421
22.06355 4.30062 17.59357
27.07457 16.38369 18.50408
13.25891 14.53196 11.92462
33.15801 23.67858 16.83929
24.87517 23.24918 5.78868
20.10062 30.48141 8.65809
3.69408 2.96262 10.24777
1.70218 24.92181 6.38921
18.77077 15.15902 4.91356
21.80462 2.10228 2.06482
31.72207 27.15527 11.72414
2.63082 19.56556 17.45944
16.56941 22.88430 14.29762
32.84013 10.50849 29.73330
27.82869 14.14062 10.80158
21.60892 29.54608 33.37732
2.00437 7.19077 3.85649
13.44745 11.34776 9.92723
32.39131 31.40505 19.86079
1.34512 2.23405 27.41166
27.27360 12.58364 11.24871
4.34667 28.50932 13.51129
23.16272 33.26967 19.54599
28.32871 3.21434 1.93012
3.41257 9.62127 28.09912
10.69721 22.27278 32.22507
23.34734 19.68709 25.29478
11.80098 2.25784 16.09397
24.90593 25.28567 26.19671
5.96330 32.84053 2.08907
18.44931 27.74907 16.74240
7.27484 2.07614 25.86661
24.74521 18.73907 17.63911
28.66448 4.32253 21.51735
31.41277 14.83365 13.84578
25.00039 12.93812 4.34367
24.86143 17.17569 1.24963
1.76398 23.16795 23.57187
22.83135 15.37438 26.72631
25.98212 15.00264 32.77066
32.29465 19.74023 13.56185
18.42060 32.53340 30.62753
20.38779 14.49539 5.83939
1.09714 8.79485 17.28006
23.80483 8.35430 27.80542
14.62621 14.84185 18.33261
24.14069 2.05129 17.45476
12.71024 6.21951 8.40569
15.58041 28.85631 28.13236
28.21027 14.85204 23.62990
6.28274 11.80343 13.42445
10.61310 25.13253 4.84125
16.63430 24.85991 26.10128
3.25279 20.85987 11.90624
17.48066 20.05444 31.13980
10.71403 7.71823 16.09839
33.89913 34.08198 30.87401
33.09183 16.16183 17.58032
2.45493 17.53595 9.19970
4.14888 32.71202 2.69166
33.04072 5.73632 12.59904
19.15072 23.94652 5.90818
28.78323 21.51117 32.81540
29.02347 15.12100 7.47491
31.43447 8.10696 4.09850
26.08848 17.96188 5.61670
16.82985 1.87911 28.08521
4.11497 2.19625 12.03022
21.66419 7.75818 29.49416
26.58307 8.20238 7.30642
8.11182 31.46080 18.44773
32.54522 32.13444 25.85216
14.64762 28.98475 33.62915
10.53916 1.98747 5.20939
22.39297 9.07769 2.24366
10.54760 21.63173 15.45260
19.29101 29.11422 9.26769
2.32050 34.10661 13.79725
10.78415 31.68628 34.29637
27.04230 28.21420 22.11302
14.66892 25.79884 32.86726
4.19372 12.90048 27.22837
18.66205 13.20654 3.74464
11.58298 8.71182 7.93243
33.36621 15.07844 23.98038
4.44844 16.92869 18.94396
14.24812 7.81126 13.16376
9.56733 24.93670 29.91465
29.10642 8.55762 26.18666
29.21343 4.66291 30.01724
20.92629 15.84807 22.73115
25.03898 13.87964 27.84463
14.25620 2.26355 23.85684
26.72213 13.16261 19.27006
27.67685 16.73743 31.23140
28.18196 27.23420 1.72418
23.26304 28.53896 28.09030
30.27732 31.59065 12.75027
31.00094 8.94347 3.82335
8.82313 20.58186 27.93856
18.35789 34.10870 5.47516
28.11773 18.55748 28.96837
13.06715 28.76683 30.78334
23.85579 13.70696 18.62580
9.69795 4.11849 23.83250
23.04986 15.42074 25.30417
19.54042 19.00435 33.59384
16.44172 18.44668 2.57172
3.76792 16.23995 4.89371
10.04360 26.33646 26.03665
22.35043 6.97547 33.60540
27.19471 26.90040 20.33442
17.92635 17.19816 32.45927
19.23095 24.19013 16.75619
34.77262 14.21069 27.54084
18.54229 10.72297 13.91513
16.36000 5.81892 19.35885
10.32395 5.99381 19.02187
20.41207 31.36612 17.98532
18.55533 13.32826 14.57624
29.00815 20.70911 29.26498
19.97668 17.79155 25.98938
7.96360 2.90476 15.00629
29.25709 17.85427 7.22837
34.79115 10.96444 7.29579
1.57720 8.69539 18.06905
22.89806 10.66377 11.98224
25.49520 30.34413 13.59346
11.26544 18.23640 11.16865
22.93144 1.46041 12.03411
18.98456 8.91058 25.48952
16.52154 29.87201 8.80118
8.39769 30.50998 21.31040
12.47192 3.47202 17.65430
23.98069 33.38922 5.39109
16.18774 4.68241 28.44651
12.40956 3.88861 1.35160
22.22196 16.10617 34.17650
1.43017 8.80739 19.15103
10.82175 17.94263 16.65244
6.86712 21.34176 22.72983
5.54337 19.32751 1.77997
5.76510 28.17643 13.58128
12.32991 23.33531 29.01717
32.01843 32.93692 9.21138
4.37959 26.30280 19.38643
15.18599 32.36614 25.19025
32.59688 13.82042 33.36751
16.15124 27.10035 4.18021
21.86489 2.03742 33.17431
5.56063 17.05609 22.87560
10.53945 24.41951 31.31473
14.46024 1.85079 14.52310
16.87884 12.97274 20.24979
4.66235 1.95566 27.32757
34.35815 31.87056 13.79420
2.96602 5.97918 26.92347
1.63596 33.03073 21.65797
24.41788 8.02564 23.21024
21.02701 14.42832 16.80598
17.40714 17.76706 14.68462
10.26436 11.20616 26.89852
24.20003 10.91223 3.68247
20.81099 3.83227 15.88974
1.25320 25.70065 23.58983
30.74276 9.51467 23.25813
31.16941 15.75075 32.35389
32.76517 21.56547 10.70053
8.09595 25.16817 20.75960
1.98250 28.99691 31.01350
15.98658 31.67007 15.81251
1.32476 6.58132 19.03416
23.92400 5.18503 29.28007
7.47138 2.97505 11.90826
27.19870 4.69510 30.99363
25.93519 14.10258 5.07369
11.59952 22.55613 19.14414
13.09626 11.03041 12.45663
2.90876 3.53901 24.02042
14.61825 15.63596 2.04333
9.86105 19.89174 33.42795
15.14380 18.84664 24.16943
9.70295 12.78410 19.74693
31.82109 26.28256 24.88148
34.05689 12.91977 9.55331
17.42281 19.99519 2.47497
3.06937 34.89582 31.22576
4.74373 26.65995 33.09576
14.49365 20.34365 32.86119
20.02682 17.85201 33.19492
9.39310 9.85762 14.83441
6.55479 33.83622 20.45208
31.79597 29.99412 13.55083
34.71607 22.64869 16.52672
27.09070 19.05559 29.82620
23.93881 33.67801 6.52806
11.47328 9.54575 29.43836
22.91379 20.45071 18.39645
6.12975 19.46859 20.44448
26.89599 4.32754 3.80814
6.81894 14.42942 10.97882
25.37999 31.64010 1.89891
8.19031 5.88081 31.13417
33.09273 21.62049 21.45375
31.89015 16.10572 27.42297
8.76477 32.79585 3.80633
21.94933 30.38548 34.39823
33.44842 22.35640 31.99857
12.12517 10.66447 11.91911
11.23268 20.57277 22.87451
2.79279 8.54565 16.64789
30.52561 13.50989 9.94255
33.24957 8.96187 18.35742
33.65741 31.09081 13.66105
10.58000 14.31668 33.54214
32.29456 18.28024 19.79228
5.68224 30.37422 21.61427
30.08874 12.72640 29.46561
11.06544 4.52566 24.17835
9.14294 8.41103 13.16990
12.08748 20.50378 6.75246
28.54852 12.09122 7.70590
1.13067 17.93000 7.68580
22.08680 17.38363 15.36813
31.53650 7.57305 17.34449
15.23496 17.98265 2.56155
2.68463 13.52333 24.76345
12.64611 1.37020 28.44058
9.55527 6.88435 3.71222
3.50697 10.28229 28.37943
5.57746 9.15707 5.33820
4.96796 33.17665 1.20126
31.31462 25.79122 16.24876
2.85231 3.02721 25.30483
29.94402 16.38643 2.86019
28.74186 21.64944 15.40582
33.34772 9.72830 1.45009
4.42731 9.30467 14.94178
19.95976 22.48157 3.40147
16.38766 20.36224 3.17717
20.52418 5.65398 13.02995
14.54497 3.82315 10.48678
34.78808 19.05192 15.68435
5.41447 6.31900 11.71844
13.10760 6.81848 10.42333
30.97704 31.71846 21.27409
1.58796 28.53251 29.73518
5.84384 4.92313 10.88154
26.07662 34.99178 3.56131
1.95564 29.17509 5.44919
5.08876 23.48651 28.53291
7.74416 9.45421 23.89883
7.18753 23.25163 11.13846
21.99293 1.20041 14.72572
1.71179 13.07136 6.38672
15.34223 34.46431 29.42922
3.74932 19.05248 29.15793
22.19905 15.97225 17.65702
26.78988 10.13375 20.91564
29.34351 22.99886 33.02593
1.98000 4.22247 27.87856
19.85816 14.98814 31.68326
19.96200 22.48395 3.14491
7.13269 5.10425 18.77777
16.33571 22.60636 31.67061
12.60195 25.62514 32.19139
30.14258 10.92102 7.11795
27.94267 26.68586 22.42373
4.77214 25.78390 23.31659
33.55700 7.24814 18.40383
11.44705 23.56735 11.15501
27.87543 27.44941 29.13977
31.50593 28.31583 20.39536
30.57569 15.13604 19.57557
6.89298 2.41450 34.17412
18.43514 23.23621 4.68852
17.69969 34.00930 27.36843
30.32713 7.80043 17.88544
26.97691 12.18923 22.35605
20.56418 11.42175 30.85982
10.55400 6.89241 4.79861
4.65253 31.61368 1.61959
30.51131 16.21335 31.24327
21.76017 23.76520 15.32101
3.24023 32.77863 32.24080
11.14150 12.98962 12.40711
30.41428 17.36937 27.20409
14.20854 27.61883 31.63035
21.40567 22.71807 1.45258
4.60717 33.88803 15.55665
13.15008 25.04154 32.48622
21.64236 13.66469 12.68290
18.79215 3.16283 22.83267
25.25525 23.93583 27.08153
7.96776 10.61352 32.30668
33.67938 18.83558 30.50006
17.38646 20.67118 24.92960
4.90699 15.80052 21.32784
10.20955 29.36886 10.26159
9.08193 12.93331 21.68427
26.24798 19.56898 5.71622
24.04968 18.27742 8.34500
11.31757 1.34581 5.85126
14.04918 29.61576 24.77418
22.14824 9.29386 5.31783
19.25519 27.60797 8.47275
16.26883 6.71852 9.40416
3.88833 6.95090 14.72964
6.72230 1.53687 34.76432
1.09490 32.26552 30.44732
20.36804 14.58926 4.21810
32.75353 30.67862 15.94151
10.34307 32.64415 22.83610
15.26254 7.08350 31.55639
34.99478 2.99530 26.66478
14.85322 1.13741 1.84017
3.13890 14.60803 21.42221
23.66123 5.86533 3.64900
21.48766 31.47530 29.59118
6.97240 34.35575 3.91009
18.33475 1.55296 13.86196
30.61009 34.92310 10.03366
28.63733 16.71183 34.23947
28.59519 30.11437 2.53844
34.81198 2.86532 8.18243
19.13381 19.25714 18.00519
1.33052 32.58680 19.00481
32.76638 24.16384 10.76035
17.78027 3.88804 19.21614
33.99660 16.02647 7.00694
2.79839 15.82296 32.78001
13.39050 24.29333 22.17285
34.69860 15.15629 20.87183
9.48606 28.05068 9.83433
34.94505 24.17905 8.70862
19.02823 9.04081 31.73486
28.64824 2.21067 27.34442
7.55896 16.40373 4.53136
31.11016 6.46107 7.75392
12.28921 1.60128 27.95836
10.68660 19.88189 9.46829
6.23919 30.67681 27.69961
26.38021 9.64712 29.24851
21.13924 3.79896 28.84556
7.64897 7.57632 10.29757
19.55041 3.96080 13.72503
23.36708 12.50527 32.95716
26.54156 19.52978 9.11188
7.71973 25.58299 13.88279
28.96805 14.06367 19.58224
13.63113 29.35848 10.04938
27.58148 15.54264 33.14069
19.87581 10.18282 34.06930
11.76890 5.06616 9.07592
19.95334 32.56936 17.60645
7.44768 33.43873 20.28161
25.21928 12.54160 30.12118
19.24611 12.68643 5.62776
20.31420 27.04276 29.36405
34.79993 20.18718 13.54210
28.58121 27.75476 33.65233
4.27345 9.70190 23.39199
6.29230 12.57831 28.20753
31.24659 19.65318 6.48187
30.86232 18.26974 25.29218
18.55642 4.80211 11.48256
23.76756 7.38807 16.04146
31.45695 27.03042 12.64443
8.83719 23.35023 26.69814
30.40040 29.90234 30.69649
16.16136 34.30854 30.41088
1.04835 16.07619 32.21078
14.08524 17.18814 1.80198
24.11441 19.08126 8.97887
6.35744 8.87330 2.63479
11.63119 9.92929 34.74346
4.03812 10.30657 19.85760
17.37243 3.65931 15.93465
1.00668 17.57521 11.49558
24.65810 5.68451 16.45097
17.52495 27.71722 16.63609
30.19915 10.14043 26.67525
15.56619 20.19488 16.32508
1.62665 24.09729 1.06269
5.94031 11.41316 26.83902
34.25458 26.09892 30.89136
30.56094 11.11659 30.38140
11.83886 25.58983 7.54364
17.10475 2.41391 8.82429
24.80362 9.98082 11.81732
2.91916 10.71276 1.66387
30.54658 5.61663 30.74022
2.43706 33.08088 19.98239
18.84571 33.64346 17.64616
23.37681 23.08938 2.86548
15.33767 15.05990 16.40538
19.30710 22.07873 28.57967
15.21910 13.44649 4.86124
31.77486 26.58389 1.43409
6.72818 11.38015 9.63210
33.78883 27.23149 28.72226
15.38084 34.02215 11.49473
18.93514 21.36765 32.25646
19.20370 32.19316 1.24948
1.86449 3.49394 30.51503
34.29395 1.80138 27.40070
28.95051 27.86796 16.15755
28.37490 8.02165 34.07403
24.08773 18.61004 5.80653
26.81004 24.53365 2.87246
32.62392 25.40373 31.49451
15.73185 13.14262 13.12037
13.29892 13.44382 13.48080
21.96631 13.47023 15.73559
33.18852 32.74586 29.50482
6.31676 24.56417 10.56043
13.93806 32.73943 10.49055
16.04961 24.58919 30.53475
31.26117 30.90481 15.10174
32.36757 27.11097 32.49151
33.50357 19.40058 21.93161
27.66185 28.84900 17.29821
1.95536 20.53904 11.18114
18.12318 14.55680 12.37237
33.67611 16.24041 1.33734
14.08873 27.40580 15.31611
8.77860 6.35584 12.03707
7.99358 6.94596 17.16314
9.55261 7.52850 19.61204
23.79804 12.03039 12.69749
19.81915 25.39018 1.18374
7.63820 8.19527 2.44325
11.48616 25.78793 16.65766
4.53948 33.40818 25.19471
21.40734 30.54970 6.43886
25.30162 30.79180 18.01112
14.16502 33.34364 11.09614
19.32289 33.41567 1.97413
16.76760 9.35450 2.70650
5.78034 30.20059 24.20780
30.25211 32.27215 7.83295
6.88333 25.26325 5.79763
34.37099 3.43834 3.28416
6.94253 31.84991 5.10633
23.62640 16.84205 9.20386
28.14458 19.17637 25.30488
11.60593 11.11450 3.37646
18.03346 10.77088 26.54720
30.39889 31.53831 27.49045
20.92362 17.22436 15.64087
13.14704 1.21903 4.29309
14.46686 34.04794 23.15147
10.43696 32.64981 12.02527
9.06995 8.55194 23.27016
3.77113 21.35371 17.18090
3.48454 31.88838 15.33323
26.29948 28.53240 26.00221
