10.00000 10.00000 10.00000
4.36946 9.68988 7.27146
5.23134 5.67894 9.20114
7.28177 2.85566 6.74424
5.15325 1.83461 9.73947
5.80856 9.16149 6.97022
5.35888 5.98006 9.77109
6.85905 4.10010 9.64945
2.15548 9.44856 9.75141
4.78071 5.94491 1.65361
3.78892 6.75436 8.81764
9.81246 1.48159 6.07535
9.54826 7.50989 3.00309
5.94519 2.37388 4.35625
7.60961 2.97886 3.40261
1.18189 3.91558 1.84804
9.62691 1.53806 7.06414
5.66810 5.48850 2.10819
1.82198 4.80828 4.97458
9.26005 3.46659 6.23383
3.89299 3.28739 1.25928
6.83458 1.28572 7.20041
5.70510 8.43547 3.08657
7.78057 4.76478 8.93893
1.31927 6.69534 7.51997
4.53415 6.09847 6.12613
2.96498 2.71375 7.11797
2.36225 1.91976 4.92239
9.95593 1.64835 4.35854
7.30716 7.28626 8.88675
2.38083 9.83900 7.90833
4.53461 7.20648 7.68399
7.00812 2.97224 9.52531
1.63337 4.98181 8.31266
3.38045 3.35759 8.99594
4.78755 5.04560 9.80984
1.54265 9.30960 9.93012
4.39747 6.03682 7.84724
1.61603 4.96919 8.01969
2.49902 9.42559 9.60825
3.57172 3.74985 8.44811
1.42599 8.61605 8.41158
8.45071 9.92092 8.69431
8.61490 8.08355 5.97743
8.46740 2.47544 4.13504
3.39222 5.36223 9.30597
2.42593 5.06344 7.80203
2.50268 6.40541 8.22599
4.68392 9.07250 8.32076
8.67450 7.54828 7.84466
9.32069 7.15301 9.62141
9.29369 6.43789 4.28083
6.41822 2.27376 6.99203
3.27411 5.65035 4.65420
3.39797 8.24560 1.78610
4.30495 9.81026 2.85765
2.28123 6.26698 1.63421
1.96564 5.35868 7.00023
8.11108 3.10673 4.70947
4.83260 1.58614 2.76172
8.74874 5.13331 9.40189
8.28268 8.87787 5.97185
8.84279 1.83068 2.68997
7.20738 8.16445 1.47703
7.87469 6.31782 2.89266
4.85427 6.09954 9.10846
3.61680 4.27224 2.00830
6.36371 7.30021 8.85034
9.93910 1.46519 3.49098
5.04362 5.62060 9.05279
3.36796 9.62869 8.94364
3.45098 7.45891 4.86187
2.60996 7.30098 2.43310
3.60012 2.39767 8.37154
6.22431 9.22974 8.20817
5.24906 8.71125 4.67025
9.85576 5.99065 4.81991
2.61793 2.08278 3.33563
9.75931 4.83526 1.48503
3.01434 5.04883 2.30422
4.89203 9.09584 6.98727
3.02876 7.46394 3.23579
3.68862 4.11349 2.35824
8.30011 3.23264 3.97202
5.86814 6.41009 6.63325
9.98772 4.81940 5.05340
2.40329 2.25892 7.88166
2.88582 8.68793 5.50501
8.82779 2.73384 7.86291
3.07021 4.81791 6.42147
3.22739 6.47532 5.54128
2.96108 1.14670 9.28533
9.15498 3.23921 5.87884
1.65185 6.09735 6.13829
1.10503 8.65395 8.60843
2.81920 9.15902 1.29572
8.10304 3.91618 5.18060
9.57495 5.87080 1.41564
8.34026 5.34390 6.91909
2.32063 1.07401 8.76048
1.39295 5.38921 5.77203
7.96308 3.96494 8.99236
3.32641 4.76971 8.79373
2.98846 4.86647 5.28098
1.93326 7.09024 9.69775
4.79571 6.86611 1.04047
2.52133 7.11590 6.64654
2.86306 4.72497 5.02957
3.00918 2.44120 1.53610
9.89430 9.84656 9.77836
6.87636 6.76889 7.99026
1.51091 1.65977 9.17077
3.21088 7.68305 8.34173
8.69684 2.18052 4.33548
5.58046 9.39143 5.71357
6.35495 9.26721 2.96983
2.79110 5.80319 2.87476
1.18725 2.67212 3.76066
8.52496 2.65140 5.73952
4.49598 6.79758 6.42052
3.79516 6.56313 3.08503
1.50460 4.75517 7.16174
3.39995 8.03876 7.85527
1.98137 7.63049 5.55274
6.19151 3.79314 5.19188
2.16294 3.07145 9.36474
5.08086 7.88455 4.91650
5.93389 2.79703 6.54253
9.67636 7.41353 4.00976
5.82487 2.36144 5.76127
6.32835 7.33012 7.91897
7.34008 2.02735 3.47501
5.13051 8.41110 8.65884
4.64002 1.79873 1.18918
5.87452 1.49555 9.42933
3.83317 6.25615 7.36625
6.03633 7.50027 8.31159
5.49773 1.54176 1.07185
7.08137 8.24535 9.40109
9.08546 2.89403 7.46361
9.64482 5.54447 1.08524
8.36129 9.46566 2.09577
4.03445 5.15407 1.88317
9.66943 3.13615 1.55293
8.76285 4.36645 2.70930
7.18964 1.24824 1.68272
6.74509 9.50089 6.92983
1.53933 4.28597 7.05623
3.13319 9.55984 5.97982
2.50348 7.06720 8.78651
6.38285 3.98998 4.71143
5.19092 2.59366 4.61540
6.57335 4.10854 6.78103
9.90491 9.95286 7.36351
2.41868 2.08713 9.79209
8.62059 5.82735 9.15442
3.06106 9.58940 1.74140
2.91569 3.04344 4.97953
4.48891 1.23383 1.61941
2.96489 2.09508 8.97738
9.45344 5.31768 9.37239
7.71129 2.55791 5.33097
3.14779 4.20711 5.00963
8.16724 2.11734 5.54025
1.21062 7.54935 9.55681
3.98143 3.13739 7.60446
7.48749 5.55968 4.96642
6.31808 1.01635 7.37190
9.83951 5.85915 2.33525
8.39301 2.94555 2.60245
5.68721 7.83195 3.51031
6.09292 5.45834 5.11179
2.26738 4.87341 3.19229
5.79774 7.07678 1.38307
6.37515 3.20720 5.04113
2.38721 2.33325 2.34495
3.80986 9.39297 6.61604
7.61924 4.18505 8.99244
8.69836 2.13289 2.12444
8.98443 5.07289 8.32351
6.63651 8.23023 2.37266
8.63196 7.97282 1.95225
7.39701 6.75430 5.01075
9.63650 1.48305 2.36127
4.90858 4.91226 1.04254
6.02607 7.31322 2.64321
4.28161 1.97844 2.29417
1.97290 3.58282 5.86795
9.41317 9.40215 3.04558
2.54336 8.41898 3.32764
1.80829 1.22437 1.59695
1.96595 4.17301 3.66727
5.90374 4.75454 4.31608
8.36163 8.03177 5.12701
9.65034 8.36463 8.21742
1.74390 5.42517 9.32765
5.72079 6.21553 5.76551
4.06167 1.17161 8.85272
9.28790 3.70147 9.91555
9.20591 2.02432 9.32699
9.47114 7.24390 1.68603
3.99570 6.13963 2.76194
9.46231 6.20966 5.43502
3.98611 9.15201 8.11722
7.10635 1.83783 1.31398
5.45260 5.90635 7.10478
6.71448 2.61242 6.89029
3.46176 9.18700 5.76710
3.07662 5.23779 2.94657
1.88066 6.35936 5.65356
6.69267 4.72698 6.29518
2.17036 6.29920 6.43939
1.62944 7.18474 5.05562
2.22713 5.92909 6.88396
9.73562 1.64950 9.42001
6.85226 4.19708 3.12578
5.49239 9.91570 7.81595
7.22898 4.94105 8.61169
7.70889 5.68425 3.38706
6.61676 5.55228 9.05954
1.95783 6.84190 5.68922
7.69161 6.51300 2.61816
8.09243 1.56859 1.42645
1.96750 3.95015 7.69863
5.78137 1.35224 2.80597
7.36589 1.96396 9.10450
1.15428 6.06152 4.05404
2.20882 5.91559 7.97455
5.35047 1.36532 4.86882
7.07912 3.59099 3.77909
3.94012 2.53215 6.58370
9.67907 9.90230 5.69861
6.91322 3.81075 4.97102
3.32677 8.38656 8.48017
2.38731 4.70257 5.03844
7.79970 9.94884 9.94687
2.09168 8.54170 2.91738
1.09608 3.84370 1.07401
1.50850 2.51582 8.15872
1.73559 3.53565 3.25702
3.18835 7.69100 4.97369
6.36636 2.47915 9.12087
2.67741 7.29064 6.26603
8.84980 2.82731 6.55459
3.54483 2.44918 9.02476
8.57904 4.93221 9.91636
3.00784 5.03650 4.09700
3.82999 8.04402 6.09796
9.19869 4.20736 2.34995
7.01322 1.72416 2.68280
2.99835 2.24517 3.49650
6.67143 7.44802 9.50797
9.50151 3.28870 1.67282
6.06815 4.10502 3.47500
1.40470 9.92986 7.01966
8.27813 6.98181 3.27541
9.99436 8.72795 4.39931
3.97878 6.25679 7.39873
6.63435 9.89243 9.12447
3.85829 3.49046 7.35568
9.90390 5.88393 9.21314
3.09745 4.40820 1.79498
5.91416 1.33022 2.28787
9.27790 5.72130 1.37723
8.78170 4.09104 5.71664
3.51570 3.52091 2.48013
3.80281 8.09565 7.14340
9.61666 7.32560 1.48693
9.29411 1.88090 5.50295
3.14695 3.63072 2.13081
5.91700 2.60930 1.02896
6.47181 9.90449 9.80219
7.26730 8.97299 1.15441
8.29917 8.97697 2.21061
1.25361 9.25601 3.07349
1.93577 3.34620 1.41419
2.33607 4.46996 2.57360
4.67195 8.09546 4.31214
5.06632 5.26658 1.93118
2.69754 7.50264 4.75500
3.12765 4.95250 4.05159
5.69532 7.74061 2.44658
5.76078 1.61819 9.18409
5.03064 3.62602 6.34202
4.64319 2.42380 9.54926
3.32149 5.29779 2.50393
4.24294 5.43346 6.42523
1.56595 8.27262 7.99304
7.25720 3.42350 8.47300
9.60114 9.06740 2.62651
8.62039 3.91776 1.15503
1.46680 6.81109 6.51484
2.30040 9.61946 4.43532
6.28371 4.42661 6.69225
5.55597 2.21951 3.37855
9.89657 5.44222 3.10036
2.77110 1.31048 8.46249
7.30333 1.89622 6.10423
8.21025 7.70414 1.04940
3.14324 7.68362 5.47761
3.97702 7.65421 5.01362
9.47057 6.18188 2.91782
8.18388 2.13798 8.36508
2.00201 1.97007 6.24581
8.89639 3.44923 3.71173
8.55547 9.32503 9.40646
6.56767 9.62067 5.37756
5.92140 7.71991 4.73040
6.99850 2.41002 2.51432
4.05909 2.69548 5.70930
2.48572 3.62335 2.36525
2.57268 8.21051 6.37872
2.61580 6.35582 1.63657
7.67502 7.70325 1.83883
6.38318 6.09952 6.23239
3.79872 3.41686 3.49561
5.39003 5.82946 2.32211
2.53478 5.02044 5.54508
5.46083 4.11153 8.55722
2.53497 5.55299 7.54592
4.57453 3.15859 2.00295
4.86527 3.90381 9.96740
4.13652 1.88107 8.01728
9.50746 9.37513 9.80577
1.52216 1.82005 8.81006
6.86844 2.80543 7.56509
5.09629 8.17720 9.71476
7.31104 5.63410 2.29756
3.83172 6.55862 7.95039
2.70906 7.26618 7.86320
4.69414 7.33773 6.04712
7.42237 4.03025 5.72597
6.50512 6.27670 6.16036
4.16813 4.95983 8.80593
6.78781 4.69944 2.84981
9.21702 7.41521 7.25344
2.51793 5.70186 3.79151
2.88879 7.22016 4.60218
4.57324 9.80748 7.40717
4.41642 6.41735 2.40085
8.03433 1.23301 2.83220
9.76950 5.92813 7.47493
3.97116 4.33929 6.13563
4.46713 2.54506 9.07512
8.97757 5.24030 7.25680
5.78448 4.78955 8.75993
5.31771 9.67077 6.61434
2.81684 6.35154 5.64650
8.66764 9.08587 7.44411
1.73849 6.00728 3.73363
9.72154 7.70602 1.40818
6.61743 5.07124 8.44613
8.56327 7.46599 8.19564
6.87816 8.67474 3.08420
7.63961 4.64125 6.55136
7.72996 5.26646 7.80929
9.07102 8.18168 5.41238
1.35294 6.61502 1.10928
6.75150 1.77123 9.58955
3.10498 7.76806 2.77990
3.32162 2.16236 9.49889
9.33680 7.34969 8.59809
7.76704 3.92117 4.80645
9.57684 5.91719 2.04581
7.07903 8.18701 2.54400
6.38295 8.39767 2.75606
9.16989 2.93417 2.26410
5.95138 8.82898 6.51745
4.51156 3.17099 5.29467
5.87879 8.67816 9.97151
7.63496 3.70819 7.00288
9.14899 3.60639 2.24247
7.48350 2.32012 3.83329
8.32296 6.39916 8.53917
7.85437 7.03348 7.44853
5.83181 4.94221 6.18797
4.97603 9.56507 6.01925
8.61411 8.61533 3.93158
7.80113 1.61946 2.31647
8.36412 8.07837 9.69564
2.01994 9.37388 5.40439
6.00050 5.36477 8.68225
4.40419 6.16679 7.52607
1.59848 6.89026 1.14456
1.70135 5.06039 5.72905
3.61908 2.39319 5.19772
3.31662 7.45341 8.94870
7.98994 7.71753 6.23466
6.58275 7.06273 1.12524
8.07646 7.20314 5.57285
9.96299 8.51137 2.20681
3.91041 5.19465 2.66915
2.50344 4.62700 5.51583
2.18629 9.45815 4.95334
1.09970 5.39068 8.74055
7.11856 2.51971 2.76433
9.91287 3.43159 6.25332
3.50446 3.53794 8.33954
1.68245 5.86407 5.51467
1.98196 5.67626 5.49641
7.10831 7.46630 1.20617
3.80960 4.00185 8.36725
3.86850 2.71772 2.05269
1.12761 8.64899 1.23272
3.93514 5.11907 6.52421
8.33666 4.40890 6.56180
5.59189 8.54418 6.33344
3.70874 9.09902 1.59212
5.92031 7.12732 4.37033
8.97659 8.84337 1.08149
4.29407 8.37681 8.39375
6.81456 2.78210 1.63804
5.36623 1.95136 1.09577
8.68490 8.87465 4.05339
9.78880 7.67731 8.59426
1.37920 9.18874 7.39783
9.48339 8.17842 5.54711
1.21044 9.11567 5.72037
5.02452 6.76721 1.18506
6.76081 1.01196 8.71241
3.95835 9.41440 2.14189
1.02293 6.87497 2.40910
7.50857 2.69540 9.21709
3.65951 2.39532 2.56410
3.06453 5.39333 5.15141
1.57229 9.32105 6.92621
8.02993 7.48610 7.03490
1.79347 3.40638 8.64382
4.59775 5.79106 1.34630
1.03762 1.21549 1.82386
1.85076 6.88845 5.09366
7.08975 8.05257 8.41950
2.54215 3.56663 9.78315
9.53904 1.83829 3.48697
9.80491 2.74124 5.08531
2.82464 4.66662 3.92165
8.48898 2.90219 7.38714
5.01897 4.82142 9.37175
2.30218 9.83360 3.79187
9.55349 2.17276 1.33493
2.71099 2.41793 3.30979
1.18180 2.89541 4.62279
4.22255 8.40622 4.94995
1.87698 3.02069 1.11829
8.14135 9.28490 1.82066
3.08480 8.68387 1.25167
4.05340 8.66823 2.31909
4.42543 8.68518 9.82652
9.00145 3.57413 1.32773
6.69769 8.47178 9.07894
7.74666 5.04205 7.63820
7.75042 1.29150 2.42440
3.12245 3.76065 6.62558
9.30128 6.78051 9.07367
9.22030 4.58539 4.31563
3.92184 2.50174 7.33470
4.41051 6.42271 8.62453
5.31475 9.48590 8.83774
6.42337 1.02799 1.08774
9.50337 2.55977 7.38746
8.39795 9.59207 3.96703
1.48500 4.84115 1.90754
4.05576 2.15889 1.24942
3.44275 8.09201 8.89726
4.04399 1.58842 1.99878
4.26174 8.25324 9.60954
7.25964 3.79042 1.26021
4.42077 5.12810 7.02180
6.92673 8.64090 1.23087
6.79260 5.43933 8.57033
7.39257 7.57833 1.18473
2.45389 8.40811 1.81355
9.30958 3.54957 5.10652
7.47018 3.96855 7.24584
3.04339 7.80182 4.91434
1.72464 2.87725 7.22303
4.99708 1.02635 7.82124
9.57847 9.20567 3.17561
6.25714 5.14965 2.30699
1.74994 2.71377 1.33073
1.39422 2.79601 1.74864
4.93825 6.19373 5.61638
1.98044 4.43659 5.78406
9.73971 9.99551 7.94964
7.83100 5.88003 4.43808
6.57904 8.74946 8.92189
7.83067 4.36412 2.78977
8.84145 2.54140 6.90936
3.18456 8.03452 5.91624
7.30793 6.77803 1.06376
6.78684 7.07877 4.81517
7.39918 6.38067 6.89095
3.80463 8.60512 3.03586
9.93853 4.54727 4.41922
5.46312 1.39472 2.80956
7.24339 8.98036 1.82112
2.92078 7.79377 9.88950
9.26441 2.29751 7.86775
3.60655 1.44394 4.75875
8.43039 8.61494 6.75393
9.82407 7.16385 3.93897
9.16589 9.91747 5.16556
3.23334 4.77426 1.36578
6.54123 3.25887 7.85966
1.53376 6.44557 5.32289
9.80658 3.91999 8.27854
1.60093 4.73557 9.52335
9.31494 3.10827 1.15696
6.28862 7.02719 5.54911
6.55539 1.39246 1.92078
5.82866 9.20347 9.68927
2.64247 9.15679 4.95086
8.46083 6.74149 3.98656
5.70740 4.87188 2.21435
7.42310 3.89398 3.46910
8.71131 1.66816 9.48356
3.64503 6.35456 6.32636
2.30755 9.72716 8.84323
1.63474 7.83024 5.43401
3.97357 2.50318 7.61740
6.88772 2.20699 7.25345
7.42992 8.62588 8.92037
7.64316 9.69468 3.30938
6.11120 9.76728 3.03561
8.42687 6.18404 5.92752
8.96609 8.57831 7.57881
5.12643 2.89171 3.13952
1.46825 8.94612 2.99447
5.82624 2.12536 9.12182
9.53237 1.45755 2.24279
1.27969 3.55698 1.95563
3.78013 1.59143 5.03601
2.38523 2.40126 2.64115
9.18984 3.11706 8.06946
5.68349 2.26621 2.76523
6.02668 3.20795 2.76990
6.70276 9.18765 4.48846
9.14399 6.16551 6.06431
4.47508 7.59519 9.62880
5.16095 5.41616 1.39386
5.33819 3.84625 5.64133
3.79965 9.64181 1.68788
6.37432 6.45477 8.75793
8.56039 5.59208 3.66388
7.26824 8.91280 3.56481
5.93689 6.76268 9.35329
1.79533 1.99449 2.58162
5.51317 2.84385 5.43344
1.03697 6.10939 2.19697
9.72351 6.14510 2.33760
6.94016 9.60875 5.04445
3.80707 3.26093 6.39420
3.68461 9.83338 5.99595
1.74745 1.26479 2.44199
8.74513 3.35213 6.93770
9.61159 2.35887 7.41445
4.81037 1.96871 5.58984
3.36665 4.34460 7.20111
7.69545 3.27099 8.57475
6.11626 6.47161 3.51040
9.09524 9.37446 1.10006
6.66504 3.97504 8.23815
1.40030 3.91970 1.49612
4.45290 4.11554 4.15921
6.98718 4.44260 7.94137
8.96760 2.10111 3.08496
6.50202 6.89663 8.33924
8.14862 3.95609 4.60972
5.13507 1.18228 2.95705
7.30629 3.25352 2.33644
9.22737 9.18453 4.63818
3.58040 5.86162 6.74978
2.88913 6.52292 1.97946
3.03718 9.23138 8.03440
6.91596 2.86774 1.53492
5.47371 5.76533 9.35504
5.16620 4.63150 9.64474
9.20180 3.60300 5.49561
1.80943 6.95141 2.52648
7.78712 8.09320 7.28140
8.81601 1.46330 2.14072
2.71470 3.73266 8.92798
7.41921 9.11885 7.47462
2.15517 6.05292 3.46289
6.82459 7.84398 5.14533
5.18528 8.59233 5.99174
8.75359 4.55764 1.31337
3.84880 8.52543 8.70763
2.08143 5.13385 6.53848
1.25582 2.99096 3.90936
3.77634 7.88317 8.15658
8.22976 6.61989 5.40913
3.03174 6.88564 9.50686
5.69747 8.62563 3.83520
2.04819 8.69751 7.22171
7.43434 4.69486 6.60733
5.93326 3.77817 9.77806
6.15655 8.18536 6.88723
2.46007 9.77307 5.99011
9.38462 1.55530 6.86151
5.10282 8.95880 8.57435
2.28452 6.03607 3.02918
8.42480 6.67091 5.71467
2.80220 2.25128 5.25341
1.18020 8.95712 2.41135
5.94520 5.45495 4.09213
7.01170 3.44476 2.67165
4.55384 7.29215 9.66118
5.16590 1.26384 8.60506
8.20350 9.94568 4.99714
9.41139 1.09549 3.60492
3.49028 1.17244 1.90529
3.78074 9.72803 3.22331
6.13117 1.62934 2.75280
1.15827 5.81390 2.89309
9.07463 3.76921 7.14494
4.85292 7.51214 1.38035
4.84639 3.51831 1.06060
5.60208 9.05708 1.73115
2.20949 2.17064 2.62599
2.21693 3.89869 7.11107
6.48625 8.07935 1.47235
6.11973 4.61883 6.65853
7.08392 6.20576 5.00475
1.81626 9.71554 9.58309
2.25622 2.01820 7.46235
8.90965 1.83287 6.27585
6.30878 4.66473 3.09376
1.75414 1.09499 1.33317
2.65642 7.62112 1.72064
6.99777 5.82062 6.15694
1.65671 3.69486 1.72614
3.89958 5.00002 3.11083
1.85042 7.78723 9.80242
8.59052 7.05282 5.55733
8.89056 5.58331 6.49596
8.30915 5.36215 7.01795
7.85936 7.10697 9.87848
7.59239 3.64929 6.92415
7.28119 8.67570 9.22080
5.72567 6.97884 6.05353
9.04125 5.57215 6.29138
8.07294 1.06144 8.97353
8.01127 6.31472 9.29679
6.09483 7.97711 1.48359
3.69121 5.09117 8.99899
4.91002 7.47489 9.27441
4.01524 2.34439 5.91091
3.75801 1.96583 6.91407
9.68256 2.62420 4.37491
9.11670 2.01085 8.62000
5.03833 1.17070 8.41659
8.62825 8.07955 6.81223
2.13185 7.41129 3.70485
7.28569 1.50312 7.15185
5.56285 7.60744 7.75099
6.12810 1.08106 6.35013
9.31273 1.97703 5.98022
3.30075 5.28896 5.40414
7.74090 6.57337 6.65617
9.07574 6.82240 5.32519
6.84708 1.07922 4.89385
2.92527 2.82168 4.45170
3.78733 3.60249 6.17869
4.84332 4.81740 7.55374
3.22586 7.34884 3.66793
6.38525 6.59254 9.29157
4.87149 2.09112 5.14245
8.34011 2.74066 6.76030
7.75592 1.27658 6.45882
5.54039 4.82856 3.27077
3.93497 5.56084 3.14814
3.19278 9.29681 1.30241
2.92497 1.70110 7.50849
3.20506 5.61607 2.94255
8.52880 1.25851 4.93007
2.61896 8.16665 1.23039
4.61426 3.31373 2.10419
9.06024 7.76640 4.87434
5.48841 8.27827 1.13615
2.59877 1.20855 1.52711
2.39169 2.39604 4.20025
9.20854 4.32431 2.62398
8.52850 2.80854 4.96890
3.19604 6.47649 1.95006
7.83571 4.99225 6.60633
8.90111 3.73590 9.52873
2.93677 7.51772 6.94315
7.75602 4.70362 1.17751
6.27763 6.55118 4.54001
6.02429 3.92974 9.26185
2.33464 2.52777 9.58622
8.41794 5.32088 8.04832
4.70949 9.74186 9.73202
6.64251 1.97854 9.61401
9.99728 7.87282 9.62740
5.31687 8.76607 6.05349
3.81308 6.32759 8.28718
2.43313 7.94540 4.18440
3.87364 6.89689 2.85045
5.03478 3.29745 4.31406
7.83642 2.04544 1.96793
7.20237 2.66278 6.25967
1.06456 5.57074 2.15379
2.42113 4.50540 7.01929
4.13082 8.11021 4.76717
7.01339 1.45354 4.78240
6.14355 6.84041 1.49796
7.10686 9.18464 5.73939
5.67962 4.43458 1.69411
1.10058 6.34769 3.25530
4.45560 1.56465 9.84568
9.43075 1.27449 1.63541
4.35284 2.29075 9.97188
6.79623 8.66154 1.95556
5.21333 4.68069 5.87688
9.16120 2.74918 3.39077
7.63145 9.45216 5.54932
2.14541 2.38914 7.82719
2.24762 4.15405 6.64982
3.32688 6.49404 6.24558
7.71231 1.87321 5.28219
2.36958 8.19592 2.27927
7.37982 5.56495 8.92637
7.59190 3.65324 7.75745
7.47780 9.49085 1.76886
9.16545 6.75886 7.23807
6.51627 2.98583 5.29858
9.77989 4.06226 2.82862
7.72449 4.46882 5.40471
5.60096 3.41761 3.09490
8.86452 3.33027 9.80762
8.47407 5.46330 6.84586
3.78609 7.54500 5.63162
1.06856 4.17570 1.40496
4.13967 8.54725 1.96758
9.60504 2.59758 8.85225
9.49496 3.93885 1.56278
6.83103 1.69445 5.68997
3.32948 2.34035 7.04266
9.89362 7.76416 8.89898
3.87552 5.03213 5.02615
5.85266 5.06037 7.59956
2.08171 4.95528 9.79825
9.67025 6.88600 3.41523
4.91825 9.06226 2.04255
3.70341 2.15007 8.07951
5.49932 2.21115 9.74643
6.60379 1.53706 5.63445
8.37300 5.18530 6.05170
4.41581 8.14481 9.24232
7.33653 9.57491 8.51682
3.67481 5.15388 7.98598
3.57490 2.57714 8.09807
8.57085 9.70325 5.58747
8.19699 3.48571 8.72869
4.71992 8.96392 8.54977
3.34044 7.58969 2.74520
2.08703 4.35598 6.26417
8.05783 6.74699 7.95891
5.82256 6.44699 5.24842
3.44808 7.07792 4.66740
3.77695 5.04004 6.43166
4.51986 5.01357 9.24912
6.94412 8.91992 1.02256
2.72532 9.46101 5.22412
2.50718 4.67684 1.58293
1.12509 6.79086 8.05222
4.15505 2.61863 8.25270
4.55405 1.40327 4.31993
6.69334 7.18865 7.01738
2.10842 4.31461 3.88252
9.68217 5.95861 8.36971
9.32676 7.91231 4.37681
2.82939 7.88328 4.68121
2.74235 8.80576 3.58454
2.57705 8.25877 9.81271
8.25776 3.25574 1.38666
8.77923 8.25581 5.51284
6.85967 6.29854 6.64062
9.32300 2.03409 2.05472
7.04987 9.52370 5.71351
5.74750 1.65081 1.07275
6.77559 3.01556 8.46972
1.42235 4.58861 3.68801
8.62650 9.05397 9.93908
1.51759 9.17976 3.65231
7.79756 8.82084 2.00845
7.96073 7.94877 8.96495
7.82863 8.09559 7.78425
3.10239 2.52175 9.65908
4.97355 7.61310 5.24225
2.01124 3.59543 2.83170
1.72603 8.63399 6.79493
1.63197 8.37782 7.94818
4.11093 3.17855 4.63026
2.12885 1.90930 5.70416
2.07452 4.49265 7.16964
6.70387 1.04630 2.29925
5.96002 1.07727 6.51684
2.49419 1.69004 8.70368
5.18893 4.28850 6.31068
5.53671 6.68010 9.28831
8.87419 4.05139 6.91261
4.21494 7.62983 9.21312
6.19079 1.53096 2.36080
6.62106 2.87933 2.73905
6.03131 5.37516 6.37868
9.84267 7.12880 8.62309
3.18215 9.89600 9.69355
3.37284 8.57329 8.16977
1.36327 5.11496 7.00716
4.31635 4.29869 4.02006
9.18828 2.95614 2.74444
3.52651 5.71859 3.49538
1.69544 1.73138 1.37388
4.59997 8.53235 1.01284
2.51190 9.08113 9.69459
9.95933 3.95209 9.35663
6.15751 3.03897 2.84475
6.62513 1.01897 9.79247
8.99470 3.30294 2.76789
9.59657 4.54100 9.93236
3.83851 3.00852 6.53862
8.71344 7.65514 8.76226
1.41541 8.60834 1.48092
3.87978 8.38692 2.44670
1.98581 7.70909 9.01278
3.71500 7.54301 9.66318
2.40560 1.75666 1.96702
5.11755 6.46986 2.90938
3.09291 2.91575 4.95731
5.81007 4.44244 8.79362
1.79613 9.24977 4.07276
1.48304 2.79460 8.69658
7.36636 8.21099 7.15749
6.76225 7.89164 9.48839
2.70622 3.78687 3.43418
2.31650 4.44975 5.13351
7.47163 3.06834 1.33206
9.83017 4.48455 4.38707
9.28817 5.02118 4.13643
3.50610 9.63946 2.82228
3.22063 8.11604 4.65588
8.48849 2.85762 2.99595
4.43771 2.73952 3.55589
1.99479 3.40145 7.69379
1.60548 1.09001 8.92165
8.12418 9.29493 8.03470
3.27308 6.12974 5.03231
5.00923 7.35886 3.19900
6.98157 9.43822 4.47486
9.77214 5.19695 9.52320
5.94108 7.02559 4.84300
9.55440 2.76895 9.25498
6.85256 6.44418 5.73445
3.47788 8.17431 9.16915
2.12354 7.28067 8.29968
1.61230 8.07967 2.04732
5.00549 1.92340 9.60255
8.66628 5.86618 5.03313
8.12406 9.03623 4.09008
6.61803 5.59448 4.43250
3.69975 8.52736 3.43367
6.67462 9.07955 5.02715
7.80178 6.34358 4.85068
6.05754 4.86069 1.31088
4.12564 7.99629 1.40719
7.08031 2.55500 2.26377
1.55049 1.10125 9.31771
5.01161 8.68275 8.09761
7.22646 1.57554 7.94918
3.48433 5.15458 8.02995
5.24379 7.68128 1.72074
1.87076 5.10706 1.50643
3.30702 2.49001 5.78795
7.29724 9.21498 3.63916
6.58696 6.95197 9.64992
9.60348 4.80097 4.20498
1.98141 5.95051 4.66725
5.98251 6.26821 5.94371
7.90094 8.20358 4.34728
5.52047 1.16614 8.06422
7.43768 2.01688 3.38907
2.66188 1.56824 1.07835
1.91316 4.49676 4.05271
8.00310 1.52706 8.97814
3.37220 1.51352 1.82444
7.55827 8.90941 3.74940
7.74339 3.86751 1.42753
2.00405 6.00766 7.27336
1.30423 9.62788 7.50348
9.46084 5.96266 8.71496
1.25571 6.31633 1.09817
7.02347 3.41329 7.95300
1.74983 1.97580 7.71605
1.57575 8.10244 4.03133
5.18454 3.69013 9.22561
6.77378 6.51702 8.11169
6.59719 5.80664 6.62476
7.17331 7.82964 1.03588
8.44663 4.37228 5.93845
4.35400 4.68351 7.97192
9.98871 2.81402 4.48979
7.16599 6.72689 6.55794
3.41441 6.47570 9.58051
3.60105 9.44445 5.49879
7.67828 9.49116 9.61192
6.50205 2.15302 9.18537
4.19728 1.09598 1.88374
4.06677 7.99179 4.11989
9.59738 1.89211 2.61932
1.30815 3.48910 7.21919
1.14244 5.52212 9.45685
8.02695 9.35539 2.89077
8.89375 8.03346 3.14445
3.74213 5.53398 8.22513
8.01245 2.98954 6.96587
8.12032 6.53070 4.15425
7.05678 1.43684 7.95057
1.31164 5.82201 2.83215
3.83921 8.90457 6.77615
9.20309 4.22863 3.37579
3.88920 2.75302 4.85095
8.95480 1.39906 9.63395
2.03333 6.07240 7.13083
5.97206 6.94555 9.39166
9.72166 4.86061 8.04326
6.26279 7.31228 2.62502
9.33582 3.84386 6.44736
4.16414 6.44158 8.44023
2.53025 1.18069 6.35223
6.23637 7.65477 6.40039
6.56742 4.20537 4.62861
8.34697 6.74524 5.85876
8.80742 4.87123 9.96110
4.00221 3.74361 2.87428
8.40879 7.14520 7.71174
6.93325 6.17426 5.24173
9.40621 2.83039 9.30496
1.59721 7.76565 2.38598
8.90409 1.58772 6.56527
4.86654 5.12186 6.34363
2.18929 7.57055 5.40812
9.56901 1.68452 4.46410
3.54094 6.09352 7.04672
7.81146 3.51252 7.13947
1.00815 5.39395 8.86683
8.07925 9.76581 3.98478
8.28200 4.73216 2.44233
6.10064 3.22786 5.61719
2.70525 2.14690 3.52786
8.78520 2.27231 9.20648
8.93375 7.30112 7.69488
7.47413 1.62283 6.78616
3.59928 8.76673 3.14169
6.37553 6.51505 4.05849
3.08539 7.46031 9.71185
2.63286 6.31274 2.61911
9.49274 1.10746 6.21753
2.79267 9.53606 5.09535
4.10750 2.36244 7.08819
3.45926 7.82558 3.88047
1.32390 4.32871 8.77881
7.74298 2.45722 9.58697
8.21952 4.92539 7.80130
5.65677 9.87890 4.36594
5.69618 8.30034 4.39791
7.46684 6.78417 3.17144
3.80981 8.17193 3.85465
4.96659 1.13194 7.47442
7.57625 4.75781 7.75688
8.15207 6.02762 9.92867
1.94104 5.86788 6.83052
1.78829 2.56382 9.30695
4.78735 7.28584 5.51055
6.60158 3.97798 7.39292
1.92579 7.84553 3.81422
2.39414 4.02389 8.95363
4.31872 9.46524 2.58567
8.88998 4.99364 5.23862
2.26358 2.74673 6.10582
4.09240 5.50504 9.20335
7.87844 6.76948 4.90953
8.89457 9.56835 9.23853
6.84600 8.81641 7.85824
2.50684 2.72515 8.19913
3.55017 5.06178 4.92294
2.11446 9.62150 1.84884
1.66015 1.76418 3.45091
7.38998 5.21272 9.80759
4.37051 7.22372 2.10922
1.17393 3.36176 5.96135
7.85598 3.37810 9.56592
4.81111 3.25575 8.49251
3.21345 4.54592 5.24491
8.40756 6.47388 2.55463
7.57204 2.29629 6.32257
6.55185 6.14498 1.85975
8.08983 6.02824 5.39158
4.16284 5.76445 2.63130
1.99769 4.24124 1.55302
1.20298 8.47208 8.39689
3.03142 7.33107 1.54666
4.86457 9.52900 8.25088
1.95743 1.44725 1.46500
9.27519 6.30378 3.02987
5.79354 2.99116 6.10914
9.52673 5.20354 2.68416
6.14256 1.99491 5.88967
4.51826 7.94995 5.16862
3.58892 2.87106 1.91453
3.53844 3.40532 4.15895
6.38472 8.48923 2.93747
6.58195 6.22408 2.02639
4.95134 6.23866 4.15743
5.57610 9.98821 3.16139
7.01240 7.52940 5.57407
1.35932 5.86946 7.07886
9.27351 5.57743 2.73496
2.86970 2.71491 7.95793
9.47494 5.82290 7.62975
8.74982 6.47122 7.74835
3.08206 6.42311 6.22220
7.79380 9.78357 5.47619
2.14045 1.45258 8.82017
9.40826 7.88216 7.15772
7.88665 6.38907 2.15477
2.27326 6.62135 3.09746
7.50310 4.69393 5.67847
3.50527 2.52458 9.56511
7.14578 1.55716 1.53849
2.02350 8.44948 7.12414
8.09640 9.67934 1.62022
3.56332 5.25699 9.64721
8.83129 3.27506 6.03073
5.19388 2.28754 8.34282
5.50425 3.55171 1.99407
2.47995 8.08607 9.82040
3.92828 5.83406 7.42594
5.36133 5.78313 7.39245
7.90397 1.27203 3.19906
4.71920 7.27357 5.70596
6.25765 2.17196 5.56783
2.04473 8.91524 1.64923
3.51141 9.39038 2.82446
7.99495 9.12678 2.19006
3.93972 4.50349 1.52881
5.92785 6.73471 3.06438
6.05719 4.68562 1.26364
8.00366 3.88427 7.26541
5.79240 5.23790 1.89176
9.35067 5.15173 4.64607
6.59635 8.53919 1.62245
5.01641 5.77232 5.14311
9.87425 4.22404 8.16473
5.46157 6.60741 8.91923
9.73271 8.21340 5.43531
7.91584 1.37848 2.86041
6.92899 6.46863 6.52618
8.46506 5.46835 6.46931
5.88303 4.10827 7.34969
6.00359 6.74626 2.38464
1.04896 7.72509 9.74820
6.13087 4.88531 2.04252
8.61330 9.62758 1.64445
3.28719 2.89637 1.18987
8.05578 3.13068 5.06247
3.26262 3.99933 3.19597
6.77840 1.41771 5.30066
5.13387 2.31146 4.60471
3.88257 5.09878 3.21745
7.44720 6.25182 2.80903
7.63939 5.97122 4.40758
3.92520 7.84805 7.69488
8.25245 9.61042 9.91781
1.47444 2.71387 1.86762
6.88475 4.62649 1.12393
6.02274 3.99168 3.10255
2.88960 9.80882 1.55485
7.03768 9.40974 7.41736
7.79224 2.92318 5.01704
4.79469 3.54433 9.92791
3.17012 9.07729 6.15189
3.19112 5.49918 4.72122
8.79027 5.41308 4.66749
3.75158 5.63545 2.45924
4.71214 3.15472 7.70916
1.60678 5.22961 9.54329
4.73168 1.70028 3.50664
3.56150 6.27174 4.67339
7.54540 2.88792 6.86171
5.05237 1.87960 4.84656
3.06174 4.09330 9.86636
5.28578 3.64800 2.92720
3.02528 9.91689 5.71285
2.23250 4.47536 4.94503
5.59347 7.74274 1.58143
1.29680 6.05911 7.64671
7.59201 7.81214 7.05865
6.06333 3.96363 6.88244
4.08382 4.55395 4.35372
5.83941 1.83634 8.38927
9.19374 8.72751 5.64073
4.14864 6.55097 6.42340
7.31423 8.91626 2.76672
6.69028 7.64342 9.81660
1.92876 3.56115 5.77029
6.63392 4.18693 1.36503
1.53172 4.57629 8.74770
3.20965 8.96023 1.34054
1.09845 9.09333 7.65274
8.31235 8.63562 3.93208
4.67475 7.77146 4.93656
2.41312 4.86759 6.80114
8.21198 6.21971 2.92350
6.81140 7.00095 5.41581
1.89973 3.92939 5.75098
7.05031 5.98370 7.53554
4.55334 9.09706 4.55699
2.04865 1.62698 6.06893
7.81089 7.41928 2.00197
6.23366 2.70516 1.31212
6.39769 8.84780 7.89175
6.37590 3.06853 9.47053
6.26504 6.78343 4.85143
1.32907 9.70738 5.33180
4.04283 9.07028 4.66270
9.39391 8.53559 9.10520
2.72263 6.47281 4.93560
7.34355 9.41881 9.89009
7.42475 4.15480 2.57609
1.87138 7.60225 3.96922
3.50886 8.52022 2.46740
7.95513 1.33483 8.38388
8.53004 8.97748 4.05161
9.55163 4.06878 9.61055
9.25408 3.75950 3.62565
1.81944 1.81828 6.98764
5.90913 1.42217 2.68548
2.92003 8.73079 5.96096
9.78245 1.50620 5.67213
4.84819 7.40106 5.62840
3.53992 7.45125 5.21051
6.31012 4.28986 4.34593
2.06019 3.52646 5.93217
8.11346 4.11290 7.14132
3.72968 2.09424 9.90781
6.05536 9.08358 3.75891
4.00319 9.52846 8.42611
5.53127 3.45848 8.29810
8.76258 7.34655 4.88653
9.41035 7.57309 8.05150
6.57156 3.58676 5.77115
7.00621 4.43977 6.13210
9.29852 5.18443 4.73392
5.86266 2.28904 8.21973
5.26169 1.62012 8.39654
6.10766 1.32068 9.65930
4.02424 2.42297 9.12795
4.11873 7.03553 5.34674
7.47084 6.33822 2.37540
3.71113 4.41435 2.95539
7.38801 7.36484 5.15343
2.06722 4.16872 5.40533
3.05145 9.45039 8.19437
2.18706 6.40246 2.91810
3.34793 6.19103 3.45291
6.58871 9.35431 2.50665
8.66774 9.13559 6.89417
4.38157 1.49733 6.33885
1.32614 2.17786 2.78581
6.32500 9.67912 7.14943
9.62401 8.29614 7.62930
4.76080 7.07065 9.10553
2.53090 9.90920 6.88124
9.65306 1.17136 3.38717
6.26851 3.88459 8.10826
5.28364 8.18366 1.81435
3.74399 7.76545 2.94239
1.12468 7.18207 7.45850
6.59503 8.80827 6.03089
7.88592 2.93769 9.12448
5.56703 3.19715 1.36275
2.37183 4.14343 2.44179
7.68721 9.55593 1.78919
1.40688 7.10646 5.24769
6.13436 1.74196 4.13455
9.39239 4.82607 9.58580
6.40974 6.68092 5.08923
6.33505 6.38770 1.06957
7.00520 8.94484 6.22148
5.63722 5.83906 7.96048
6.29631 8.54602 1.30126
7.82920 3.13383 1.98534
1.79124 5.76186 3.10437
2.09829 5.79924 7.52238
9.28508 1.40718 5.14965
9.92939 1.56150 7.13668
6.35754 4.18579 8.96960
8.13529 9.28539 4.98613
9.08488 3.19299 7.41603
4.77372 8.09155 3.48086
2.03791 6.22060 6.89642
2.31371 1.90371 3.40785
1.82192 7.24329 9.25100
3.18032 1.30309 7.28091
2.46775 1.40899 6.10494
8.61475 3.99890 9.96325
8.44888 9.06185 9.15788
8.98846 6.41102 7.37919
4.37057 6.25468 9.31357
8.42815 5.82785 9.26953
5.20588 2.04208 2.65450
6.91644 8.38484 8.99539
3.80393 5.54970 5.14473
6.44970 2.33946 1.44171
3.15559 2.81579 1.74639
1.71157 4.15810 1.05194
3.40210 4.28153 3.36634
7.51777 5.67790 7.45462
8.94120 5.72197 7.12018
8.59931 3.55830 7.01408
8.47945 5.62615 9.85585
6.80947 2.47966 4.41496
5.95893 9.66063 5.50405
1.48513 9.33822 7.77996
8.63443 2.79576 4.66855
5.37337 6.87544 9.26616
3.72548 8.02052 6.34958
9.60563 7.70761 3.48171
7.70763 7.81591 6.59855
6.35566 2.31509 3.13951
1.24550 2.59237 8.57819
4.86014 6.47473 8.42166
7.97919 5.68555 9.80599
3.43911 8.94396 6.44029
2.36043 2.30522 4.78808
9.88483 3.77130 9.19638
4.57449 8.56837 8.01743
7.23927 6.93172 6.81681
5.64290 2.03644 9.81991
5.30787 1.34510 6.76181
6.22507 5.32135 3.94841
3.32326 6.63316 3.26308
9.18016 8.69008 2.06336
2.00550 4.06399 2.73320
6.10157 8.07308 8.29163
7.73625 7.88901 2.42022
3.67326 1.15868 7.56209
3.48024 3.10038 5.77411
2.68996 7.88426 6.56197
4.65093 4.74797 9.87636
9.47742 4.30106 5.91233
7.63815 5.30482 1.57883
1.78316 5.32512 8.24257
4.36660 9.77083 3.00684
1.93907 3.84965 8.70548
6.39753 6.60949 6.09169
4.73203 1.38049 1.51386
7.08885 1.66218 6.45579
6.25825 8.72779 8.87597
2.66995 7.11396 5.46847
6.86499 2.10941 4.37941
5.93533 7.20925 3.08009
3.67285 9.53548 8.94222
2.94982 2.13670 8.91868
4.34098 5.44260 6.76670
6.34525 7.60381 1.22508
1.12884 2.01824 3.85214
8.72998 8.46117 6.15109
1.12695 4.32153 7.56868
9.15502 1.58736 6.62202
7.19346 3.45609 3.57214
4.73016 5.62204 2.64739
4.87444 7.81752 7.92374
2.23970 3.43178 6.85844
4.96575 4.13800 4.79487
4.46841 2.13542 2.05487
1.25769 3.45388 1.81996
2.23019 4.07112 6.11018
5.69889 2.49835 6.65021
7.92316 6.80686 2.46688
9.07148 1.84749 1.35875
2.54399 3.80770 3.47624
7.04194 5.01316 8.24542
9.43877 8.26600 8.21668
4.65192 7.83053 5.70403
1.91163 3.21364 9.05077
5.67419 7.62350 7.46524
6.81480 6.83128 2.46233
3.94887 4.57876 9.42335
3.80088 8.34420 3.48256
4.17320 6.41021 6.95294
6.09537 2.35803 1.24437
8.74098 4.45418 4.33566
6.66186 1.16565 5.80663
1.59923 4.40325 2.96997
1.20731 8.39437 4.09876
4.79240 5.55747 7.94337
6.62332 4.03579 3.90687
8.58849 6.14854 5.60571
4.38810 7.35137 5.21445
8.29568 1.02025 1.45587
7.06428 5.20694 7.53300
5.45635 6.64815 9.22308
4.10892 8.97951 4.67179
9.10988 8.79867 3.08629
8.14688 4.70864 5.42928
5.94982 8.30876 9.22424
5.45728 7.72994 4.64482
9.80447 1.33718 7.50682
1.54976 5.39716 9.22845
5.82784 4.98198 6.11297
7.37545 4.03741 8.42722
3.12617 6.60348 8.09028
5.24110 5.38391 2.30253
2.91792 3.76163 8.24882
7.25636 6.50346 6.78808
6.97649 3.16986 8.76069
9.25294 8.13774 2.40242
4.07605 1.37016 8.75623
5.43006 8.34419 8.72122
5.68309 1.69318 9.56015
7.54735 4.73917 3.94937
1.90350 7.62401 7.66758
2.60409 4.28495 1.28845
2.88161 6.73970 1.05565
1.89465 4.54168 3.85485
6.31287 1.29021 7.33696
7.94116 5.00752 4.19342
6.30826 6.77201 2.24868
7.78330 6.40716 8.27445
7.06167 2.51452 3.20985
6.93195 6.29774 3.76433
3.18340 8.67492 1.07626
3.04264 4.14873 2.68057
9.95762 5.75065 7.40887
1.45715 7.10346 4.83808
3.75616 1.99308 5.07872
7.03761 2.50934 1.03223
2.19479 1.16129 8.23648
1.56518 5.32464 8.11940
7.72301 2.36929 9.95098
9.64008 2.19869 9.50316
8.74046 1.28546 5.04724
8.94483 9.40844 9.17972
5.43245 8.51526 9.73034
3.96397 7.56883 5.93141
5.09980 2.24547 5.08073
8.27557 9.79041 5.96833
9.14307 6.62516 1.64602
6.57030 2.37939 4.20689
4.68110 1.77125 7.04205
4.16087 8.93140 3.23584
5.07790 8.29876 3.72386
4.11291 8.69699 3.20697
3.09234 5.60582 8.53123
9.56249 4.05084 4.11552
6.18947 6.97753 5.86265
5.80569 2.11670 2.55409
4.29672 2.29456 7.28812
5.53946 8.47241 5.83018
7.72387 3.10938 4.66204
8.14482 8.72749 9.72347
2.86339 1.61839 3.41737
5.94877 5.33321 1.51241
2.73789 5.98209 6.96289
9.80744 7.21197 5.31122
9.48882 3.76612 2.25511
3.16771 2.22423 8.53571
8.66937 9.35567 8.13159
2.09582 7.47790 3.07168
3.07000 2.89135 3.77957
3.77718 9.66754 2.09251
2.34171 6.36164 3.11671
1.06158 7.30647 2.46142
6.84599 6.32865 8.62593
7.64304 9.52841 4.61992
6.25721 4.48453 6.37379
7.51118 5.15016 4.44164
8.79390 8.91831 3.45623
2.55033 1.66878 1.77715
3.05881 6.74186 3.67841
1.30826 2.50530 7.42660
7.12961 5.50899 4.91016
4.03426 3.84225 9.24803
9.95144 4.28010 8.33872
9.42291 2.11314 6.96940
5.96320 7.27388 6.10870
3.27987 3.07930 6.21526
2.08836 8.58198 9.86247
8.83012 3.40410 6.76725
1.97736 7.46284 3.83188
2.81551 4.35020 5.05213
9.37000 2.17865 8.06123
2.55194 9.37255 8.53649
7.37123 7.43499 2.69671
4.57949 8.15964 7.41655
2.92596 7.82438 2.00526
2.73374 7.35427 9.72503
6.70181 3.22448 8.62590
9.34627 1.20605 7.14472
1.24771 9.82877 4.88913
4.65981 5.86409 1.33720
1.15122 8.67572 7.96028
4.33498 4.31362 8.16284
2.14437 1.40185 6.35220
4.41195 4.18303 7.82580
4.06641 2.54312 9.18485
7.45972 2.43747 1.27550
7.63709 4.32140 4.03488
4.48211 9.81443 1.16323
3.27310 5.07803 6.57966
1.53779 6.99917 8.78482
4.65824 9.99406 8.49142
1.48782 1.66460 1.53905
6.70416 9.71102 3.30166
8.64382 1.36203 4.12036
8.55635 7.19034 7.59783
5.81722 3.42789 9.61910
3.72670 3.39607 5.82048
7.95897 7.29491 8.48572
1.86539 6.98615 4.87527
4.66309 3.97033 7.91866
1.83718 8.59792 9.91153
1.21202 8.57060 5.24654
6.80449 3.54158 2.37385
4.38457 8.00249 4.15876
3.80165 9.65127 9.97248
4.25329 4.67941 9.31754
6.36082 8.81806 5.58319
3.42255 4.55530 7.10258
8.76607 4.98422 1.96288
6.35465 7.35411 9.83729
6.20585 3.00763 3.31536
3.53270 3.51988 9.63826
3.46159 3.32669 6.16167
3.60870 6.16080 2.89793
8.74115 4.58857 6.65267
9.53736 8.91173 7.59453
6.35390 1.08663 3.85458
4.39753 4.05123 6.09546
7.50738 3.30814 5.18919
5.67033 1.72722 1.85186
6.17094 8.10511 4.95677
4.53412 6.50933 7.30961
7.25686 6.19997 1.79157
2.80351 2.03224 2.40432
1.04066 3.35010 8.09944
3.80122 1.09980 5.55798
2.12215 8.27139 3.26895
2.99998 9.85252 6.02026
8.00674 8.15527 4.25072
8.20067 4.83995 9.81194
6.63766 2.59054 5.04974
1.50020 7.06211 5.55201
5.86533 3.85971 6.92072
1.64498 9.44822 6.41255
4.25661 1.57648 7.42523
3.36332 4.19251 6.07255
6.32950 8.14394 7.98116
3.05313 1.57351 8.27619
2.76854 5.14911 4.34144
6.01438 5.80266 3.54222
1.82910 3.47448 1.92061
4.50654 2.77257 9.65018
5.98448 8.51502 3.06806
1.06986 1.25139 8.81454
6.93034 3.14768 5.26259
5.28111 7.60531 1.39546
9.11724 1.82922 3.53729
3.19338 7.76730 6.25132
1.94798 2.54910 2.76720
9.40239 7.53585 2.55292
2.02487 3.37423 1.29241
4.44627 2.18882 8.93462
1.47310 9.81807 3.71479
2.75677 8.82311 2.78271
7.29950 1.07555 9.28176
4.74611 2.52291 1.70435
1.93636 2.65749 8.31505
6.16527 4.90303 8.72156
5.74388 5.21712 4.71124
1.17672 8.38048 9.06942
2.04559 2.50197 1.79118
3.46059 5.96734 7.26569
4.72313 5.25305 2.97735
1.95139 5.27990 1.53247
4.74779 7.79046 9.13087
5.03791 7.77665 3.04401
3.51251 9.90286 1.88351
6.35259 7.39105 3.01285
9.61704 3.10477 7.67846
6.54320 3.70106 6.31363
5.79975 5.68760 1.84690
9.11138 9.33994 3.76643
5.90332 8.83863 7.05117
5.21940 3.58354 9.54648
6.39446 1.68398 5.07138
8.10439 1.53414 6.22123
1.07241 4.49152 8.76902
6.85878 9.80431 2.46578
5.41915 6.92758 7.05280
4.45888 8.62047 6.67577
5.81009 5.22945 1.72078
8.78829 6.44081 2.07314
9.73234 7.12709 1.10878
6.43019 4.49745 3.85348
1.81183 8.00226 7.58022
6.26719 7.97300 4.22933
2.50911 2.99674 4.98063
4.49584 8.16357 8.28178
4.09153 9.55703 9.31721
9.44994 4.92018 4.40755
4.70332 1.69284 7.09607
2.86098 9.86578 3.47475
4.94722 7.32979 1.49604
7.40774 6.36776 5.66543
4.52913 7.69982 5.01062
5.24067 7.10268 3.84739
2.91524 4.77410 6.45160
8.29864 7.89867 9.21157
5.55867 1.67746 8.74782
9.01527 1.56973 6.25651
2.53746 4.73147 7.80095
4.71274 5.87587 9.31822
4.26594 8.71776 9.71191
3.07286 9.62354 4.27453
9.42711 4.80250 5.50864
5.95662 6.08673 4.03683
8.37468 7.77095 3.83102
5.30196 9.77619 3.57651
7.24161 1.41817 3.10791
9.33503 6.23783 8.21395
1.08624 6.29652 5.78751
6.15877 9.72228 4.33703
6.66666 7.42713 3.72880
8.60823 7.70640 8.74956
7.48790 7.77462 7.68622
8.98659 6.09721 9.15311
8.50558 9.24862 8.92376
1.34373 2.99541 6.63979
6.85776 9.71558 6.45545
2.49818 3.98911 8.82958
1.85631 3.94230 6.41794
8.49989 7.75272 6.08236
8.88385 2.47864 8.98695
7.72029 9.31590 4.78251
7.16966 2.60704 6.20395
6.27072 4.37591 6.64033
1.54341 1.08156 9.14994
6.46158 1.57183 8.62173
5.44576 7.69269 7.55814
7.12725 5.94961 3.02811
7.01661 8.05708 4.70829
1.79513 5.43804 5.69000
2.47770 1.96054 8.45003
6.73892 5.04317 2.29747
3.23844 2.36002 2.24370
7.05914 3.87254 3.87915
7.27179 3.47955 5.41491
4.41266 6.46396 4.64912
6.83711 9.19050 8.77609
8.08038 9.11820 6.98806
8.26511 6.54338 6.57850
9.72198 6.47030 5.05416
9.63718 8.43436 9.01241
6.79997 9.50040 3.36789
5.88653 6.61719 9.47295
9.04520 7.52239 2.24561
1.67029 5.93084 2.21733
7.95238 6.13695 8.41319
8.62067 8.70751 8.08445
1.82760 3.54727 5.91586
8.34013 4.52299 2.60599
7.84821 8.87325 9.99010
1.81062 2.43036 7.18927
9.25161 3.85887 8.68206
4.98562 8.47596 1.93363
7.55124 7.90187 3.22572
4.62439 8.99172 1.72755
1.56622 3.45049 7.79397
1.72048 3.19401 2.63915
5.78496 9.81334 7.84358
7.88193 4.65680 5.11644
2.85385 9.64180 1.12434
9.91576 2.74790 1.40722
8.66664 6.78935 2.52530
6.40225 7.66648 9.66051
7.27024 8.75653 9.42321
8.46050 9.35680 8.96508
3.74294 1.38879 6.63897
5.38343 9.32176 3.39974
9.42662 4.87577 9.31509
8.39695 3.61741 6.75636
2.60135 4.69388 4.55338
4.40683 4.81530 4.12699
5.86441 3.88178 2.44423
3.80971 7.18091 3.42434
4.97283 2.67095 8.06028
1.24704 5.30289 2.13837
8.36665 8.14563 3.82856
8.42194 7.77367 6.22081
5.50527 1.76416 3.84604
7.54619 8.43468 5.91035
4.87912 4.67789 8.95653
9.84375 9.58413 2.53225
8.91423 4.39134 2.38717
7.86080 9.61196 4.75037
1.14295 8.25729 4.85892
5.66502 3.07772 4.03593
3.67639 8.32811 9.50163
2.86483 6.47541 4.95485
7.42633 2.06317 4.35024
3.43664 3.01496 1.89944
2.19389 3.38867 3.05979
3.53269 1.62707 4.87687
8.17089 1.66621 1.93400
9.95986 3.01653 5.81257
3.27119 6.14119 1.03771
4.16686 5.26458 9.35540
7.08393 4.90419 3.35566
5.79061 2.26706 1.55175
2.66384 1.85254 2.73519
2.71324 3.08142 3.31623
8.37923 3.90154 1.39886
6.02032 5.07021 1.12995
2.24391 9.76542 4.04321
4.32803 7.92733 7.36787
5.57888 8.14832 3.03952
7.45492 8.21740 9.24053
6.49235 3.74137 6.49849
7.48022 1.79988 4.53728
6.88885 8.52060 3.58441
4.22119 8.02824 8.01692
7.83150 2.37776 6.32457
1.96094 2.92040 3.94725
8.60240 4.80424 3.42721
8.33371 3.01855 3.12828
4.03267 2.85014 1.22215
4.29149 5.24498 7.34990
6.57682 2.97565 5.81191
9.52282 9.56773 2.57029
6.90960 1.99309 4.93476
6.24092 1.10653 3.24075
8.16417 4.40158 2.88019
9.40558 5.05382 1.62220
5.19932 9.42309 8.82707
3.90942 9.08792 6.75358
9.83835 7.23938 4.58859
8.87412 5.49766 2.60799
3.49969 5.94439 6.56391
6.56155 2.48253 7.76591
4.07274 9.55592 9.61124
7.92020 7.04380 8.85408
9.30866 7.30404 5.84987
5.51867 3.00933 2.66373
2.33090 1.81485 7.93644
9.31083 7.48557 9.74736
8.82200 2.14194 7.85290
4.51212 7.71270 6.71623
1.51273 8.47922 1.59695
4.56313 2.92305 3.37235
2.93493 3.36517 1.82801
2.17641 8.55768 2.63337
3.22508 7.45202 6.79366
9.59712 1.25208 6.29919
9.67402 8.80709 4.14945
5.64951 6.37933 7.03235
8.52414 2.38866 1.67221
5.59009 7.87433 4.91678
3.76417 9.99404 5.82426
3.15473 5.48728 8.18022
2.72953 8.98205 9.63497
3.54781 9.88306 6.36906
3.02478 7.43237 5.77288
8.06958 3.73734 9.69792
9.16624 1.12639 5.65808
7.06879 6.33872 7.10272
5.81557 6.18894 7.91318
1.91161 3.75064 8.17750
2.65949 8.90861 5.79802
9.49833 6.37006 7.74021
3.78109 9.25063 9.99359
3.43160 6.98618 3.49271
6.49148 3.16305 4.52096
9.15828 2.87140 1.63380
1.75464 1.32307 9.28923
6.10774 3.21080 7.96186
8.01673 7.93118 9.40806
2.78199 3.74540 8.85205
3.60719 4.55811 4.40067
4.75209 6.27678 6.40539
3.74362 7.80615 7.33329
7.53297 7.97369 2.12180
1.22610 4.74087 9.90613
3.98511 1.97989 8.36317
2.90963 4.49313 3.45597
3.88319 8.01867 7.11927
5.67313 5.75340 2.56390
9.08707 6.40621 3.53655
6.73446 1.55399 5.62627
4.22909 5.63228 5.96340
3.26677 8.02546 7.98559
5.01652 5.78669 4.50887
9.09792 2.38604 1.80634
1.31120 2.29729 7.37290
9.83938 7.75748 5.42627
1.18719 8.18343 2.08273
1.94708 8.44286 6.44992
8.98641 7.23130 8.43866
7.80352 6.84668 3.78403
7.46409 2.20162 3.60435
4.93161 2.28301 5.42638
7.91828 1.80182 2.83413
6.82060 9.36522 7.66230
3.23627 9.61730 7.89254
5.22636 7.32782 9.95643
3.09080 4.38649 9.26796
7.14054 6.23228 7.28755
5.49300 2.62678 2.85680
9.52903 6.77313 8.33163
2.62294 4.39658 9.35266
4.23952 3.58875 1.11318
9.75225 6.85355 5.08187
9.97189 5.84799 7.62362
5.23270 3.07426 4.36730
8.53089 5.78620 7.76413
5.53752 1.72402 1.39597
3.22727 8.53305 5.11973
2.38092 2.01552 1.16703
4.15991 7.95644 2.49413
4.92681 7.16906 1.54109
1.05656 6.34825 5.68149
1.98149 6.09239 4.39280
6.97092 5.82923 2.08628
3.62471 5.36947 3.90608
9.38847 8.80988 5.01738
7.18648 4.16973 2.19016
1.15855 4.91457 2.12151
3.77191 9.75951 6.66550
8.78127 3.71182 7.83393
1.81279 5.34137 2.91448
8.94780 5.09513 9.55669
6.24382 8.66051 2.45835
8.78153 3.55181 9.75746
8.88252 5.21943 3.14901
4.17217 3.28125 6.91201
8.98152 7.62340 2.26905
4.60448 5.73625 9.84347
6.62717 1.24754 3.18456
1.97269 2.05219 1.70447
2.92155 3.21434 1.12457
9.12462 6.90461 3.19818
5.21111 6.40145 8.73284
3.66525 1.27111 9.83915
9.93763 5.33289 9.69572
1.32927 4.68377 5.27378
2.24925 4.42969 3.88336
7.62243 1.24154 3.05102
1.64280 2.65246 5.04211
2.10895 3.65696 4.38490
5.93202 7.44269 2.15362
9.87022 9.95106 6.18932
1.49187 2.63375 6.78916
1.81270 7.66980 7.82199
4.15802 4.62112 7.75371
7.29159 4.88050 1.98358
7.09488 8.25559 6.26364
8.25212 6.55071 3.87618
5.98242 7.22350 1.72314
8.15698 4.77897 7.97320
4.72274 8.52322 5.03157
5.16924 6.40097 2.50422
2.39855 1.64969 9.41070
1.78558 7.83674 7.12543
9.62396 6.62389 1.16060
8.17671 1.42033 4.77692
4.89181 9.31279 5.48092
9.07309 4.66564 4.50093
5.38514 9.51679 1.32270
7.09656 8.49623 5.61422
7.77265 4.59749 7.32653
6.23887 8.19196 3.70407
1.85426 5.68709 4.05716
7.19617 3.36718 5.56643
8.90904 6.30489 9.35140
9.29894 2.38604 5.64573
1.16508 7.60349 6.34669
9.03410 5.90518 4.18718
4.44601 8.66049 2.98369
8.84146 8.69091 9.47791
6.07040 2.03098 9.41919
6.91740 4.03422 2.54499
3.23851 1.75067 6.15033
7.48992 8.09064 8.86940
7.35082 2.18150 3.53280
7.02578 9.68455 4.21101
6.75531 2.94019 3.10415
7.95130 4.94677 9.34686
5.12806 8.56151 4.68876
1.21236 2.78414 4.49473
6.83597 1.21032 1.81843
6.94833 5.73139 3.81909
8.07436 9.73174 7.44620
5.58849 5.89757 9.93967
1.91765 3.89525 4.27380
6.52790 6.86392 2.49717
2.57000 5.03595 9.93584
6.49743 1.60552 8.58092
6.35309 3.56206 6.23274
5.80143 9.68973 3.74046
4.75321 7.22934 5.63968
7.19811 9.07714 7.66948
4.72198 9.41155 8.37575
4.79340 8.64752 9.88552
2.76345 3.42092 5.59987
2.94900 2.46917 3.50185
4.48330 7.48318 1.36370
6.88273 5.85622 1.91375
2.09282 8.80514 5.82467
9.29822 5.03443 7.48584
3.34039 5.40056 8.96992
5.57552 5.17124 1.32036
5.29886 2.16089 5.60002
4.75557 9.65238 7.03814
9.40147 9.41426 4.91413
2.73367 1.54813 7.74447
5.91471 7.47459 5.81037
4.60100 3.82549 6.11101
7.78394 7.80053 7.06481
8.18766 6.63786 5.52844
2.37742 1.33880 7.75899
8.66749 1.35600 5.13769
2.82324 5.60658 1.72781
2.50210 2.96872 9.52080
2.59420 5.78956 7.43656
2.82284 5.92660 4.77111
7.69440 7.21874 6.74651
6.56029 6.08633 1.45327
3.45000 3.47133 4.15101
8.54650 5.83485 7.25696
8.65156 4.80122 5.54824
9.70704 7.33864 7.82794
9.21914 8.19914 7.52503
4.38158 5.29317 7.01919
3.30349 1.69164 7.65236
3.72909 9.67808 2.52686
4.72569 4.19908 7.74432
1.54585 6.52046 1.05553
7.79929 9.42728 5.49318
2.46938 6.27336 7.54982
8.45453 3.90918 5.01627
1.72439 7.76402 6.36777
3.26706 4.77836 6.28728
8.39007 6.86684 3.32917
6.57656 3.25187 7.46248
9.94824 7.87312 1.54232
4.80960 2.78523 6.66639
7.56452 5.03102 7.86788
9.38200 4.67124 2.52036
4.76922 6.78299 4.32901
1.20302 2.83403 9.37005
3.79253 9.18339 9.85186
7.30539 3.48289 4.63248
5.36440 3.55496 7.53160
4.71840 9.92115 3.60367
8.43146 2.02142 5.73003
3.23276 2.53634 1.07489
8.10217 2.61871 2.79118
3.07925 6.48811 7.38702
9.40661 8.63111 4.53925
5.00335 1.21408 5.22939
3.33274 2.66089 7.33461
4.99065 4.15578 5.35208
8.91578 1.41747 5.97710
4.97814 4.68270 7.58572
8.86807 3.24492 4.79195
8.55217 7.00475 7.15815
2.52283 7.00387 7.76073
1.02442 4.98566 8.62328
6.76724 8.23503 3.27542
5.86760 2.74034 1.70630
9.61868 3.76153 4.14421
7.71517 9.05529 2.36993
4.02564 1.15469 6.39365
6.94262 2.87111 4.82680
3.27017 6.01754 1.25378
8.02132 6.08754 2.31357
6.09146 6.47221 3.96808
4.66528 5.40780 9.81605
9.72724 1.17770 2.34722
9.72575 7.18456 6.52552
4.84429 5.94948 3.21980
9.23520 6.89332 1.39159
6.90554 2.17651 2.89052
7.06384 9.20319 1.61483
3.05570 7.09901 3.37732
5.81229 8.05420 5.87016
4.29234 4.53036 3.64021
4.47805 9.54103 6.53276
6.21445 6.40162 9.97936
8.04025 2.77469 2.58147
2.26782 1.37869 1.73823
3.92640 2.88496 4.19984
7.89753 6.15441 6.86107
7.80149 1.09748 7.20170
5.34663 2.30747 5.08875
7.09974 7.39599 8.22183
5.37765 2.11303 4.16774
4.33974 6.24693 8.78812
6.01849 9.76763 2.24834
5.36013 7.75191 3.18014
8.55600 2.56607 7.63568
2.39318 1.63834 8.53200
6.63791 9.94642 4.98137
5.94733 7.68049 1.70564
7.99597 6.23231 5.45546
9.75334 9.57104 2.24708
7.87529 7.94453 2.43431
7.91209 7.90342 4.62144
7.13262 2.22181 7.21270
4.81982 6.51678 1.01113
2.82921 5.93739 1.41329
8.40435 1.35446 4.18035
5.31043 5.53494 2.88384
2.54988 9.45668 4.79251
9.00664 9.41555 4.63873
5.89204 3.19812 7.15394
1.50799 8.78250 6.60317
3.96105 6.89253 2.39953
6.51215 2.20443 1.77971
5.49496 8.97733 2.32319
4.12720 4.52850 2.02620
6.98988 4.71677 9.76948
2.47248 2.79532 9.92477
3.43819 5.98793 7.35561
4.41525 3.37480 3.30858
3.05320 5.42267 8.26207
7.91501 3.48115 5.48840
1.88731 4.01728 9.68280
1.65684 1.85134 5.19199
4.94480 8.38864 7.49423
3.88586 6.59078 1.25595
9.47580 3.03475 3.57564
9.49111 7.97811 4.34658
6.96480 1.78221 4.52441
2.68166 4.10181 9.32755
4.98540 1.79967 7.77566
6.14175 9.19478 8.78117
2.01471 3.42540 5.08485
7.12856 8.33246 6.48743
8.66176 8.35019 3.73419
9.90003 4.76351 6.14382
6.38922 1.56978 6.56110
9.59692 4.33011 1.87896
7.87573 8.92653 7.63949
5.70596 7.05031 2.96323
1.58695 1.50552 2.76222
9.85256 9.41789 2.09684
5.92679 1.44350 2.45440
5.25794 5.05562 3.81232
7.41026 5.51504 8.58200
4.38839 2.62455 1.95081
4.34128 6.49084 9.11403
5.83864 7.80294 6.06845
1.69651 4.22492 4.81030
3.80158 6.28476 9.09606
2.16484 2.48091 9.22167
2.42594 6.17952 8.52598
1.12214 7.14653 7.36271
8.56634 8.00670 8.78965
6.05544 1.76124 9.87559
6.82338 8.92599 5.87199
3.56666 4.95792 7.98549
4.77766 6.06028 9.02994
3.45061 8.22529 4.42032
2.67304 6.40675 2.35244
6.77331 1.02184 1.74305
1.31553 7.74801 9.14341
6.80897 3.70272 9.88244
3.07114 2.77445 3.94130
6.34416 2.44544 9.78633
6.29250 5.60479 1.40670
3.91421 1.37925 9.97718
9.49320 5.71822 6.41932
2.29914 3.44381 5.22360
4.03755 7.44831 7.23905
4.55870 2.34099 2.96690
3.48691 3.11294 2.22061
1.93407 2.51891 2.92129
2.10162 1.56473 4.33253
4.92223 7.53218 7.16203
6.76426 9.02875 3.65890
5.42985 7.35836 4.54666
1.46725 8.84325 3.82485
7.06986 4.62896 5.97641
3.83577 7.02748 6.74344
6.73291 6.59884 9.43015
5.88438 4.95249 5.91646
