40.00000 40.00000 40.00000
1.72881 1.15154 31.56768
3.62169 17.89588 21.14932
11.80371 28.06503 2.63744
17.94163 31.23666 29.36360
21.13642 6.13500 34.08789
20.89355 18.96797 5.22412
2.18695 13.58146 32.32816
34.46819 22.75624 22.38910
2.33294 19.58790 15.84811
10.46265 16.63235 25.06510
15.13872 24.81384 5.10039
31.53059 34.73020 10.10475
18.14048 1.82628 29.39578
14.39627 34.20057 25.68212
7.18961 29.81161 5.24806
33.97531 20.01622 29.05187
5.64987 3.93521 33.19344
10.27020 8.08689 26.35813
4.59411 15.47752 3.11298
27.05643 24.38207 27.61463
23.46598 30.81824 1.17103
4.52963 19.27966 34.24627
15.76570 34.59055 29.55212
30.08093 8.26317 20.06733
24.97300 14.20491 34.34767
19.24437 16.08644 27.39554
33.51165 30.75615 23.44375
30.18353 9.45853 9.20714
25.24838 31.80669 34.66183
4.09315 27.04916 14.37231
2.33419 9.40483 13.17559
33.71134 17.39824 27.43837
1.77898 1.99360 26.74016
26.82206 31.50085 1.42787
14.02652 24.48133 32.87610
14.39635 17.16006 32.13950
26.68023 23.90156 30.12235
23.63936 7.35118 5.12507
19.37182 10.85506 15.27243
4.52896 25.46532 14.81711
26.88108 16.66358 31.27545
23.06356 4.21351 22.93329
13.51973 8.75004 21.67533
31.79806 19.91368 25.34079
1.92259 29.32503 14.59137
31.68078 7.85427 29.52806
21.67741 20.73757 29.34103
3.62061 33.41062 4.07945
19.47748 24.62880 15.60023
7.18810 7.51039 9.10971
2.39747 9.85083 33.41330
12.90575 27.80625 3.18589
21.96950 31.77502 19.44222
4.55240 25.61322 13.67620
13.77459 29.06256 34.56384
19.34383 6.81390 14.58303
23.52580 31.65210 12.59924
30.52787 16.61073 30.18479
27.84242 1.65091 28.17877
32.06001 33.08548 14.92727
6.54371 1.61921 11.53301
8.16335 19.28067 26.92026
34.17116 19.71449 15.79246
3.42704 24.75904 5.38285
7.68905 7.81973 4.86322
21.62193 32.36453 31.63324
34.82786 26.26342 27.89741
2.33089 19.72584 34.39802
11.91517 13.36193 2.99788
22.12688 24.75897 18.51302
12.17146 19.62714 1.52065
14.92030 20.97241 10.10572
34.52616 12.48361 15.36378
30.19753 29.99944 34.13273
31.12243 13.90802 3.72126
30.73954 11.58947 5.53932
23.14457 8.06851 33.65947
24.05494 10.94641 1.62916
31.73249 6.13102 16.03464
33.40285 12.91189 33.38447
5.81643 20.56401 31.28617
20.01388 29.41809 14.95940
12.65625 27.55095 26.06298
16.45925 18.32970 6.45556
28.46327 22.46457 21.37895
2.51217 20.96954 4.14906
14.55530 30.65565 2.56624
10.38859 23.29018 7.94908
9.80522 26.80517 31.62865
7.20083 6.43705 3.33841
28.02847 10.73054 6.20050
1.98245 33.92102 16.29765
28.80161 8.35275 3.99439
4.60518 2.05449 6.32101
13.92407 9.12741 2.46365
22.10613 13.20881 23.13472
31.14394 11.93106 5.36418
34.20399 6.16411 3.94487
15.23513 24.79870 32.16553
9.63315 6.52498 19.97148
8.44470 19.64964 16.43457
19.04016 10.84842 16.90109
27.07085 23.37312 9.39085
20.21016 28.38188 32.48975
2.43266 9.52588 13.49896
1.58995 25.91951 28.33010
2.62736 13.59775 28.09609
10.28903 24.13741 25.79986
11.14569 28.71618 8.26667
22.86597 19.85471 21.18627
14.46620 34.59446 27.95963
27.30360 5.89412 11.02047
32.21094 8.00274 19.72728
7.35744 12.77065 5.09207
7.63163 3.14058 16.68692
9.96592 8.23420 25.81157
10.10192 30.75206 26.15907
15.91312 22.44153 20.09443
22.39310 9.80610 28.41352
30.01194 20.83179 16.26250
34.72940 16.20559 31.74530
28.49099 6.05011 23.56290
31.38273 16.29915 12.68340
2.44693 33.80060 8.62695
8.69448 30.37802 22.53041
6.30986 27.04329 28.68489
24.29086 16.46634 26.43117
5.03293 18.73521 27.15557
8.55094 3.62668 18.23629
27.56522 16.42156 32.19201
28.97836 21.21723 24.55477
19.89255 32.97405 34.24496
5.36739 2.10569 8.54393
30.22513 32.13788 7.57469
29.69019 5.36456 34.65940
6.92145 19.99252 8.16526
13.28370 4.89765 32.53511
19.03353 25.55272 21.68865
27.22921 20.55048 25.68182
9.36340 8.84085 5.90786
21.21862 30.85744 1.48625
2.22011 31.49399 31.41809
21.72583 24.13938 24.71285
1.55469 6.25660 26.96353
33.90727 22.29711 4.22382
23.05371 34.93038 27.44672
28.24392 16.04192 20.23447
19.55274 16.54981 10.60572
28.92401 30.24547 33.49200
18.68284 17.91486 16.16221
31.92219 20.07156 12.01935
23.06195 5.77449 5.77625
15.10683 22.88857 26.76963
21.62055 13.46355 16.93115
12.07493 4.30060 23.75234
11.41295 26.67523 14.53168
5.83176 26.92300 20.87403
11.64855 26.54704 2.58261
2.05172 3.40038 30.05958
9.45033 22.58325 19.29061
23.82397 26.23358 22.08740
21.59598 32.73483 7.71168
22.48819 9.42018 20.01599
8.00403 27.95612 33.20396
17.93021 12.64605 11.50361
27.04945 24.87729 25.49877
15.39738 8.87801 19.09422
4.64109 9.94135 24.35537
34.83971 12.21885 18.17628
18.07003 1.55138 29.91547
5.61514 20.56000 15.97940
18.05913 28.28048 21.74110
25.23349 26.28588 26.74006
17.67604 13.60837 2.02445
14.38996 25.47840 15.68366
6.83066 15.35059 10.34032
27.35207 33.55521 22.27306
3.54861 2.93527 25.54280
16.18796 32.44141 16.37968
14.28791 12.85663 24.16213
12.13335 11.89002 7.69535
7.42514 16.20105 6.49084
22.44891 33.51989 7.84991
9.08652 34.13568 1.27389
16.89672 18.75773 5.05000
19.33379 16.16588 20.39311
14.20650 19.38647 25.09891
25.63004 1.04122 34.44105
32.95915 34.72708 32.39563
27.46490 7.19410 14.03547
25.43319 10.82927 15.93083
32.05561 27.04908 18.54122
28.59576 4.93764 25.49345
22.26842 14.45587 5.08060
11.07404 8.40360 20.80672
5.47367 15.49282 11.95941
21.33377 29.51765 5.43261
4.90807 13.49096 25.76966
1.41249 11.58687 32.88924
25.62324 14.62740 27.78724
34.47454 23.82361 16.53807
15.37136 7.75108 24.47685
10.77296 28.07823 10.58166
18.55914 8.47765 17.27925
21.13150 17.11223 7.87553
34.51859 29.66116 24.81425
10.54978 11.92043 10.64534
11.58589 4.88098 33.64655
13.52288 25.99196 19.84362
7.10529 22.44409 33.03838
15.96726 2.08196 2.94662
8.20159 22.24160 33.87351
19.06389 26.09169 32.17187
1.84767 4.99557 11.70886
31.34228 34.44859 3.00226
12.98181 1.01410 10.03189
6.01120 27.67765 17.91720
12.62101 1.66977 29.10079
6.15006 7.93825 9.87448
19.66617 8.35338 24.32355
23.79276 6.09798 28.85866
26.47900 23.48277 6.84119
6.17335 33.73319 9.16532
2.78841 14.04932 4.23881
24.05978 2.00249 29.56309
6.55436 29.84457 19.21652
27.15664 5.52454 32.79065
3.91104 30.42169 27.68450
6.93927 13.08013 13.88954
11.40199 16.58262 20.51453
17.62398 17.40034 21.17165
6.83790 33.88524 10.73184
29.51193 25.50366 27.60061
3.13199 25.16115 17.93076
31.92733 22.19477 31.11330
18.45467 24.08693 7.69011
13.25301 17.43447 16.11816
11.64128 10.99269 17.42017
25.88965 23.64745 29.70649
13.30935 33.58396 12.92539
32.86198 16.20214 9.87901
28.25278 4.28802 2.59171
25.61678 13.90943 18.85731
2.66238 14.94448 15.63471
10.63738 23.44099 10.07601
9.52149 13.67759 27.03684
3.75331 33.50210 9.27286
9.53718 16.91778 21.39936
28.49538 34.05772 13.21384
8.63032 4.72972 8.27572
14.93745 22.90710 29.76530
19.27332 31.49203 13.99595
1.66307 13.73443 15.28832
6.76643 3.89279 1.30032
12.17060 19.81465 7.90572
2.47230 16.25581 21.62739
10.59449 16.71063 11.18227
6.09147 32.45687 17.28474
1.91620 17.34294 5.11431
20.42316 11.84169 23.40972
3.07105 3.56809 9.70271
13.05779 11.95592 31.74648
27.53350 25.33571 4.85229
9.46556 25.37757 22.58733
9.21176 20.35189 5.74211
7.01105 13.72374 10.01145
32.18919 27.86999 3.62918
11.54668 11.46287 31.40263
27.57132 5.63843 17.01300
12.97691 16.68479 8.25613
2.98260 9.46808 28.56050
10.61273 27.22559 30.52890
17.56592 22.24786 15.73628
25.47637 25.30440 25.33640
34.95431 26.42840 14.19794
12.48216 34.07002 4.56704
5.17979 13.42773 25.99426
10.24897 15.49714 25.81081
13.62781 9.08020 31.32757
5.61982 28.45593 17.51796
31.20729 25.81273 8.96147
11.94599 24.93290 15.12805
5.21980 14.51972 29.60735
23.82838 12.53919 29.36549
9.23421 31.69983 21.06776
31.38738 32.16324 3.21810
13.29022 24.25703 4.23086
29.00723 22.07149 4.48015
28.22993 2.08056 3.54991
27.88892 20.34404 26.93401
8.23333 25.14933 16.85573
30.77980 19.95439 13.98388
34.72174 9.68237 12.21842
6.00747 13.58184 28.85208
21.01194 25.50851 13.53291
6.95648 33.85705 2.32068
25.28088 15.18590 29.45300
14.39818 10.87412 20.67610
29.99125 25.39891 31.37511
33.51058 5.07709 28.61044
8.01052 7.87797 26.17052
2.03418 10.33288 2.57973
16.18713 2.44414 3.57011
11.22199 34.35998 12.38366
24.53642 9.16538 22.92188
6.88816 21.66481 31.15521
9.46256 27.40165 32.03128
17.19439 28.79708 14.04738
1.85677 16.08369 11.78302
19.12631 26.63858 2.47989
6.08474 16.06620 7.01077
9.30236 26.41747 33.68465
26.51338 18.66135 24.53917
9.56367 24.87284 15.95632
31.69248 5.62666 16.80900
3.72123 26.65132 29.82327
15.75922 13.05624 16.40618
27.11936 9.46268 5.83802
15.09990 20.17648 12.46691
16.09998 6.09159 26.86532
32.76867 24.34046 13.71509
12.71270 25.00488 10.60445
10.48721 7.23449 11.89169
15.38700 14.35693 21.91293
30.96999 1.13089 12.18789
14.23102 17.96313 29.37284
2.87114 10.76704 27.32939
5.91751 23.16226 13.96466
26.59545 8.28004 12.99115
4.20360 24.72827 12.71168
31.02365 19.04099 26.98240
14.35117 12.79674 8.65709
12.29151 13.51270 6.59062
16.45649 25.88254 14.29440
15.08979 14.68242 27.81404
33.08875 2.22071 3.67296
4.68835 4.24985 13.77107
18.88252 10.49001 15.72082
20.68146 14.09065 10.88868
7.38362 3.31450 10.25874
1.52039 15.26266 10.05388
20.62130 5.68213 11.15420
17.13124 34.64484 27.04444
15.40738 20.03130 22.83095
20.81534 8.46605 24.73057
30.93830 12.90400 29.24995
30.72576 28.69038 27.91686
20.66261 34.29260 16.77934
10.38746 2.80013 19.10430
9.40650 10.60673 15.51094
20.75452 2.22497 18.74272
32.20861 24.40711 12.21933
2.19550 32.57066 34.18184
18.33991 13.80776 15.26940
5.27136 3.56885 7.41745
28.95306 10.03594 5.28907
19.86003 30.79119 29.42256
7.08926 29.05169 34.21947
3.83879 14.91039 11.83132
8.00057 18.40018 32.18582
12.74801 7.03543 5.26080
12.82977 4.11594 12.88379
10.46530 8.47669 14.63661
9.86016 20.96928 16.70017
20.13760 20.49862 18.77844
28.50198 25.89020 14.93758
32.24021 33.14629 21.50963
26.66366 15.29702 11.61437
27.24315 15.08791 20.00730
24.04427 25.78441 11.25386
17.63340 1.21688 19.44130
7.39723 5.48567 27.53868
4.48415 7.65058 11.82814
23.17693 20.24334 5.81049
22.23016 13.43255 4.61184
20.27294 26.76485 26.38980
24.42058 13.03203 10.49873
13.89315 31.52510 29.61591
22.49447 12.47090 9.62638
19.36864 7.72522 10.43421
11.46841 30.02096 22.31473
4.47035 25.44508 2.26671
17.84305 2.13491 14.39126
25.12191 12.90155 27.49919
13.84316 28.25450 9.69179
2.72125 26.58319 14.26478
18.12583 1.71498 17.52509
21.73206 29.54905 30.24741
10.16942 9.30476 3.72985
8.50737 24.92784 6.88204
18.22083 28.45577 4.34592
15.92899 15.01795 14.67393
7.80861 20.12356 20.62323
27.73441 21.47672 20.34833
31.92951 15.83769 13.66421
32.13990 10.32431 8.28207
23.22464 3.62623 1.05296
2.67638 2.00151 12.27067
18.77901 16.48658 13.73860
34.51951 22.71329 19.58996
1.82074 20.29357 28.15482
12.84927 5.12285 11.44849
12.11473 18.93420 32.22483
30.40553 18.75569 34.81020
31.01654 19.48353 16.98879
22.69947 4.43423 32.21337
14.15534 23.32711 33.53533
19.15733 5.32169 20.63773
4.98959 12.43217 33.61650
14.57473 1.55052 1.28733
26.61091 19.16651 24.24501
20.86790 4.67006 2.33687
28.60363 13.34690 13.33203
7.75262 10.19532 13.65892
15.82834 5.96051 28.32295
31.79116 33.73941 3.29377
34.59496 25.34004 5.45845
19.49060 7.18331 7.09574
5.67674 26.46424 8.35135
26.68785 20.94396 5.05780
22.63474 30.73455 31.31134
14.84082 1.71185 4.89711
3.56668 3.99087 28.92953
1.30438 23.72093 10.73640
21.43811 13.44697 18.73783
17.24961 23.97681 14.48634
2.71058 13.75207 18.87195
32.19627 28.15404 9.83339
34.01987 8.15561 1.03559
2.47430 21.41370 5.31765
19.42001 27.19367 20.85215
18.87681 14.25854 8.73737
18.06086 9.19127 16.32242
18.11043 28.73969 16.66823
30.71509 7.55537 28.61496
22.81408 8.74343 1.98789
28.13221 11.13045 12.08281
12.51381 26.13410 21.45219
12.84781 24.00644 13.84155
33.61492 7.09664 20.29985
32.24225 18.58363 25.24136
13.82395 26.97533 26.09047
26.15783 14.95973 21.02592
13.74184 29.06560 11.00879
26.38867 15.16047 8.38727
3.31346 24.97549 11.40397
12.42832 9.91338 30.10602
10.50067 33.57585 20.99629
10.41065 19.39705 8.62966
1.03506 13.71682 31.77654
7.10327 14.95264 16.79525
14.54715 31.86524 23.43258
24.36542 30.32710 23.34507
1.07637 28.82976 2.47616
14.93928 24.93367 22.77811
12.48415 21.76182 16.46178
32.25674 10.42919 13.02809
27.89664 29.41405 4.31907
16.35991 32.84314 9.19971
16.86317 24.62075 13.47399
10.97500 34.44422 25.65389
31.98583 30.49937 2.50884
16.10983 26.81136 1.74442
8.08613 5.24779 26.89817
31.61547 23.30772 11.18333
19.50142 19.14634 6.65964
22.30490 29.57694 34.22216
7.80619 22.30586 20.50097
14.49066 30.98663 14.42885
16.93494 6.53938 26.61440
17.19942 10.33315 10.04928
34.69001 15.69975 21.81892
11.88966 4.59143 32.73037
14.41981 26.71169 15.34856
17.46640 34.43120 33.12766
32.42860 6.71456 16.01685
18.25227 4.30747 4.42677
16.03376 12.22862 18.07112
15.47587 2.75558 14.04540
23.57548 23.57923 19.37625
33.60637 26.36675 13.93166
20.46122 3.98453 26.78573
14.12580 22.31997 25.62021
19.87870 13.27622 31.16211
18.46782 25.29973 3.03279
11.38024 30.51708 29.46235
22.82567 2.96161 2.68043
16.94755 11.25506 27.22816
33.20174 13.03323 23.11919
9.97781 11.66694 32.93131
31.55711 8.30471 8.18660
12.14615 5.59975 18.77189
7.05589 11.28635 15.06793
30.75506 19.40687 28.07714
11.51825 27.08051 16.54308
13.20499 19.59971 9.47223
7.16798 26.52629 9.44570
25.76618 5.54764 17.95847
3.70808 30.74466 26.16502
12.90701 26.19278 20.34245
12.54652 25.73425 25.30537
3.37933 15.51659 18.96548
28.65022 3.53784 4.55609
8.11186 33.49848 30.75940
6.87781 32.79792 26.81959
13.04855 32.62782 33.36117
13.94951 30.96021 17.14472
2.02971 24.23068 8.32959
22.00798 11.06221 29.98978
22.70024 10.51235 14.03053
29.82163 10.85865 26.95843
1.58398 31.24690 23.44587
27.65167 7.21939 27.21394
31.90821 24.39083 20.11684
15.37838 3.00753 28.17835
17.62781 28.82394 10.24667
27.47511 6.86996 10.80543
33.78949 22.91946 10.43868
30.08845 14.05420 16.27325
18.97222 10.53202 28.13299
14.29886 11.75596 22.07553
14.46311 7.74502 24.37684
3.84698 34.72431 29.62059
24.77353 33.88477 30.25921
14.48668 13.19012 27.96016
28.73777 24.88552 12.80274
27.88142 7.60123 14.87454
34.01488 20.45254 25.24378
32.78077 19.00607 4.87616
18.09853 34.49219 15.25769
28.58723 28.15354 27.62669
19.99027 21.06959 25.11629
22.31495 29.58643 16.68588
14.08884 9.94281 27.45213
20.27809 15.81216 21.21856
6.75597 10.94334 6.54742
6.13490 24.50802 24.19952
8.26954 20.23873 11.51840
29.13240 16.36771 18.32614
13.13230 12.85806 16.95127
26.22347 30.01262 16.94417
31.89700 15.01357 12.90546
11.47266 16.38825 13.73446
9.17503 10.19793 21.94568
9.69477 14.72324 23.86455
10.55421 4.63873 31.40536
13.05740 25.66013 18.23371
8.52837 22.19600 22.41140
32.07488 1.29410 7.00855
17.73541 22.16884 8.04550
18.87895 29.98566 13.88618
17.53773 30.07110 26.11035
34.26144 11.49479 7.15339
27.32422 7.06823 1.17311
8.46217 32.08459 17.03589
8.47932 10.20673 3.77009
10.40861 13.01516 27.89787
27.36210 24.27814 2.18203
29.32737 8.66405 34.46547
2.85238 11.02637 22.79369
13.13132 13.20955 5.25051
13.47870 24.81192 31.83017
5.85471 32.06758 12.00488
27.46653 25.24403 14.58875
31.18821 6.44337 23.22182
21.79954 3.72478 21.70563
6.20984 14.23504 22.47816
22.54345 30.30063 15.61652
20.07110 17.81724 20.26560
29.97423 13.82067 33.57389
26.31369 30.26210 25.97092
28.89342 32.02513 7.27054
13.35024 14.47651 9.56617
16.45902 2.11503 1.65649
23.46038 6.52360 18.38113
29.61204 21.30778 18.14081
7.93193 10.36586 4.73796
32.21322 26.18586 17.77631
4.69065 19.21089 11.65475
21.82762 22.59610 4.54863
2.74348 20.81958 14.66043
24.00221 20.05241 10.62761
20.30318 28.42898 21.60388
28.26939 29.52822 22.87295
5.81827 1.55993 1.75641
19.04043 5.21709 13.52178
31.90240 10.68043 4.08238
12.87027 7.34433 17.95997
26.67522 3.62288 3.59994
28.58856 23.34044 28.32466
25.77647 12.62380 16.58433
3.47398 8.93591 29.12477
4.10091 5.82644 2.81569
32.79442 9.19567 14.91246
24.00680 5.84228 30.59874
8.70008 4.02218 22.67566
20.22659 17.89523 3.21101
10.95091 14.81054 20.62265
4.20016 25.19783 7.78838
33.87573 5.32596 18.26609
20.38437 7.19116 33.34192
10.81058 27.60207 26.06240
10.91499 4.11848 34.54046
8.94462 13.88324 25.59641
4.53166 22.04368 3.02753
27.53355 25.68351 25.50277
12.69600 14.36995 26.74394
24.95999 24.18325 22.24997
22.72530 21.68348 16.19206
26.73221 26.63772 3.08779
19.97734 18.71741 6.61447
5.84077 18.05120 29.59741
29.65546 19.66140 9.69581
2.77745 12.26676 32.24104
7.44186 9.62373 1.51764
23.74307 19.98018 3.63402
17.49646 22.25833 3.56421
15.24605 7.67483 1.06363
22.17892 2.24159 29.12004
10.94363 5.87670 12.09981
23.03590 24.52814 27.09031
1.90929 30.25779 20.29568
20.78862 14.37308 4.98691
33.70136 19.05169 26.68998
25.32496 26.66276 34.18771
16.35667 14.72794 4.85005
10.68889 14.02498 31.04947
1.81720 14.67326 17.95261
29.52185 7.54695 30.34500
33.82610 17.08077 13.17100
24.73689 6.16419 5.29265
21.28251 16.63887 19.99878
11.47986 4.77068 31.31042
1.84890 13.58717 22.90008
34.19715 17.09616 28.08741
23.22549 27.37756 26.56150
7.83849 10.74991 27.27277
10.79125 3.17200 32.30397
15.57415 17.27932 6.52144
25.28457 17.77140 13.58680
28.62237 29.60802 30.42801
17.58377 9.92901 6.73068
6.59890 27.61113 25.38047
22.65392 18.83488 33.60729
24.27921 10.76755 12.96993
12.15202 12.91681 8.56451
23.99905 9.12586 6.63388
34.06146 12.05786 20.96014
22.06830 27.50879 32.69274
24.74140 15.63674 24.40802
4.25836 17.69261 16.59197
8.57030 14.03884 18.34125
3.16150 29.37819 11.77446
2.00458 27.80063 30.13500
9.25540 14.36797 29.02631
6.21350 23.84612 13.19944
33.73179 22.25612 24.86524
22.54768 10.81036 5.76984
25.02930 30.81716 7.99333
19.92181 20.27664 17.71247
4.61382 16.68773 4.62297
34.02838 18.38649 15.49955
33.81680 15.98995 28.52606
21.02334 28.52092 28.60824
29.18801 31.85805 13.82745
34.63117 26.54153 28.67705
13.62103 15.94717 6.27163
4.44290 16.60816 32.11806
11.47890 24.31980 26.88690
18.15102 2.58937 28.10391
8.94170 24.02298 9.37972
19.27921 34.41688 4.45610
4.76783 7.44206 15.91434
25.64077 12.23844 22.22835
1.96232 21.95599 27.18596
7.28523 30.42907 9.56698
31.52853 33.21795 2.30147
31.53592 3.75567 21.71056
19.26465 30.83905 27.88635
11.13871 24.10549 16.64005
33.82315 2.53162 1.13558
3.06552 27.98666 21.45158
11.00924 10.58213 30.22357
31.87403 6.23623 7.95622
12.30356 20.36771 32.28338
32.15147 7.99459 6.83313
12.69693 22.77162 34.52528
7.61449 9.63614 10.34983
13.29287 2.51933 1.35531
11.07452 6.32603 27.93265
4.81242 11.64664 10.90981
4.71245 1.14514 6.24441
3.42858 5.95369 27.70637
28.54138 26.12380 22.02978
31.47453 20.75827 1.11096
17.93819 12.04194 24.59946
3.97808 16.93295 23.24958
5.71180 6.98151 4.79859
3.24017 24.85609 7.21516
9.59239 23.67638 9.29753
9.49817 28.66086 31.41579
18.74902 14.31505 8.09895
26.75205 20.77354 19.29086
1.42812 29.07123 34.99051
27.74272 24.20841 13.42452
34.16995 16.64450 33.34354
19.84803 16.61940 9.46539
15.91985 27.69444 17.33693
24.34274 12.50387 5.56309
24.69064 5.90400 11.19257
22.59208 33.88685 5.73907
1.40338 31.00292 28.20135
31.70321 28.49114 14.97036
2.34876 28.32210 12.39480
20.17301 32.16268 6.00548
18.17127 1.07979 7.07589
7.75153 8.94756 12.01743
5.60725 21.75196 14.81651
17.51022 5.17056 22.59036
11.97580 33.50169 11.08989
33.77362 8.87514 6.03222
8.38053 1.61153 4.22315
23.91359 13.87364 27.20418
2.14054 1.52152 7.56310
32.22116 31.07443 8.58574
11.64938 5.82070 34.47379
14.97064 32.09535 17.00691
14.56808 18.53879 6.12985
32.24140 14.43183 2.83484
21.73891 11.39279 34.18157
13.56693 24.79894 8.91589
11.22608 25.12850 18.86771
31.87272 22.76724 17.98623
33.45051 34.33229 23.27346
9.90525 30.83135 7.00129
5.97237 7.86055 6.78738
3.85303 12.69460 20.23918
29.31755 11.77897 31.54721
4.59972 23.67893 14.62380
26.79031 4.11805 31.18684
22.46140 27.42568 17.28884
13.70728 33.72352 21.83371
16.24520 34.30981 29.62779
33.50105 1.55169 26.54172
2.29884 18.40123 1.67605
24.21763 34.56035 14.00082
28.20474 7.06336 1.29445
28.03813 29.93384 1.11767
12.64029 12.49153 15.60292
19.36926 2.46803 31.84537
12.41703 10.00846 20.79154
31.52517 2.67519 19.07251
31.76688 26.18717 1.11749
31.07621 13.43218 2.19062
3.75844 10.79555 27.99905
10.81888 4.38940 6.16542
6.43780 28.05636 34.68629
27.39150 26.99953 16.93731
17.15524 10.13644 9.97747
28.31437 28.68789 10.75592
4.78362 25.67655 15.74986
19.83804 21.36512 33.76180
27.43601 33.75013 9.73437
3.61719 27.52619 5.45072
15.59789 23.84162 22.82018
22.73180 18.84336 21.25704
24.37292 2.78631 33.90914
28.25610 22.96048 19.90426
25.02486 4.55022 1.87493
15.65620 13.44691 20.08095
25.74004 15.59320 32.74974
25.16523 2.51723 29.51966
3.80911 34.33030 18.82113
17.68295 9.43039 4.93830
11.54383 12.73963 19.91269
28.72346 11.74828 17.72487
23.76742 32.01518 20.54265
25.24443 13.78981 33.40664
16.52338 26.70404 9.80852
18.19198 26.43573 18.43743
24.29714 15.66648 29.01472
20.36573 18.27312 12.65891
22.03274 6.20087 8.42153
28.70578 7.05634 20.43502
5.41407 5.38536 21.95548
12.57334 23.49916 8.89720
29.70510 23.37797 4.13433
28.46870 11.62875 1.50960
19.77415 22.67186 5.31919
7.33660 20.98906 4.26782
4.15786 25.51578 21.32905
34.58356 9.48269 13.68426
22.53165 7.66490 6.15581
25.46055 7.73375 19.96941
5.50011 15.13614 33.34727
11.91969 21.46296 29.88176
17.61523 18.71871 28.13646
14.67866 22.66252 20.56874
20.07267 15.11796 26.31471
30.13523 23.39560 31.87370
15.92515 20.07764 34.08650
7.48600 19.72430 30.44736
17.13280 27.30027 5.44575
6.46077 7.51484 29.97593
11.24929 11.13360 28.32670
3.46188 4.21157 3.76425
15.83133 2.55813 28.80526
29.59288 12.69261 6.45922
17.31437 15.10984 1.57794
23.06588 27.48037 24.36897
30.74899 17.60531 19.18025
24.84824 7.92774 32.78144
15.28614 16.44264 3.64242
32.29111 11.49889 19.87776
32.43988 15.84773 7.22914
4.51701 13.31311 11.57947
1.72943 19.39752 21.19674
22.77314 15.20223 25.58407
26.42596 14.02131 29.56277
29.23463 2.00754 6.52656
11.92667 16.43549 23.14152
19.77317 15.12454 11.37701
4.79510 7.50522 8.19202
29.61974 2.18792 18.86725
1.51434 34.69928 25.61191
33.99181 21.95546 17.48757
24.57183 3.08271 12.25512
11.67014 6.48918 4.80923
23.27100 4.48443 6.94357
30.05218 4.93202 18.55201
7.95469 16.19199 18.47873
24.69260 23.88944 27.35243
6.01801 16.05555 21.11097
1.47364 28.06702 9.80659
6.14331 8.95112 26.10772
15.15013 28.11029 21.42128
2.60146 22.26818 30.67841
17.90796 28.63709 34.03816
17.82524 11.73865 25.10892
22.71829 23.18623 14.19053
13.73754 26.73788 33.75069
16.84804 2.13504 31.24054
29.33008 7.39420 8.96787
31.04919 13.29048 22.74060
5.43266 27.97272 27.91418
4.94439 11.29127 19.90335
17.77647 15.17185 10.20136
23.16654 11.79400 4.86705
13.03934 26.65776 21.76282
31.16404 22.53846 34.01388
16.95292 19.37471 28.54504
20.43432 21.06486 16.86035
21.54980 32.75223 29.08960
19.31011 8.65670 8.78650
28.27515 34.68502 29.34381
22.01460 2.58442 9.82195
13.52445 20.08767 15.36793
22.56615 9.15463 15.79064
29.80445 18.71283 33.50950
31.76109 24.04672 15.53156
3.71201 30.73641 8.14759
6.92120 16.04875 31.71939
23.00548 33.64811 13.18284
26.00684 15.37722 33.96423
28.48519 18.38491 13.44230
2.64125 29.62460 11.56958
14.80052 3.69667 27.57083
11.75581 32.75430 4.31312
10.62013 7.38077 2.81054
8.77752 13.60517 17.81354
4.44277 6.93666 32.13573
24.30729 15.40225 10.39059
10.67869 9.85239 9.88652
28.86792 18.38934 3.55162
14.11215 1.58888 18.46185
19.02817 7.36328 9.18616
24.86981 12.53050 13.13264
20.80056 30.30630 31.72531
16.34867 29.96104 18.05119
34.84633 21.55494 24.11917
18.09930 3.71541 9.89116
23.10444 15.83479 26.65147
18.15277 4.79922 30.69577
13.82451 12.24389 30.92739
9.45665 18.19202 6.66945
20.88429 12.60038 30.25493
5.31098 30.55272 21.55802
5.43605 4.02022 25.85008
14.00401 15.69395 33.63069
14.25726 17.97804 21.56985
6.84576 4.79875 28.86320
5.02257 18.95520 20.47379
15.46560 16.62556 26.29824
12.42881 30.68976 30.94640
22.79519 9.73810 18.96478
10.54836 33.18151 9.95238
28.97781 8.74469 28.43840
23.81650 25.22918 23.22454
7.81809 29.47439 2.63848
32.22951 2.80286 9.76615
8.78078 17.53286 12.59676
25.40290 22.66655 23.30083
26.12424 18.76519 27.37796
11.17564 29.13633 25.87442
13.93796 22.33644 33.88862
30.08433 25.18236 30.96480
2.38002 19.11477 23.04314
34.16745 32.92336 29.64116
19.24826 25.90279 20.70411
19.33722 11.82352 12.87948
24.10997 5.99593 27.05620
23.85077 20.94889 7.73558
28.98283 18.12538 6.56235
3.37461 23.88998 32.85386
12.92662 23.18662 26.76264
30.23082 29.30679 3.41674
33.76690 11.61245 10.17611
20.61877 16.19244 31.64431
20.73094 22.79033 26.18422
7.47991 18.19879 6.12580
3.73071 15.64757 15.97033
29.72082 3.18271 9.10699
27.37106 7.11355 15.64379
33.03431 15.30126 22.02795
29.32649 10.69467 3.99972
5.83383 9.56641 15.75961
11.08794 10.92105 2.95820
5.39761 9.82066 13.20423
21.82784 18.79159 10.48256
17.70389 33.83545 16.33967
26.73440 3.35994 33.53496
24.10567 2.92622 3.51826
3.92593 4.00252 33.34556
9.08551 27.52023 4.95158
18.99685 3.51218 31.38065
33.84840 29.04593 30.62281
20.04070 3.92207 33.23283
17.41619 4.87019 27.96634
22.27470 32.41642 6.44908
31.56884 19.89164 34.90521
27.18600 8.28059 29.30839
9.44548 32.75859 2.22292
26.65765 10.97157 24.25531
34.68929 17.64010 8.22284
23.45036 23.52517 26.16886
19.16782 10.48998 34.49021
34.51412 18.26624 24.35087
33.99229 21.33941 24.70179
32.59282 7.37816 29.18945
24.02881 7.82043 5.62763
23.37325 19.04690 9.87097
22.41004 4.59051 34.18714
15.88518 6.23321 1.45159
17.98604 18.35143 25.37291
34.15043 31.74636 21.65840
31.28035 21.43838 29.89342
25.79237 28.53390 30.19185
21.32679 30.51199 24.73885
28.93485 22.76611 17.85329
31.83244 26.42646 27.23615
32.62554 24.20670 7.17113
19.29391 1.01030 9.41907
13.26725 11.02863 16.33269
26.66483 33.96724 26.38450
27.12026 32.53244 8.53953
31.62755 16.28578 24.47601
3.60571 25.45605 32.65506
33.88304 30.49957 2.48286
29.22025 30.61975 22.05130
30.43460 24.26340 26.18291
10.85146 25.78906 27.04577
13.86039 7.10573 26.70724
8.23141 23.14808 9.39443
34.07352 15.10827 32.93159
29.36474 32.25124 24.65894
30.08677 3.18693 24.27511
34.04348 12.47622 1.70642
32.09505 14.45019 19.60323
30.08748 28.42142 4.27747
24.57149 12.84839 34.06227
23.46152 29.12543 22.83876
27.89543 21.88247 9.30096
5.47042 16.60467 3.11281
17.88876 32.07924 11.62774
2.08327 9.35234 25.20880
27.83745 11.80237 14.91572
11.65150 18.16314 33.54671
5.06060 33.13204 12.87548
25.43808 18.92959 3.72002
24.21852 13.00777 20.81165
18.63496 2.45234 7.03218
24.26863 8.68013 2.51281
3.67504 15.68302 32.11469
26.08896 7.80696 21.95856
24.71649 27.22910 30.51694
5.99842 21.05523 34.24090
1.95250 27.86861 22.04666
9.73025 18.84311 13.89097
21.20535 12.96675 19.33155
32.30882 13.79539 17.47527
